0.04595512	
0.05063893	
0.06077951	
0.0708961	
0.08116068	
0.09121127	
0.1013599	
0.1115564	
0.121675	
0.1318286	
0.1419802	
0.1521478	
0.1623034	
0.1724709	
0.1826385	
0.1927941	
0.2029317	
0.2130663	
0.2232389	
0.2336014	
0.243501	
0.2536856	
0.2638532	
0.2739918	
0.2841494	
0.294289	
0.3044795	
0.3146701	
0.3247807	
0.3349213	
0.3451639	
0.3552225	
0.3654341	
0.3836963	
0.3880911	
0.3982867	
0.4083833	
0.4185879	
0.4286895	
0.4388381	
0.4490406	
0.4591232	
0.4692398	
0.489173	
0.4935428	
0.5037044	
0.513796	
0.5239836	
0.5341282	
0.5442907	
0.5545143	
0.5645869	
0.5746945	
0.5851101	
0.5950327	
0.6051843	
0.6153058	
0.6255384	
0.635575	
0.6457446	
0.6559442	
0.6660398	
0.6761853	
0.6863419	
0.6965745	
0.7067111	
0.7185206	
0.7269423	
0.7371139	
0.7471924	
0.757365	
0.7675136	
0.7776802	
0.7878048	
0.7980284	
0.808133	
0.8182765	
0.8284051	
0.8385207	
0.8489303	
0.8590029	
0.8691375	
0.879323	
0.8895076	
0.8996942	
0.9098418	
0.9200314	
0.930145	
0.9403185	
0.9504991	
0.9606397	
0.9707963	
0.9818518	
0.9919954	
1.002117	
1.012222	
1.022473	
1.032526	
1.052832	
1.057263	
1.06733	
1.077498	
1.08767	
1.097768	
1.108083	
1.118106	
1.128204	
1.138344	
1.148486	
1.15865	
1.168757	
1.179105	
1.189062	
1.199166	
1.209503	
1.219536	
1.229637	
1.239799	
1.249936	
1.260106	
1.270243	
1.280403	
1.290622	
1.300724	
1.31117	
1.321133	
1.331212	
1.341367	
1.351488	
1.361682	
1.371817	
1.381964	
1.392145	
1.402245	
1.412419	
1.422594	
1.432744	
1.442881	
1.453018	
1.463171	
1.473383	
1.483524	
1.493621	
1.503794	
1.513886	
1.524082	
1.534213	
1.544378	
1.554568	
1.567356	
1.57489	
1.585051	
1.595113	
1.605259	
1.615548	
1.625638	
1.635801	
1.645979	
1.656091	
1.666271	
1.676398	
1.686765	
1.696783	
1.706851	
1.716992	
1.727184	
1.737345	
1.747443	
1.75759	
1.767798	
1.777942	
1.788092	
1.798162	
1.808305	
1.818445	
1.828577	
1.838743	
1.859018	
1.863373	
1.873557	
1.883636	
1.89383	
1.904002	
1.914116	
1.924269	
1.934417	
1.944579	
1.954804	
1.964911	
1.975056	
1.987917	
1.995501	
2.005829	
2.015672	
2.025881	
2.035992	
2.046161	
2.056298	
2.066406	
2.077005	
2.086718	
2.096847	
2.106968	
2.117097	
2.127235	
2.139394	
2.147694	
2.15773	
2.167902	
2.178047	
2.188544	
2.198299	
2.208452	
2.218616	
2.228706	
2.238867	
2.25228	
2.261973	
2.272113	
2.282213	
2.292408	
2.302618	
2.31275	
2.322914	
2.333004	
2.343211	
2.353395	
2.36353	
2.373662	
2.383878	
2.393981	
2.40412	
2.41426	
2.424427	
2.434633	
2.444736	
2.454874	
2.465248	
2.475181	
2.485349	
2.495497	
2.505615	
2.515731	
2.532503	550.173948	550.171413	551.037886	551.035351	
2.542293	550.175794	550.171413	551.039732	551.035351	
2.552399	550.178323	550.171413	551.042261	551.035351	
2.562591	550.181502	550.171413	551.045439	551.035351	
2.572751	550.185287	550.171413	551.049225	551.035351	
2.58289	550.189681	550.18014	551.053619	551.035351	
2.593055	550.194707	550.18014	551.058645	551.035351	
2.603222	550.200353	550.18014	551.064291	551.035351	
2.613319	550.206573	550.18014	551.070511	551.035351	
2.623471	550.213444	550.18014	551.077382	551.035351	
2.643067	550.229579	550.188867	551.093517	551.052805	
2.647658	550.233267	550.197593	551.097205	551.052805	
2.657834	550.24226	550.197593	551.106198	551.061531	
2.668034	550.25189	550.20632	551.115828	551.070258	
2.678511	550.262453	550.215047	551.12639	551.087711	
2.688319	550.2729	550.215047	551.136838	551.105165	
2.698436	550.284293	550.223773	551.148231	551.122618	
2.708582	550.296342	550.2325	551.16028	551.140071	
2.718716	550.309042	550.2325	551.17298	551.157524	
2.728907	550.322341	550.249953	551.186279	551.174978	
2.739097	550.336318	550.25868	551.200256	551.192431	
2.749206	550.350777	550.267407	551.214715	551.209884	
2.759425	550.366032	550.293587	551.22997	551.218611	
2.769535	550.381731	550.31104	551.245669	551.236064	
2.780167	550.398945	550.33722	551.262883	551.244791	
2.790301	550.415939	550.354673	551.279877	551.262244	
2.800517	550.43371	550.38958	551.297648	551.270971	
2.810743	550.452127	550.41576	551.316065	551.279698	
2.820795	550.470825	550.441939	551.334763	551.297151	
2.83099	550.490427	550.468119	551.354365	551.314604	
2.8413	550.510894	550.494299	551.374832	551.332057	
2.861318	550.553605	550.546659	551.417543	551.375691	
2.865874	550.56323	550.555386	551.427168	551.384417	
2.876012	550.585454	550.581566	551.449392	551.410597	
2.886196	550.608411	550.599019	551.472349	551.436777	
2.896375	550.631955	550.625199	551.495893	551.462957	
2.906588	550.656227	550.642652	551.520165	551.489137	
2.916689	550.680828	550.660106	551.544766	551.524044	
2.926836	550.706179	550.677559	551.570117	551.550224	
2.938948	550.737378	550.703739	551.601316	551.58513	
2.947164	550.758836	550.721192	551.622774	551.61131	
2.957309	550.786021	550.738645	551.649959	551.646217	
2.967442	550.813786	550.756099	551.677724	551.672397	
2.977665	550.842443	550.782279	551.706381	551.698577	
2.987806	550.871481	550.808459	551.735419	551.733483	
3.005797	550.925353	550.834639	551.789291	551.777116	
3.010339	550.938873	550.878272	551.802811	551.79457	
3.030851	551.003562	550.948085	551.8675	551.855656	
3.035727	551.019139	550.965538	551.883077	551.864383	
3.045827	551.051258	551.009172	551.915196	551.899289	
3.056262	551.085437	551.052805	551.949375	551.925469	
3.066359	551.119091	551.096438	551.983029	551.960376	
3.076582	551.153799	551.140071	552.017737	551.986556	
3.087034	551.189962	551.174978	552.0539	552.021462	
3.096848	551.224466	551.218611	552.088404	552.056369	
3.107007	551.260812	551.262244	552.12475	552.091276	
3.117127	551.29764	551.297151	552.161578	552.134909	
3.127259	551.335128	551.340784	552.199066	552.169815	
3.137468	551.373521	551.375691	552.237459	552.213449	
3.149072	551.418044	551.419324	552.281982	552.257082	
3.158872	551.456129	551.45423	552.320067	552.300715	
3.169017	551.496196	551.489137	552.360134	552.344348	
3.179127	551.53674	551.524044	552.400678	552.387982	
3.189333	551.578318	551.55895	552.442256	552.422888	
3.199487	551.620289	551.593857	552.484227	552.466521	
3.209696	551.663092	551.628763	552.52703	552.501428	
3.219801	551.706082	551.66367	552.57002	552.545061	
3.229931	551.749812	551.698577	552.61375	552.588694	
3.240112	551.794359	551.74221	552.658297	552.632328	
3.251756	551.846242	551.785843	552.71018	552.675961	
3.261885	551.891847	551.838203	552.755785	552.719594	
3.27207	551.938378	551.873109	552.802316	552.763227	
3.282211	551.985315	551.925469	552.849253	552.806861	
3.29231	552.032686	551.977829	552.896624	552.850494	
3.302524	552.081222	552.030189	552.94516	552.894127	
3.312691	552.130143	552.082549	552.994081	552.946487	
3.322906	552.179933	552.134909	553.043871	552.99012	
3.333014	552.229801	552.187269	553.093739	553.04248	
3.343149	552.280445	552.248355	553.144383	553.09484	
3.354496	552.337972	552.309442	553.20191	553.1472	
3.364584	552.389611	552.361802	553.253549	553.19956	
3.374756	552.442513	552.422888	553.306451	553.25192	
3.384924	552.495671	552.475248	553.359609	553.304279	
3.395013	552.549219	552.536335	553.413157	553.365366	
3.405213	552.603957	552.588694	553.467895	553.417726	
3.415338	552.659208	552.649781	553.523146	553.478812	
3.425547	552.714964	552.702141	553.578902	553.531172	
3.435667	552.771135	552.763227	553.635073	553.592259	
3.445879	552.828463	552.815587	553.692401	553.653345	
3.457263	552.893168	552.867947	553.757106	553.714432	
3.467373	552.951179	552.920307	553.815117	553.775518	
3.47751	553.009973	552.981394	553.873911	553.827878	
3.487687	553.069657	553.033753	553.933595	553.897691	
3.497847	553.129818	553.09484	553.993756	553.950051	
3.508194	553.191766	553.1472	554.055704	554.019864	
3.51812	553.251736	553.19956	554.115674	554.072224	
3.5283	553.313894	553.260646	554.177832	554.142038	
3.538381	553.376068	553.321733	554.240006	554.194397	
3.548689	553.440273	553.391546	554.304211	554.264211	
3.560149	553.512532	553.461359	554.37647	554.334024	
3.570245	553.576665	553.522446	554.440603	554.39511	
3.580398	553.641813	553.583532	554.505751	554.456197	
3.590573	553.707749	553.653345	554.571687	554.52601	
3.600706	553.774015	553.723158	554.637953	554.587096	
3.61112	553.842851	553.792972	554.706789	554.65691	
3.621066	553.909043	553.862785	554.772981	554.717996	
3.631192	553.977128	553.932598	554.841066	554.787809	
3.641501	554.047094	554.002411	554.911032	554.857623	
3.651502	554.11552	554.072224	554.979458	554.927436	
3.662981	554.194987	554.150764	555.058925	554.997249	
3.673123	554.265704	554.229304	555.129642	555.067062	
3.683454	554.338407	554.299117	555.202345	555.145602	
3.693398	554.408939	554.36893	555.272877	555.215415	
3.703518	554.481376	554.438743	555.345314	555.285228	
3.713725	554.555093	554.508557	555.419031	555.363768	
3.723855	554.628809	554.57837	555.492747	555.433581	
3.733985	554.703147	554.648183	555.567085	555.503394	
3.744149	554.778371	554.726723	555.642309	555.581934	
3.75425	554.853739	554.796536	555.717677	555.660474	
3.766192	554.943841	554.875076	555.807779	555.74774	
3.776028	555.018433	554.953616	555.882371	555.82628	
3.786118	555.095671	555.023429	555.959609	555.90482	
3.796258	555.173863	555.101969	556.037801	555.992087	
3.806359	555.252428	555.180508	556.116366	556.070626	
3.816599	555.332629	555.259048	556.196567	556.149166	
3.826811	555.413298	555.346315	556.277236	556.236433	
3.83689	555.493491	555.424855	556.357429	556.306246	
3.846993	555.57448	555.503394	556.438418	556.393512	
3.857285	555.657682	555.590661	556.52162	556.480779	
3.869078	555.753893	555.677927	556.617831	556.568045	
3.878901	555.834467	555.765194	556.698405	556.655312	
3.889069	555.91857	555.85246	556.782508	556.733851	
3.899155	556.002561	555.939727	556.866499	556.821118	
3.909748	556.091541	556.026993	556.955479	556.908384	
3.919518	556.174101	556.11426	557.038039	556.986924	
3.929682	556.260665	556.201526	557.124603	557.074191	
3.939831	556.347641	556.297519	557.211579	557.161457	
3.949936	556.43493	556.393512	557.298868	557.248724	
3.960175	556.523982	556.480779	557.38792	557.33599	
3.971781	556.625771	556.585498	557.489709	557.44071	
3.98338	556.728413	556.672765	557.592351	557.527976	
3.992117	556.80593	556.760031	557.669868	557.615243	
4.002179	556.895974	556.856024	557.759912	557.702509	
4.012319	556.987334	556.943291	557.851272	557.798502	
4.022519	557.079871	557.030557	557.943809	557.894495	
4.032692	557.172811	557.117824	558.036749	557.981762	
4.042907	557.266669	557.213817	558.130607	558.086482	
4.052985	557.359928	557.301083	558.223866	558.182475	
4.063117	557.454305	557.38835	558.318243	558.278468	
4.07457	557.561914	557.49307	558.425852	558.383188	
4.084664	557.657174	557.589063	558.521112	558.470454	
4.094823	557.754033	557.685056	558.617971	558.575174	
4.10495	557.850617	557.781049	558.714555	558.671167	
4.11506	557.947891	557.877042	558.811829	558.76716	
4.125514	558.0492	557.981762	558.913138	558.863153	
4.135678	558.148331	558.086482	559.012269	558.959146	
4.14583	558.247932	558.191201	559.11187	559.055139	
4.155937	558.347704	558.287194	559.211642	559.151132	
4.166043	558.448079	558.391914	559.312017	559.247126	
4.177316	558.560897	558.505361	559.424835	559.351845	
4.187425	558.662528	558.61008	559.526466	559.447838	
4.197544	558.764935	558.7148	559.628873	559.552558	
4.207687	558.868223	558.81952	559.732161	559.648551	
4.218039	558.974299	558.92424	559.838237	559.753271	
4.228077	559.077743	559.028959	559.941681	559.857991	
4.238171	559.182377	559.133679	560.046315	559.953984	
4.248349	559.288485	559.238399	560.152423	560.058704	
4.258425	559.394104	559.343119	560.258042	560.163423	
4.268798	559.503566	559.456565	560.367504	560.27687	
4.280296	559.625686	559.578738	560.489623	560.390316	
4.290362	559.733181	559.683458	560.597119	560.503763	
4.300506	559.842118	559.788178	560.706056	560.617209	
4.310637	559.951488	559.892897	560.815426	560.730655	
4.320838	560.062327	559.997617	560.926265	560.844102	
4.331053	560.173868	560.111064	561.037806	560.948822	
4.349287	560.375543	560.215783	561.239481	561.158261	
4.35389	560.426317	560.35541	561.290255	561.210621	
4.363998	560.538729	560.460129	561.402667	561.324067	
4.374161	560.652351	560.582302	561.516289	561.437514	
4.384413	560.767646	560.687022	561.631584	561.55096	
4.394565	560.882399	560.800469	561.746337	561.673133	
4.404677	560.997278	560.913915	561.861216	561.78658	
4.414855	561.113945	561.036088	561.977883	561.900026	
4.42497	561.229744	561.149534	562.093681	562.022199	
4.43518	561.34763	561.262981	562.211568	562.135645	
4.445326	561.466084	561.385154	562.330022	562.257819	
4.455534	561.58455	561.507327	562.448488	562.379992	
4.465718	561.704002	561.620773	562.56794	562.493438	
4.475865	561.823731	561.73422	562.687669	562.615611	
4.488635	561.975408	561.882573	562.839346	562.755237	
4.498325	562.090875	561.996019	562.954812	562.87741	
4.508318	562.21061	562.118192	563.074548	562.990857	
4.518461	562.332326	562.240365	563.196264	563.11303	
4.52882	562.456682	562.362538	563.32062	563.235203	
4.538926	562.57793	562.484711	563.441868	563.357376	
4.548997	562.698794	562.606884	563.562732	563.488276	
4.559187	562.821062	562.729057	563.685	563.610449	
4.569427	562.943942	562.868684	563.80788	563.732622	
4.588916	563.177894	563.104303	564.041832	563.976968	
4.593757	563.235962	563.16539	564.0999	564.029328	
4.603681	563.354966	563.287563	564.218904	564.160227	
4.613827	563.47673	563.418462	564.340668	564.2824	
4.623983	563.598578	563.549362	564.462516	564.404574	
4.634126	563.720366	563.671535	564.584304	564.535473	
4.64429	563.842274	563.793708	564.706212	564.657646	
4.654445	563.964122	563.924608	564.82806	564.788546	
4.664625	564.086354	564.055508	564.950292	564.910719	
4.674776	564.208118	564.177681	565.072056	565.032892	
4.687367	564.35933	564.299854	565.223268	565.163792	
4.695112	564.452234	564.422027	565.316172	565.285965	
4.705257	564.573902	564.5442	565.43784	565.408138	
4.715424	564.695882	564.666373	565.55982	565.530311	
4.725601	564.818018	564.788546	565.681956	565.652484	
4.735783	564.941222	564.910719	565.80516	565.76593	
4.745841	565.060898	565.032892	565.924836	565.888103	
4.756022	565.183082	565.155065	566.04702	566.00155	
4.7662	565.305218	565.277238	566.169156	566.114996	
4.776347	565.42697	565.390685	566.290908	566.228443	
4.786422	565.547906	565.504131	566.411844	566.341889	
4.796678	565.670954	565.626304	566.534892	566.464062	
4.806879	565.793402	565.748477	566.65734	566.577508	
4.816974	565.914518	565.853197	566.778456	566.690955	
4.827107	566.036078	565.97537	566.900016	566.813128	
4.837336	566.158874	566.097543	567.022812	566.926574	
4.847404	566.279666	566.210989	567.143604	567.040021	
4.858864	566.417258	566.341889	567.281196	567.179647	
4.8681	566.528018	566.446609	567.391956	567.293093	
4.878136	566.648426	566.568782	567.512364	567.40654	
4.888662	566.77481	566.690955	567.638748	567.53744	
4.898494	566.892746	566.813128	567.756684	567.659613	
4.908936	567.018062	566.935301	567.882	567.790512	
4.919073	567.139682	567.048747	568.00362	567.912685	
4.929176	567.26093	567.17092	568.124868	568.034858	
4.939759	567.387938	567.30182	568.251876	568.174485	
4.949556	567.505502	567.423993	568.36944	568.296658	
4.959751	567.62783	567.546166	568.491768	568.418831	
4.969917	567.74987	567.668339	568.613808	568.54973	
4.980008	567.870878	567.790512	568.734816	568.68063	
4.990201	567.993218	567.912685	568.857156	568.802803	
5.000404	568.115666	568.034858	568.979604	568.933703	
5.010522	568.23707	568.165758	569.101008	569.055876	
5.030809	568.480946	568.418831	569.344884	569.300222	
5.03561	568.540982	568.471191	569.40492	569.361309	
5.045651	568.658582	568.593364	569.52252	569.483482	
5.055772	568.780058	568.724263	569.643996	569.605655	
5.065962	568.902326	568.83771	569.766264	569.727828	
5.076085	569.023802	568.977336	569.88774	569.850001	
5.086177	569.14499	569.099509	570.008928	569.972174	
5.098302	569.29055	569.221682	570.154488	570.094347	
5.106625	569.390306	569.343855	570.254244	570.21652	
5.116695	569.511134	569.466028	570.375072	570.338693	
5.126937	569.634494	569.588201	570.498432	570.452139	
5.136992	569.754686	569.701648	570.618624	570.574312	
5.14733	569.87879	569.823821	570.742728	570.696485	
5.157332	569.998802	569.945994	570.86274	570.818659	
5.167473	570.120458	570.05944	570.984396	570.932105	
5.177674	570.24287	570.19034	571.106808	571.054278	
5.187795	570.364334	570.303786	571.228272	571.176451	
5.207128	570.596426	570.425959	571.460364	571.403344	
5.212074	570.655694	570.600492	571.519632	571.455704	
5.222198	570.777194	570.722665	571.641132	571.577877	
5.233269	570.910082	570.862292	571.77402	571.708776	
5.243346	571.030934	570.984465	571.894872	571.830949	
5.253464	571.152362	571.106638	572.0163	571.944396	
5.263598	571.27397	571.228811	572.137908	572.066569	
5.273749	571.395782	571.350984	572.25972	572.188742	
5.283872	571.517222	571.481884	572.38116	572.302188	
5.294015	571.638974	571.604057	572.502912	572.424361	
5.306864	571.793246	571.72623	572.657184	572.572714	
5.314669	571.886894	571.848403	572.750832	572.659981	
5.324485	572.004626	571.970576	572.868564	572.782154	
5.334642	572.126486	572.084022	572.990424	572.904327	
5.344759	572.247914	572.206195	573.111852	573.0265	
5.355035	572.371226	572.328368	573.235164	573.148673	
5.36517	572.492822	572.450541	573.35676	573.270846	
5.375412	572.615774	572.572714	573.479712	573.401746	
5.385567	572.73761	572.686161	573.601548	573.523919	
5.395855	572.861102	572.808334	573.72504	573.654819	
5.408503	573.012926	572.92178	573.876864	573.776992	
5.416276	573.106178	573.043953	573.970116	573.899165	
5.426135	573.224426	573.1574	574.088364	574.021338	
5.436265	573.345974	573.270846	574.209912	574.143511	
5.446419	573.467834	573.393019	574.331772	574.27441	
5.45702	573.595058	573.515192	574.458996	574.396583	
5.466704	573.71129	573.637365	574.575228	574.527483	
5.476833	573.832814	573.759538	574.696752	574.649656	
5.488761	573.975962	573.899165	574.8399	574.789283	
5.498956	574.09835	574.012611	574.962288	574.911456	
5.511297	574.246466	574.134784	575.110404	575.033629	
5.519212	574.341434	574.256957	575.205372	575.155802	
5.529446	574.46417	574.37913	575.328108	575.277975	
5.539527	574.585106	574.51003	575.449044	575.400148	
5.549657	574.706666	574.632203	575.570604	575.522321	
5.560073	574.831682	574.754376	575.69562	575.644494	
5.570182	574.95299	574.876549	575.816928	575.766667	
5.580356	575.075102	575.007449	575.93904	575.880113	
5.590528	575.197118	575.129622	576.061056	576.002286	
5.600675	575.318906	575.260521	576.182844	576.124459	
5.612634	575.462534	575.382695	576.326472	576.237906	
5.621321	575.56673	575.504868	576.430668	576.360079	
5.631128	575.684342	575.627041	576.54828	576.482252	
5.641302	575.80643	575.749214	576.670368	576.613152	
5.651423	575.927858	575.880113	576.791796	576.726598	
5.661614	576.050198	576.002286	576.914136	576.857498	
5.671776	576.17213	576.124459	577.036068	576.979671	
5.681931	576.293954	576.246632	577.157892	577.101844	
5.692088	576.415886	576.368806	577.279824	577.224017	
5.70223	576.537614	576.490979	577.401552	577.354917	
5.71245	576.660218	576.613152	577.524156	577.47709	
5.724835	576.808934	576.726598	577.672872	577.625443	
5.732698	576.903158	576.857498	577.767096	577.721436	
5.742819	577.02461	576.979671	577.888548	577.843609	
5.75296	577.146314	577.101844	578.010252	577.965782	
5.763183	577.269002	577.224017	578.13294	578.087955	
5.773284	577.39019	577.34619	578.254128	578.210128	
5.783471	577.51247	577.468363	578.376408	578.323574	
5.793695	577.635146	577.590536	578.499084	578.445747	
5.803755	577.755854	577.712709	578.619792	578.559194	
5.813941	577.87811	577.834882	578.742048	578.681367	
5.824416	578.003906	577.948329	578.867844	578.794813	
5.834301	578.122418	578.070502	578.986356	578.90826	
5.84444	578.243152	578.192675	579.10709	579.030433	
5.854815	578.370172	578.314848	579.23411	579.143879	
5.864767	578.483442	578.437021	579.34738	579.266052	
5.874926	578.602518	578.559194	579.466456	579.379498	
5.885015	578.720236	578.681367	579.584174	579.501672	
5.895265	578.839189	578.80354	579.703127	579.623845	
5.905527	578.957628	578.916986	579.821566	579.746018	
5.915772	579.076202	579.030433	579.94014	579.868191	
5.925875	579.19074	579.152606	580.054678	579.99909	
5.936062	579.306458	579.266052	580.170396	580.112537	
5.946151	579.42048	579.379498	580.284418	580.23471	
5.956284	579.53433	579.492945	580.398268	580.356883	
5.966598	579.649696	579.606391	580.513634	580.479056	
5.976606	579.760941	579.711111	580.624879	580.601229	
5.988553	579.892947	579.824557	580.756885	580.740855	
5.996881	579.984523	579.938004	580.848461	580.836848	
6.006991	580.095121	580.042724	580.959058	580.950295	
6.017509	580.209551	580.15617	581.073489	581.055015	
6.03597	580.407818	580.278343	581.271756	581.264454	
6.040591	580.457438	580.409243	581.321376	581.316814	
6.050735	580.565726	580.522689	581.429664	581.421534	
6.06087	580.673337	580.636136	581.537275	581.526253	
6.07115	580.781925	580.740855	581.645863	581.630973	
6.081234	580.887708	580.863028	581.751646	581.735693	
6.091376	580.993494	580.967748	581.857432	581.840413	
6.101555	581.0991	581.072468	581.963038	581.936406	
6.111661	581.203351	581.185914	582.067289	582.041126	
6.124469	581.334448	581.290634	582.198386	582.137119	
6.132054	581.411741	581.395354	582.275679	582.241838	
6.142189	581.514384	581.500074	582.378322	582.346558	
6.152396	581.617223	581.604793	582.481161	582.442551	
6.162491	581.718241	581.700786	582.582179	582.547271	
6.172691	581.819725	581.805506	582.683663	582.643264	
6.182844	581.920139	581.892773	582.784077	582.747984	
6.193027	582.02025	581.997492	582.884187	582.843977	
6.203229	582.119867	582.093485	582.983805	582.948697	
6.213343	582.218019	582.189479	583.081957	583.04469	
6.223643	582.317481	582.276745	583.181419	583.14941	
6.233774	582.414563	582.372738	583.278501	583.254129	
6.243837	582.510345	582.468731	583.374283	583.350123	
6.253998	582.606537	582.555998	583.470475	583.454842	
6.264255	582.70298	582.651991	583.566918	583.550835	
6.274325	582.797084	582.747984	583.661022	583.646829	
6.284496	582.891494	582.843977	583.755432	583.742822	
6.294651	582.98516	582.93997	583.849098	583.838815	
6.304823	583.078357	583.027237	583.942295	583.934808	
6.315025	583.171217	583.131956	584.035155	584.022074	
6.32514	583.262669	583.227949	584.126607	584.118067	
6.335665	583.357235	583.323943	584.221173	584.214061	
6.345589	583.445686	583.419936	584.309624	584.301327	
6.355691	583.535175	583.515929	584.399113	584.379867	
6.365855	583.624604	583.620649	584.488542	584.467133	
6.375922	583.712623	583.707915	584.576561	584.545673	
6.386132	583.801172	583.803908	584.66511	584.63294	
6.396268	583.888521	583.891175	584.752459	584.720206	
6.406402	583.975242	583.987168	584.83918	584.790019	
6.416613	584.061999	584.074434	584.925937	584.877286	
6.427046	584.15003	584.161701	585.013968	584.964552	
6.437739	584.239547	584.24024	585.103485	585.051819	
6.447565	584.321193	584.31878	585.185131	585.130358	
6.457772	584.405401	584.406047	585.269338	585.208898	
6.46786	584.488041	584.47586	585.351979	585.304891	
6.478458	584.574199	584.5544	585.438137	585.383431	
6.490055	584.667658	584.641666	585.531596	585.488151	
6.49832	584.733879	584.702753	585.597817	585.557964	
6.508375	584.813796	584.781293	585.677734	585.645231	
6.518518	584.893838	584.859832	585.757776	585.732497	
6.528798	584.974329	584.929646	585.838267	585.811037	
6.547345	585.117087	585.060545	585.981025	585.95939	
6.556687	585.188674	585.139085	586.052612	586.03793	
6.566782	585.265398	585.208898	586.129336	586.116469	
6.57691	585.3418	585.296165	586.205738	586.195009	
6.587335	585.419818	585.374704	586.283756	586.273549	
6.597227	585.493217	585.453244	586.357155	586.352089	
6.607374	585.567935	585.523057	586.431873	586.430629	
6.617531	585.642106	585.610324	586.506044	586.500442	
6.627622	585.715185	585.688864	586.579123	586.570255	
6.637793	585.788256	585.767404	586.652194	586.640068	
6.656918	585.922991	585.898303	586.786929	586.770968	
6.665462	585.982938	585.976843	586.846876	586.832054	
6.675569	586.053266	586.046656	586.917204	586.893141	
6.685916	586.124628	586.116469	586.988566	586.962954	
6.695885	586.192805	586.186283	587.056743	587.024041	
6.70606	586.261737	586.256096	587.125675	587.093854	
6.716157	586.329559	586.325909	587.193497	587.163667	
6.726347	586.397414	586.395722	587.261352	587.23348	
6.736564	586.464804	586.456809	587.328742	587.303293	
6.747026	586.533179	586.517895	587.397117	587.36438	
6.759816	586.615702	586.596435	587.47964	587.451646	
6.769996	586.680827	586.657521	587.544765	587.521459	
6.780149	586.745157	586.709881	587.609095	587.582546	
6.790282	586.808772	586.770968	587.67271	587.652359	
6.800447	586.871989	586.823328	587.735927	587.722172	
6.810648	586.934806	586.884414	587.798744	587.791985	
6.820772	586.996539	586.945501	587.860477	587.853072	
6.830983	587.058428	587.006587	587.922366	587.914159	
6.841143	587.118935	587.067674	587.982873	587.983972	
6.851306	587.179082	587.12876	588.04302	588.036332	
6.872514	587.301277	587.250933	588.165215	588.167231	
6.881179	587.351005	587.31202	588.214943	588.219591	
6.891302	587.408519	587.381833	588.272457	588.280678	
6.901434	587.465467	587.44292	588.329405	588.333038	
6.911641	587.522252	587.512733	588.38619	588.394124	
6.921829	587.578282	587.573819	588.44222	588.446484	
6.931945	587.63333	587.634906	588.497268	588.498844	
6.942112	587.68805	587.687266	588.551988	588.55993	
6.95229	587.742208	587.748352	588.606146	588.61229	
6.962429	587.795569	587.809439	588.659507	588.66465	
6.980323	587.887475	587.896705	588.751413	588.751917	
6.989147	587.932536	587.949065	588.796474	588.79555	
6.999169	587.983076	588.001425	588.847014	588.839183	
7.021642	588.095634	588.071238	588.959572	588.92645	
7.029915	588.132837	588.132325	588.996775	588.996263	
7.040061	588.181604	588.175958	589.045542	589.039896	
7.050214	588.229779	588.219591	589.093717	589.092256	
7.060342	588.277235	588.263224	589.141173	589.144616	
7.070534	588.324384	588.306858	589.188322	589.188249	
7.089016	588.407471	588.376671	589.271409	589.275515	
7.098085	588.447954	588.411577	589.311892	589.319149	
7.108425	588.493503	588.455211	589.357441	589.362782	
7.118295	588.536382	588.490117	589.40032	589.397688	
7.139921	588.626944	588.542477	589.490882	589.502408	
7.144575	588.646496	588.61229	589.510434	589.519861	
7.154696	588.68833	588.66465	589.552268	589.563495	
7.172823	588.760915	588.71701	589.624853	589.633308	
7.177408	588.779341	588.778097	589.643279	589.650761	
7.197338	588.856213	588.82173	589.720151	589.729301	
7.202267	588.87527	588.891543	589.739208	589.746754	
7.212386	588.913683	588.943903	589.777621	589.781661	
7.222553	588.951676	588.996263	589.815614	589.816567	
7.23271	588.989046	589.039896	589.852984	589.860201	
7.24285	589.025735	589.083529	589.889673	589.895107	
7.25304	589.062018	589.118436	589.925956	589.93874	
7.263207	589.097616	589.153342	589.961554	589.973647	
7.273377	589.132635	589.179522	589.996573	590.008554	
7.283622	589.1673	589.205702	590.031238	590.04346	
7.293655	589.200657	589.223155	590.064595	590.078367	
7.304007	589.234471	589.249335	590.098409	590.113273	
7.314189	589.267086	589.275515	590.131024	590.139453	
7.324289	589.298868	589.292969	590.162806	590.17436	
7.334465	589.330306	589.310422	590.194244	590.20054	
7.344918	589.361965	589.336602	590.225903	590.235446	
7.354816	589.391362	589.354055	590.2553	590.261626	
7.365712	589.423038	589.380235	590.286976	590.287806	
7.375137	589.45005	589.397688	590.313988	590.30526	
7.385266	589.478265	589.432595	590.342203	590.340166	
7.396085	589.507827	589.458775	590.371765	590.366346	
7.410447	589.545738	589.502408	590.409676	590.401253	
7.420502	589.571799	589.537315	590.435737	590.427433	
7.430094	589.596145	589.572221	590.460083	590.444886	
7.440314	589.62148	589.607128	590.485418	590.479793	
7.450377	589.645859	589.642034	590.509797	590.497246	
7.460607	589.670039	589.668214	590.533977	590.523426	
7.470742	589.693407	589.703121	590.557345	590.549606	
7.480986	589.716429	589.729301	590.580367	590.575786	
7.491695	589.73983	589.764208	590.603768	590.601966	
7.501782	589.761308	589.799114	590.625246	590.619419	
7.520098	589.797996	589.834021	590.661934	590.663052	
7.529241	589.816053	589.860201	590.67999	590.689232	
7.53946	589.835626	589.877654	590.699564	590.706685	
7.549504	589.854305	589.895107	590.718243	590.724139	
7.55999	589.873181	589.912561	590.737119	590.750319	
7.570121	589.890847	589.921287	590.754785	590.767772	
7.580443	589.908251	589.93874	590.772188	590.785225	
7.590439	589.924545	589.93874	590.788483	590.802678	
7.600588	589.940522	589.947467	590.80446	590.811405	
7.610733	589.955918	589.956194	590.819856	590.828858	
7.629949	589.982564	589.96492	590.846502	590.846312	
7.638539	589.994313	589.973647	590.858251	590.855038	
7.648678	590.007581	589.973647	590.871519	590.863765	
7.658781	590.020249	589.982374	590.884187	590.872492	
7.668985	590.032482	589.9911	590.89642	590.881218	
7.679154	590.044108	589.999827	590.908045	590.881218	
7.689288	590.055149	590.008554	590.919087	590.889945	
7.707296	590.07265	590.026007	590.936588	590.898672	
7.711832	590.077108	590.04346	590.941046	590.898672	
7.722031	590.086454	590.052187	590.950392	590.898672	
7.738903	590.100123	590.078367	590.964061	590.916125	
7.747968	590.107232	590.087093	590.97117	590.924851	
7.758082	590.11462	590.09582	590.978558	590.933578	
7.768162	590.121478	590.113273	590.985416	590.951031	
7.778639	590.128052	590.122	590.99199	590.959758	
7.788455	590.133753	590.130727	590.997691	590.968485	
7.798598	590.13914	590.139453	591.003078	590.985938	
7.808751	590.144043	590.14818	591.007981	591.003391	
7.818859	590.14845	590.165633	591.012388	591.020845	
7.829061	590.152423	590.165633	591.016361	591.029571	
7.848202	590.157859	590.17436	591.021797	591.038298	
7.857325	590.160348	590.183087	591.024286	591.047025	
7.868885	590.162945	590.183087	591.026883	591.038298	
7.877555	590.164677	590.183087	591.028615	591.038298	
7.887695	590.166332	590.17436	591.03027	591.038298	
7.905786	590.171413	590.17436	591.035351	591.038298	
7.910379	590.171413	590.165633	591.035351	591.029571	
7.920569	590.171413	590.165633	591.035351	591.029571	
7.930648	590.171413	590.165633	591.035351	591.020845	
7.940858	590.171413	590.165633	591.035351	591.020845	
7.957694	590.171413	590.165633	591.035351	591.020845	
7.974563	590.171413	590.165633	591.035351	591.020845	
7.979238	590.171413	590.165633	591.035351	591.020845	
7.990759	590.171413	590.165633	591.035351	591.020845	
7.999952	590.171413	590.165633	591.035351	591.020845	
8.009634	590.171413	590.165633	591.035351	591.020845	
8.019744	590.171413	590.165633	591.035351	591.020845	
8.029923	590.171413	590.165633	591.035351	591.020845	
8.040047	590.171413	590.165633	591.035351	591.020845	
8.050265	590.171413	590.165633	591.035351	591.020845	
8.06041	590.171413	590.165633	591.035351	591.020845	
8.070563	590.171413	590.165633	591.035351	591.020845	
8.08074	590.171413	590.165633	591.035351	591.020845	
8.090899	590.171413	590.165633	591.035351	591.020845	
8.101049	590.171413	590.165633	591.035351	591.020845	
8.111284	590.171413	590.165633	591.035351	591.020845	
8.121404	590.171413	590.165633	591.035351	591.020845	
8.131545	590.171413	590.165633	591.035351	591.020845	
8.141715	590.171413	590.165633	591.035351	591.020845	
8.151859	590.171413	590.165633	591.035351	591.020845	
8.162063	590.171413	590.165633	591.035351	591.020845	
8.172183	590.171413	590.165633	591.035351	591.020845	
8.182341	590.171413	590.165633	591.035351	591.020845	
8.192518	590.171413	590.165633	591.035351	591.020845	
8.202695	590.171413	590.165633	591.035351	591.020845	
8.212865	590.171413	590.165633	591.035351	591.020845	
8.223012	590.171413	590.165633	591.035351	591.020845	
8.233193	590.171413	590.165633	591.035351	591.020845	
8.243377	590.171413	590.165633	591.035351	591.020845	
8.253525	590.171413	590.165633	591.035351	591.020845	
8.263683	590.171413	590.165633	591.035351	591.020845	
8.273911	590.171413	590.165633	591.035351	591.020845	
8.283996	590.171413	590.165633	591.035351	591.020845	
8.294148	590.171413	590.165633	591.035351	591.020845	
8.304348	590.171413	590.165633	591.035351	591.020845	
8.314489	590.171413	590.165633	591.035351	591.020845	
8.324608	590.171413	590.165633	591.035351	591.020845	
8.334779	590.171413	590.165633	591.035351	591.020845	
8.344937	590.171413	590.165633	591.035351	591.020845	
8.355072	590.171413	590.165633	591.035351	591.020845	
8.365218	590.171413	590.165633	591.035351	591.020845	
8.375415	590.171413	590.165633	591.035351	591.020845	
8.385536	590.171413	590.165633	591.035351	591.020845	
8.395682	590.171413	590.165633	591.035351	591.020845	
8.40583	590.171413	590.165633	591.035351	591.020845	
8.415974	590.171413	590.165633	591.035351	591.020845	
8.426191	590.171413	590.165633	591.035351	591.020845	
8.436282	590.171413	590.165633	591.035351	591.020845	
8.446408	590.171413	590.165633	591.035351	591.020845	
8.456646	590.171413	590.165633	591.035351	591.020845	
8.466803	590.171413	590.165633	591.035351	591.020845	
8.476889	590.171413	590.165633	591.035351	591.020845	
8.488858	590.171413	590.165633	591.035351	591.020845	
8.4972	590.171413	590.165633	591.035351	591.020845	
8.50739	590.171413	590.165633	591.035351	591.020845	
8.51749	590.171413	590.165633	591.035351	591.020845	
8.527697	590.171413	590.165633	591.035351	591.020845	
8.537963	590.171413	590.165633	591.035351	591.020845	
8.548432	590.171413	590.165633	591.035351	591.020845	
8.558271	590.171413	590.165633	591.035351	591.020845	
8.568364	590.171413	590.165633	591.035351	591.020845	
8.578449	590.171413	590.165633	591.035351	591.020845	
8.588576	590.171413	590.165633	591.035351	591.020845	
8.598792	590.171413	590.165633	591.035351	591.020845	
8.608901	590.171413	590.165633	591.035351	591.020845	
8.619004	590.171413	590.165633	591.035351	591.020845	
8.629145	590.171413	590.165633	591.035351	591.020845	
8.639315	590.171413	590.165633	591.035351	591.020845	
8.657749	590.171413	590.165633	591.035351	591.020845	
8.662316	590.171413	590.165633	591.035351	591.020845	
8.672504	590.171413	590.165633	591.035351	591.020845	
8.682627	590.171413	590.165633	591.035351	591.020845	
8.692766	590.171413	590.165633	591.035351	591.020845	
8.702977	590.171413	590.165633	591.035351	591.020845	
8.713137	590.171413	590.165633	591.035351	591.020845	
8.723726	590.171413	590.165633	591.035351	591.020845	
8.733488	590.171413	590.165633	591.035351	591.020845	
8.74359	590.171413	590.165633	591.035351	591.020845	
8.761664	590.171413	590.165633	591.035351	591.020845	
8.766232	590.171413	590.165633	591.035351	591.020845	
8.7764	590.171413	590.165633	591.035351	591.020845	
8.786584	590.171413	590.165633	591.035351	591.020845	
8.796675	590.171413	590.165633	591.035351	591.020845	
8.806813	590.171413	590.165633	591.035351	591.020845	
8.816965	590.171413	590.165633	591.035351	591.020845	
8.827114	590.171413	590.165633	591.035351	591.020845	
8.837265	590.171413	590.165633	591.035351	591.020845	
8.847407	590.171413	590.165633	591.035351	591.020845	
8.857549	590.171413	590.165633	591.035351	591.020845	
8.867701	590.171413	590.165633	591.035351	591.020845	
8.87791	590.171413	590.165633	591.035351	591.020845	
8.888087	590.171413	590.165633	591.035351	591.020845	
8.898139	590.171413	590.165633	591.035351	591.020845	
8.908298	590.171413	590.165633	591.035351	591.020845	
8.918433	590.171413	590.165633	591.035351	591.020845	
8.928606	590.171413	590.165633	591.035351	591.020845	
8.938733	590.171413	590.165633	591.035351	591.020845	
8.948871	590.171413	590.165633	591.035351	591.020845	
8.959004	590.171413	590.165633	591.035351	591.020845	
8.969164	590.171413	590.165633	591.035351	591.020845	
8.979451	590.171413	590.165633	591.035351	591.020845	
8.990783	590.171413	590.165633	591.035351	591.020845	
8.999583	590.171413	590.165633	591.035351	591.020845	
9.009742	590.171413	590.165633	591.035351	591.020845	
9.030165	590.171413	590.165633	591.035351	591.020845	
9.034754	590.171413	590.165633	591.035351	591.020845	
9.096085	590.171413	590.165633	591.035351	591.020845	
