0.03775639	
0.0423192	
0.05246276	
0.06263033	
0.07310788	
0.08292746	
0.09316803	
0.1032596	
0.1134172	
0.1236087	
0.1336723	
0.1438489	
0.1540284	
0.164141	
0.1743466	
0.1844781	
0.1946267	
0.2047833	
0.2149668	
0.2250804	
0.235282	
0.2454225	
0.2555391	
0.2656957	
0.2758802	
0.2860278	
0.2961494	
0.3062989	
0.3164855	
0.3266381	
0.3368306	
0.3469422	
0.3571578	
0.3672563	
0.3774189	
0.3875325	
0.397701	
0.4078296	
0.4179782	
0.4280917	
0.4383063	
0.4484079	
0.4585764	
0.468695	
0.4788426	
0.4890191	
0.4991517	
0.5093093	
0.5194388	
0.5296624	
0.539807	
0.5498815	
0.5600121	
0.5701897	
0.5802972	
0.5912528	
0.6005684	
0.6107049	
0.6208685	
0.6310261	
0.6412026	
0.6514902	
0.6616548	
0.6717873	
0.6819369	
0.6921105	
0.702278	
0.7124256	
0.7246801	
0.7327627	
0.7428953	
0.7531939	
0.7632764	
0.773413	
0.7835076	
0.7936811	
0.8038777	
0.8139683	
0.8241818	
0.8343154	
0.844467	
0.8546795	
0.8647691	
0.8749297	
0.8851142	
0.8951848	
0.91509	
0.9194568	
0.937456	
0.9417888	
0.9541923	
0.9621339	
0.9722835	
0.9824451	
0.9925336	
1.00274	
1.012949	
1.023044	
1.033205	
1.043308	
1.053526	
1.063639	
1.073803	
1.083949	
1.094108	
1.104227	
1.114388	
1.124545	
1.134709	
1.144899	
1.155057	
1.16522	
1.175303	
1.185482	
1.195712	
1.205794	
1.215987	
1.226079	
1.236248	
1.246439	
1.256549	
1.266698	
1.276857	
1.286998	
1.297176	
1.307302	
1.317486	
1.327616	
1.337756	
1.347905	
1.358043	
1.376322	
1.380646	
1.390813	
1.403013	
1.418982	
1.423332	
1.433497	
1.443682	
1.455783	381.931719	381.9304	383.301802	383.300484	
1.465532	381.93328	381.9304	383.303364	383.300484	
1.475738	381.935557	381.9304	383.30564	383.300484	
1.485848	381.93842	381.9304	383.308503	383.300484	
1.495981	381.941908	381.939127	383.311991	383.30921	
1.506547	381.946229	381.947854	383.316313	383.30921	
1.516611	381.950935	381.95658	383.321019	383.317937	
1.52681	381.956335	381.965307	383.326418	383.326664	
1.537011	381.96236	381.98276	383.332444	383.344117	
1.547143	381.968957	381.991487	383.33904	383.352844	
1.558061	381.976809	382.000213	383.346893	383.36157	
1.568327	381.984807	382.000213	383.354891	383.36157	
1.578747	381.993571	381.991487	383.363655	383.36157	
1.588509	382.00234	381.98276	383.372423	383.36157	
1.598705	382.012139	381.98276	383.382222	383.36157	
1.608782	382.022422	381.98276	383.392506	383.370297	
1.618914	382.033381	381.98276	383.403464	383.379023	
1.629165	382.045106	381.98276	383.41519	383.379023	
1.639268	382.05727	381.98276	383.427353	383.396477	
1.649593	382.070347	382.000213	383.440431	383.405203	
1.661032	382.085662	382.00894	383.455745	383.41393	
1.670834	382.099302	382.026393	383.469386	383.422657	
1.680977	382.114054	382.043847	383.484137	383.44011	
1.698971	382.142596	382.078753	383.512679	383.46629	
1.703541	382.149771	382.08748	383.519854	383.475017	
1.71371	382.166558	382.11366	383.536642	383.49247	
1.723899	382.183998	382.13984	383.554082	383.51865	
1.734016	382.201931	382.157293	383.572014	383.536103	
1.744119	382.220445	382.1922	383.590529	383.553556	
1.754307	382.239748	382.21838	383.609832	383.588463	
1.764819	382.260351	382.244559	383.630434	383.614643	
1.774758	382.280374	382.279466	383.650457	383.640823	
1.78487	382.301377	382.296919	383.67146	383.675729	
1.795026	382.323102	382.331826	383.693186	383.701909	
1.80522	382.345525	382.358006	383.715608	383.736816	
1.815344	382.368413	382.384186	383.738496	383.762996	
1.825483	382.391948	382.410366	383.762031	383.797903	
1.835673	382.416216	382.436546	383.786299	383.824082	
1.845838	382.441063	382.462726	383.811147	383.850262	
1.855927	382.466313	382.488906	383.836396	383.885169	
1.866421	382.493282	382.506359	383.863365	383.911349	
1.876329	382.519275	382.541265	383.889358	383.937529	
1.886497	382.546606	382.558719	383.916689	383.963709	
1.896642	382.574483	382.584899	383.944566	383.989889	
1.906823	382.603085	382.602352	383.973169	384.024795	
1.917722	382.634465	382.628532	384.004548	384.050975	
1.92781	382.664049	382.645985	384.034133	384.077155	
1.937954	382.694447	382.672165	384.064531	384.103335	
1.948294	382.726077	382.698345	384.096161	384.129515	
1.958715	382.758612	382.715798	384.128696	384.155695	
1.968903	382.791033	382.733252	384.161116	384.181875	
1.978728	382.822847	382.768158	384.192931	384.208055	
1.988873	382.856348	382.785612	384.226432	384.234235	
1.999001	382.890395	382.820518	384.260478	384.251688	
2.009159	382.925179	382.855425	384.295263	384.286595	
2.019287	382.960444	382.890331	384.330528	384.312775	
2.029873	382.998034	382.942691	384.368118	384.338955	
2.039972	383.03445	382.986324	384.404533	384.365135	
2.050099	383.071627	383.029958	384.44171	384.400041	
2.060437	383.110204	383.073591	384.480287	384.434948	
2.072175	383.154884	383.134677	384.524968	384.478581	
2.081957	383.192606	383.169584	384.562689	384.522214	
2.09214	383.232572	383.221944	384.602655	384.565847	
2.102241	383.272758	383.274304	384.642842	384.609481	
2.112364	383.313676	383.317937	384.683759	384.653114	
2.122516	383.355485	383.36157	384.725568	384.705474	
2.132649	383.397546	383.41393	384.76763	384.757834	
2.142869	383.440725	383.448837	384.810809	384.810193	
2.153066	383.484443	383.501197	384.854526	384.862553	
2.163206	383.528527	383.536103	384.89861	384.914913	
2.174796	383.579794	383.588463	384.949878	384.967273	
2.184638	383.623826	383.62337	384.99391	385.019633	
2.194801	383.669924	383.667003	385.040007	385.063266	
2.20497	383.716683	383.710636	385.086767	385.115626	
2.215086	383.763835	383.745543	385.133918	385.159259	
2.225305	383.812053	383.789176	385.182137	385.202893	
2.235427	383.860435	383.832809	385.230519	385.246526	
2.2456	383.909698	383.876442	385.279781	385.298886	
2.255745	383.959432	383.920076	385.329515	385.333792	
2.26588	384.009743	383.972435	385.379826	385.386152	
2.277563	384.068636	384.024795	385.43872	385.438512	
2.287275	384.118051	384.077155	385.488135	385.473419	
2.297427	384.170348	384.129515	385.540431	385.525778	
2.307565	384.223215	384.190602	385.593298	385.569412	
2.317676	384.276559	384.251688	385.646643	385.621772	
2.327871	384.33094	384.312775	385.701024	385.674131	
2.338002	384.385605	384.373861	385.755688	385.717765	
2.348162	384.441062	384.434948	385.811146	385.778851	
2.358317	384.497112	384.496034	385.867195	385.839938	
2.368813	384.555703	384.565847	385.925787	385.892298	
2.380086	384.619444	384.635661	385.989527	385.962111	
2.389901	384.675439	384.68802	386.045522	386.031924	
2.400035	384.733885	384.757834	386.103969	386.09301	
2.410143	384.792794	384.810193	386.162877	386.162824	
2.420431	384.853428	384.87128	386.223511	386.22391	
2.430468	384.913144	384.932367	386.283228	386.293723	
2.440624	384.974191	384.984726	386.344274	386.35481	
2.450767	385.035789	385.037086	386.405872	386.424623	
2.460877	385.097792	385.106899	386.467875	386.48571	
2.481391	385.22685	385.211619	386.596934	386.616609	
2.485992	385.255625	385.246526	386.625709	386.642789	
2.496116	385.319874	385.298886	386.689958	386.703876	
2.506281	385.384992	385.368699	386.755076	386.764962	
2.516397	385.450395	385.429785	386.820479	386.826049	
2.526664	385.517452	385.490872	386.887535	386.887135	
2.536728	385.583732	385.560685	386.953815	386.948222	
2.546934	385.65163	385.630498	387.021713	387.009308	
2.557142	385.720112	385.700311	387.090196	387.070395	
2.567784	385.792338	385.770125	387.162421	387.131481	
2.57739	385.857882	385.839938	387.227965	387.201295	
2.587584	385.928152	385.909751	387.298236	387.271108	
2.597767	385.998983	385.988291	387.369066	387.340921	
2.607869	386.069824	386.058104	387.439908	387.410734	
2.618013	386.141607	386.136644	387.511691	387.489274	
2.628359	386.215468	386.206457	387.585552	387.559087	
2.638357	386.287442	386.27627	387.657525	387.637627	
2.648494	386.361007	386.363537	387.73109	387.716167	
2.659097	386.438725	386.43335	387.808809	387.794707	
2.669211	386.513395	386.503163	387.883479	387.881973	
2.679229	386.58794	386.572976	387.958023	387.951786	
2.697357	386.725309	386.712602	388.095392	388.091412	
2.701953	386.760032	386.747509	388.130116	388.135046	
2.712093	386.837519	386.817322	388.207602	388.213586	
2.722214	386.91545	386.895862	388.285534	388.292125	
2.732397	386.994515	386.974402	388.364598	388.370665	
2.742595	387.074281	387.044215	388.444364	388.449205	
2.752748	387.154352	387.131481	388.524435	388.527745	
2.76289	387.234936	387.210021	388.60502	388.606285	
2.77306	387.316365	387.288561	388.686449	388.684824	
2.783372	387.39959	387.367101	388.769673	388.763364	
2.793407	387.481167	387.454367	388.851251	388.841904	
2.803543	387.564152	387.532907	388.934235	388.920444	
2.813725	387.648145	387.620174	389.018228	388.998984	
2.823812	387.732003	387.70744	389.102087	389.08625	
2.834011	387.817386	387.78598	389.18747	389.16479	
2.84418	387.903138	387.873246	389.273221	389.24333	
2.854342	387.989467	387.960513	389.35955	389.330596	
2.864483	388.076208	388.047779	389.446292	389.417863	
2.874636	388.163697	388.135046	389.53378	389.513856	
2.88477	388.251629	388.231039	389.621712	389.601122	
2.894967	388.340777	388.318305	389.71086	389.697115	
2.916621	388.533581	388.501565	389.903665	389.871648	
2.921259	388.574702	388.562651	389.944785	389.941461	
2.93138	388.665342	388.649918	390.035425	390.028728	
2.941684	388.7583	388.754638	390.128383	390.133448	
2.951876	388.850813	388.850631	390.220896	390.220714	
2.962018	388.943506	388.946624	390.313589	390.325434	
2.972183	389.037048	389.042617	390.407132	390.421427	
2.982298	389.130724	389.13861	390.500808	390.51742	
2.994975	389.249333	389.24333	390.619416	390.630867	
3.002701	389.32165	389.339323	390.691734	390.709406	
3.012832	389.417369	389.435316	390.787452	390.796673	
3.022977	389.5138	389.531309	390.883883	390.892666	
3.033094	389.610558	389.627302	390.980641	390.988659	
3.043253	389.708406	389.732022	391.07849	391.084652	
3.053458	389.807285	389.819288	391.177369	391.180645	
3.063579	389.905943	389.915282	391.276026	391.267912	
3.073733	390.005591	390.011275	391.375674	391.372631	
3.083905	390.105968	390.115994	391.476051	391.468625	
3.105262	390.320346	390.203261	391.690429	391.669337	
3.109829	390.365994	390.360341	391.736077	391.712971	
3.119974	390.468348	390.456334	391.838432	391.808964	
3.130098	390.571085	390.561053	391.941169	391.913684	
3.140477	390.677105	390.665773	392.047189	392.018403	
3.150413	390.77914	390.770493	392.149223	392.114396	
3.160582	390.884163	390.883939	392.254247	392.219116	
3.170713	390.98945	390.988659	392.359534	392.332563	
3.180838	391.095311	391.093379	392.465394	392.437282	
3.191196	391.204248	391.198099	392.574331	392.550729	
3.201813	391.316625	391.302818	392.686708	392.664175	
3.211602	391.420707	391.424991	392.79079	392.777622	
3.221805	391.52985	391.529711	392.899934	392.891068	
3.231906	391.638501	391.634431	393.008584	393.004514	
3.242102	391.748876	391.747877	393.11896	393.117961	
3.252263	391.859426	391.861324	393.229509	393.240134	
3.262408	391.97044	391.966043	393.340524	393.35358	
3.272565	392.080352	392.070763	393.450435	393.467027	
3.282721	392.189636	392.18421	393.559719	393.580473	
3.292892	392.298473	392.297656	393.668557	393.693919	
3.304683	392.423809	392.419829	393.793892	393.824819	
3.314444	392.52693	392.524549	393.897013	393.929539	
3.324594	392.633609	392.646722	394.003693	394.042985	
3.334836	392.740616	392.760168	394.1107	394.156432	
3.344908	392.845266	392.864888	394.21535	394.261151	
3.355108	392.950662	392.978334	394.320745	394.365871	
3.365338	393.055659	393.083054	394.425742	394.470591	
3.375543	393.159809	393.187774	394.529892	394.566584	
3.385647	393.262301	393.292494	394.632384	394.671304	
3.395854	393.365283	393.40594	394.735366	394.767297	
3.407343	393.48033	393.519386	394.850413	394.880743	
3.417119	393.577656	393.624106	394.94774	394.96801	
3.427223	393.67766	393.711373	395.047743	395.064003	
3.43745	393.778233	393.816092	395.148316	395.159996	
3.447613	393.877649	393.912086	395.247732	395.247262	
3.457717	393.975735	394.008079	395.345819	395.351982	
3.46788	394.073892	394.095345	395.443976	395.439249	
3.478012	394.17109	394.182612	395.541174	395.526515	
3.488132	394.267572	394.269878	395.637655	395.631235	
3.498751	394.368412	394.365871	395.738496	395.718501	
3.509951	394.473452	394.461864	395.843535	395.823221	
3.519785	394.565311	394.557857	395.935394	395.919214	
3.52995	394.659665	394.65385	396.029748	396.015207	
3.540058	394.7529	394.749844	396.122984	396.1112	
3.550455	394.848157	394.845837	396.218241	396.207193	
3.560327	394.938011	394.933103	396.308094	396.303187	
3.571082	395.035275	395.029096	396.405359	396.407906	
3.580593	395.120668	395.133816	396.490751	396.503899	
3.590805	395.211751	395.229809	396.581834	396.599893	
3.600942	395.301625	395.325802	396.671708	396.695886	
3.612373	395.402071	395.430522	396.772154	396.800605	
3.622521	395.490666	395.526515	396.86075	396.887872	
3.632685	395.578828	395.622508	396.948911	396.983865	
3.642846	395.666306	395.718501	397.036389	397.071131	
3.653182	395.754665	395.805768	397.124749	397.158398	
3.663142	395.839222	395.893034	397.209306	397.245664	
3.673306	395.924881	395.980301	397.294965	397.332931	
3.683455	396.009801	396.058841	397.379884	397.411471	
3.693623	396.094296	396.13738	397.464379	397.498737	
3.703729	396.177645	396.21592	397.547728	397.577277	
3.715278	396.272157	396.29446	397.64224	397.664543	
3.725246	396.353037	396.381726	397.723121	397.743083	
3.735334	396.434316	396.45154	397.804399	397.821623	
3.745482	396.515503	396.530079	397.885586	397.900163	
3.755604	396.595857	396.599893	397.96594	397.969976	
3.765816	396.676341	396.678432	398.046424	398.048516	
3.775922	396.755346	396.748246	398.125429	398.127056	
3.786105	396.834334	396.835512	398.204417	398.205595	
3.796288	396.912751	396.914052	398.282834	398.284135	
3.806403	396.989969	396.992592	398.360052	398.353948	
3.817972	397.07752	397.071131	398.447603	398.441215	
3.828038	397.153085	397.149671	398.523168	398.519755	
3.83796	397.226966	397.236938	398.597049	398.598295	
3.848135	397.302138	397.306751	398.672221	398.676834	
3.858646	397.379161	397.394017	398.749245	398.755374	
3.868391	397.449966	397.472557	398.82005	398.833914	
3.878521	397.522985	397.551097	398.893068	398.912454	
3.888674	397.595598	397.62091	398.965682	398.982267	
3.898802	397.667563	397.69945	399.037647	399.060807	
3.90898	397.738888	397.77799	399.108971	399.13062	
3.922902	397.835418	397.873983	399.205501	399.23534	
3.933011	397.905006	397.935069	399.275089	399.305153	
3.943139	397.974102	398.004883	399.344185	399.374966	
3.95326	398.042575	398.074696	399.412659	399.444779	
3.963461	398.110957	398.144509	399.48104	399.514592	
3.973631	398.178511	398.205595	399.548594	399.575679	
3.983767	398.245224	398.266682	399.615307	399.645492	
3.993943	398.31161	398.319042	399.681694	399.706579	
4.00409	398.377172	398.388855	399.747256	399.776392	
4.014247	398.442206	398.449942	399.812289	399.837478	
4.025857	398.51573	398.519755	399.885813	399.907292	
4.035796	398.578073	398.580841	399.948156	399.959651	
4.045911	398.640909	398.633201	400.010992	400.020738	
4.056049	398.703302	398.703014	400.073386	400.081824	
4.066161	398.764919	398.755374	400.135003	400.134184	
4.076366	398.826525	398.816461	400.196608	400.195271	
4.086487	398.886971	398.877547	400.257055	400.256357	
4.097183	398.950204	398.94736	400.320288	400.308717	
4.10726	399.00915	398.99972	400.379234	400.37853	
4.11758	399.068932	399.060807	400.439016	400.43089	
4.128672	399.132378	399.121893	400.502462	400.500703	
4.138529	399.188214	399.18298	400.558298	400.553063	
4.14871	399.245297	399.244066	400.615381	400.61415	
4.158939	399.302029	399.305153	400.672112	400.675236	
4.169024	399.357343	399.366239	400.727426	400.736323	
4.179193	399.412531	399.418599	400.782614	400.797409	
4.189421	399.467381	399.470959	400.837465	400.849769	
4.199495	399.520822	399.532046	400.890905	400.910856	
4.209668	399.574189	399.593132	400.944273	400.963216	
4.220247	399.629023	399.645492	400.999106	401.024302	
4.241107	399.733937	399.750212	401.10402	401.129022	
4.245904	399.758114	399.776392	401.128197	401.146475	
4.255793	399.807298	399.820025	401.177381	401.198835	
4.265937	399.857126	399.872385	401.22721	401.251195	
4.276164	399.906768	399.916018	401.276852	401.294828	
4.286282	399.955276	399.959651	401.32536	401.338461	
4.296423	400.003274	400.012011	401.373358	401.390821	
4.306573	400.050736	400.055644	401.420819	401.425728	
4.316694	400.097432	400.099278	401.467516	401.469361	
4.326922	400.144017	400.142911	401.514101	401.512994	
4.337144	400.189961	400.186544	401.560044	401.556628	
4.347278	400.234894	400.230177	401.604978	401.600261	
4.357526	400.279734	400.273811	401.649818	401.635167	
4.36757	400.323074	400.308717	401.693157	401.678801	
4.37769	400.366167	400.35235	401.736251	401.722434	
4.387831	400.408712	400.395984	401.778796	401.766067	
4.398038	400.450921	400.43089	401.821005	401.8097	
4.408216	400.492424	400.48325	401.862507	401.844607	
4.418308	400.532965	400.518157	401.903049	401.88824	
4.428745	400.574271	400.56179	401.944355	401.931873	
4.438681	400.613012	400.605423	401.983095	401.975507	
4.448788	400.651797	400.649056	402.021881	402.01914	
4.458969	400.690296	400.69269	402.060379	402.054046	
4.469098	400.727973	400.727596	402.098057	402.106406	
4.479246	400.765122	400.771229	402.135206	402.141313	
4.489408	400.801719	400.814863	402.171802	402.184946	
4.499601	400.837833	400.849769	402.207917	402.228579	
4.509764	400.873219	400.893403	402.243302	402.263486	
4.519839	400.907722	400.937036	402.277806	402.298393	
4.530219	400.942632	400.971942	402.312716	402.342026	
4.54839	401.001415	401.041756	402.371499	402.403112	
4.552977	401.016291	401.050482	402.386375	402.420566	
4.563173	401.048632	401.085389	402.418716	402.455472	
4.573866	401.081873	401.111569	402.451957	402.499105	
4.583978	401.112728	401.146475	402.482812	402.525285	
4.59474	401.145002	401.181382	402.515085	402.560192	
4.604299	401.172911	401.207562	402.542995	402.586372	
4.614381	401.201902	401.233742	402.571986	402.612552	
4.624523	401.230455	401.268648	402.600538	402.630005	
4.634672	401.258445	401.286102	402.628529	402.647458	
4.644942	401.286159	401.321008	402.656242	402.673638	
4.6551	401.312973	401.338461	402.683056	402.691092	
4.665274	401.339219	401.364641	402.709303	402.708545	
4.675386	401.364729	401.390821	402.734812	402.734725	
4.685613	401.389933	401.408275	402.760016	402.752178	
4.69571	401.414213	401.434455	402.784296	402.769631	
4.70587	401.438069	401.451908	402.808153	402.787085	
4.716061	401.461386	401.478088	402.83147	402.813265	
4.726141	401.483884	401.495541	402.853968	402.839445	
4.736333	401.506028	401.512994	402.876112	402.856898	
4.746551	401.527644	401.530448	402.897728	402.874351	
4.756687	401.548485	401.547901	402.918569	402.900531	
4.774823	401.583513	401.582808	402.953596	402.935438	
4.779376	401.592359	401.591534	402.962443	402.944164	
4.797907	401.625704	401.600261	402.995787	402.987798	
4.802476	401.633978	401.626441	403.004061	402.996524	
4.812689	401.651748	401.643894	403.021831	403.013978	
4.822911	401.668951	401.670074	403.039034	403.031431	
4.832966	401.685305	401.687527	403.055388	403.057611	
4.845871	401.705284	401.704981	403.075367	403.083791	
4.853416	401.716736	401.722434	403.08682	403.101244	
4.863472	401.731389	401.739887	403.101472	403.118697	
4.873826	401.745876	401.757341	403.115959	403.136151	
4.883765	401.759244	401.774794	403.129328	403.153604	
4.893927	401.772343	401.792247	403.142426	403.171057	
4.914142	401.795603	401.827154	403.165687	403.171057	
4.919287	401.801923	401.827154	403.172006	403.179784	
4.928858	401.812138	401.844607	403.182222	403.179784	
4.939002	401.82274	401.86206	403.192824	403.188511	
4.949911	401.833486	401.86206	403.203569	403.188511	
4.959726	401.842666	401.870787	403.212749	403.197237	
4.969851	401.851593	401.870787	403.221677	403.205964	
4.980063	401.860052	401.86206	403.230136	403.205964	
4.990416	401.868072	401.86206	403.238156	403.21469	
5.000273	401.875217	401.86206	403.2453	403.223417	
5.010424	401.882044	401.870787	403.252127	403.232144	
5.020566	401.888351	401.870787	403.258435	403.24087	
5.030696	401.894143	401.879514	403.264227	403.249597	
5.040833	401.899438	401.879514	403.269521	403.258324	
5.052731	401.904923	401.88824	403.275007	403.26705	
5.062528	401.90904	401.896967	403.279124	403.26705	
5.073406	401.91305	401.905694	403.283133	403.275777	
5.082974	401.9162	401.91442	403.286284	403.275777	
5.093076	401.91908	401.91442	403.289163	403.284504	
5.103248	401.921557	401.923147	403.291641	403.29323	
5.113358	401.923625	401.931873	403.293709	403.301957	
5.12356	401.925336	401.931873	403.295419	403.301957	
5.133697	401.9304	401.9406	403.300484	403.301957	
5.143823	401.9304	401.949327	403.300484	403.29323	
5.156812	401.9304	401.949327	403.300484	403.29323	
5.166966	401.9304	401.949327	403.300484	403.284504	
5.176989	401.9304	401.949327	403.300484	403.284504	
5.187394	401.9304	401.949327	403.300484	403.275777	
5.197603	401.9304	401.949327	403.300484	403.275777	
5.20767	401.9304	401.949327	403.300484	403.275777	
5.217795	401.9304	401.949327	403.300484	403.284504	
5.228016	401.9304	401.949327	403.300484	403.29323	
5.238091	401.9304	401.949327	403.300484	403.301957	
5.248679	401.9304	401.949327	403.300484	403.310684	
5.258391	401.9304	401.949327	403.300484	403.310684	
5.26856	401.9304	401.949327	403.300484	403.310684	
5.278699	401.9304	401.949327	403.300484	403.310684	
5.288916	401.9304	401.949327	403.300484	403.310684	
5.299016	401.9304	401.949327	403.300484	403.310684	
5.309143	401.9304	401.949327	403.300484	403.301957	
5.319294	401.9304	401.949327	403.300484	403.301957	
5.329452	401.9304	401.949327	403.300484	403.301957	
5.339643	401.9304	401.949327	403.300484	403.301957	
5.349751	401.9304	401.949327	403.300484	403.301957	
5.359878	401.9304	401.949327	403.300484	403.301957	
5.370031	401.9304	401.949327	403.300484	403.301957	
5.380195	401.9304	401.949327	403.300484	403.301957	
5.390331	401.9304	401.949327	403.300484	403.301957	
5.40052	401.9304	401.949327	403.300484	403.301957	
5.410648	401.9304	401.949327	403.300484	403.301957	
5.420759	401.9304	401.949327	403.300484	403.301957	
5.431038	401.9304	401.949327	403.300484	403.301957	
5.443374	401.9304	401.949327	403.300484	403.301957	
5.451239	401.9304	401.949327	403.300484	403.301957	
5.461495	401.9304	401.949327	403.300484	403.301957	
5.471567	401.9304	401.949327	403.300484	403.301957	
5.481699	401.9304	401.949327	403.300484	403.301957	
5.491883	401.9304	401.949327	403.300484	403.301957	
5.50207	401.9304	401.949327	403.300484	403.301957	
5.512225	401.9304	401.949327	403.300484	403.301957	
5.522376	401.9304	401.949327	403.300484	403.301957	
5.532549	401.9304	401.949327	403.300484	403.301957	
5.542703	401.9304	401.949327	403.300484	403.301957	
5.552862	401.9304	401.949327	403.300484	403.301957	
5.563039	401.9304	401.949327	403.300484	403.301957	
5.573207	401.9304	401.949327	403.300484	403.301957	
5.583311	401.9304	401.949327	403.300484	403.301957	
5.593423	401.9304	401.949327	403.300484	403.301957	
5.603772	401.9304	401.949327	403.300484	403.301957	
5.61374	401.9304	401.949327	403.300484	403.301957	
5.623927	401.9304	401.949327	403.300484	403.301957	
5.634036	401.9304	401.949327	403.300484	403.301957	
5.644254	401.9304	401.949327	403.300484	403.301957	
5.654537	401.9304	401.949327	403.300484	403.301957	
5.664522	401.9304	401.949327	403.300484	403.301957	
5.674692	401.9304	401.949327	403.300484	403.301957	
5.684842	401.9304	401.949327	403.300484	403.301957	
5.695069	401.9304	401.949327	403.300484	403.301957	
5.705194	401.9304	401.949327	403.300484	403.301957	
5.715376	401.9304	401.949327	403.300484	403.301957	
5.725612	401.9304	401.949327	403.300484	403.301957	
5.735676	401.9304	401.949327	403.300484	403.301957	
5.745826	401.9304	401.949327	403.300484	403.301957	
5.756199	401.9304	401.949327	403.300484	403.301957	
5.766166	401.9304	401.949327	403.300484	403.301957	
5.776315	401.9304	401.949327	403.300484	403.301957	
5.786461	401.9304	401.949327	403.300484	403.301957	
5.796638	401.9304	401.949327	403.300484	403.301957	
5.806773	401.9304	401.949327	403.300484	403.301957	
5.816944	401.9304	401.949327	403.300484	403.301957	
5.827126	401.9304	401.949327	403.300484	403.301957	
5.837237	401.9304	401.949327	403.300484	403.301957	
5.863209	401.9304	401.949327	403.300484	403.301957	
5.874021	401.9304	401.949327	403.300484	403.301957	
