0.03742343	
0.04211423	
0.05208981	
0.06231838	
0.07247796	
0.08286252	
0.09271811	
0.1029347	
0.1129963	
0.1231378	
0.1333574	
0.143463	
0.1616212	
0.165963	
0.1761266	
0.1862722	
0.1964108	
0.2065803	
0.2167229	
0.2268435	
0.237048	
0.2471926	
0.2572852	
0.2674998	
0.2776213	
0.2878199	
0.2979375	
0.3081021	
0.3214995	
0.3287212	
0.3389168	
0.3490433	
0.3591969	
0.3693555	
0.3795041	
0.3896716	
0.3998212	
0.4099658	
0.4201334	
0.4302789	
0.4404725	
0.4506651	
0.4607926	
0.4709912	
0.4811138	
0.4912384	
0.5014249	
0.5115455	
0.5216821	
0.5318287	
0.5419812	
0.5523168	
0.5623114	
0.572435	
0.5844165	
0.594421	
0.6045226	
0.6147022	
0.6248518	
0.6349793	
0.6453069	
0.6554735	
0.665392	
0.6844512	
0.6890811	
0.6992466	
0.7095172	
0.7215007	
0.7298023	
0.7400619	
0.7502395	
0.7605661	
0.7706906	
0.7809382	
0.7912298	
0.8013303	
0.8115229	
0.8217565	
0.8320121	
0.8422886	
0.8524522	
0.8626538	
0.8734863	
0.8830959	
0.8933045	
0.903537	
0.9220573	
0.9266651	
0.9368876	
0.9470812	
0.9573038	
0.9675044	
0.9777159	
0.9879425	
0.9981661	
1.008419	
1.018574	
1.028785	
1.039109	
1.04922	
1.059442	
1.06968	
1.079903	
1.090079	
1.100325	
1.110536	
1.120785	
1.131015	
1.141223	
1.151458	
1.161662	
1.171852	
1.18212	
1.192409	
1.202649	
1.212774	
1.223091	
1.233726	
1.243399	
1.253743	
1.263959	
1.274144	
1.284266	
1.294503	
1.304786	
1.314995	
1.325278	
1.335526	
1.345694	
1.355856	
1.366369	
1.376306	
1.386714	
1.39676	
1.415318	
1.419901	
1.430151	
1.440369	
1.450597	
1.460803	
1.471206	
1.481274	
1.491472	
1.501697	
1.511891	
1.522067	
1.532368	
1.542556	
1.552731	
1.568507	199.632999	199.63076	199.039588	199.037348	
1.584216	199.636708	199.63076	199.043296	199.037348	
1.589002	199.637819	199.639486	199.044407	199.037348	
1.599292	199.641012	199.648213	199.0476	199.037348	
1.609446	199.644776	199.648213	199.051364	199.046075	
1.619679	199.649201	199.648213	199.055789	199.054801	
1.629903	199.654246	199.648213	199.060834	199.054801	
1.640028	199.659857	199.65694	199.066445	199.063528	
1.650918	199.666632	199.65694	199.07322	199.063528	
1.660509	199.673108	199.665666	199.079696	199.072254	
1.672768	199.682389	199.665666	199.088977	199.072254	
1.680945	199.688882	199.665666	199.09547	199.080981	
1.691195	199.697712	199.674393	199.1043	199.089708	
1.701525	199.707255	199.68312	199.113843	199.089708	
1.711649	199.717213	199.68312	199.123801	199.098434	
1.721824	199.72785	199.700573	199.134438	199.107161	
1.732702	199.739954	199.700573	199.146542	199.115888	
1.742357	199.751214	199.718026	199.157802	199.124614	
1.75261	199.763825	199.726753	199.170413	199.142068	
1.762924	199.777158	199.73548	199.183746	199.150794	
1.775268	199.794093	199.752933	199.200681	199.168248	
1.783197	199.805248	199.770386	199.211836	199.176974	
1.793347	199.820207	199.787839	199.226795	199.203154	
1.803559	199.835893	199.805293	199.242481	199.220607	
1.813905	199.852422	199.831473	199.25901	199.238061	
1.824195	199.869507	199.857653	199.276095	199.264241	
1.834239	199.886764	199.875106	199.293352	199.281694	
1.844523	199.905093	199.901286	199.311681	199.307874	
1.85469	199.923829	199.927466	199.330417	199.334054	
1.864928	199.943318	199.944919	199.349906	199.351507	
1.877489	199.968267	199.979826	199.374855	199.386414	
1.885889	199.985266	199.997279	199.391854	199.403867	
1.896011	200.006422	200.014732	199.41301	199.430047	
1.906247	200.028452	200.040912	199.43504	199.456227	
1.916466	200.051144	200.067092	199.457732	199.482407	
1.926618	200.074144	200.084545	199.480732	199.508587	
1.93687	200.098096	200.101999	199.504684	199.52604	
1.948967	200.127287	200.128179	199.533875	199.560947	
1.959055	200.152161	200.145632	199.558749	199.5784	
1.969125	200.177626	200.171812	199.584214	199.60458	
1.979328	200.204064	200.189265	199.610652	199.63076	
1.989441	200.230858	200.206718	199.637446	199.648213	
1.999886	200.259217	200.224172	199.665805	199.674393	
2.009771	200.286599	200.259078	199.693187	199.700573	
2.019924	200.315377	200.276532	199.721965	199.718026	
2.030112	200.344869	200.311438	199.751458	199.73548	
2.04027	200.37489	200.337618	199.781478	199.770386	
2.050401	200.405446	200.372525	199.812034	199.787839	
2.060573	200.436753	200.407431	199.843341	199.814019	
2.070695	200.46852	200.442338	199.875108	199.840199	
2.081146	200.501989	200.485971	199.908577	199.875106	
2.091275	200.535029	200.520878	199.941617	199.910013	
2.101415	200.568699	200.555784	199.975287	199.944919	
2.111522	200.602905	200.599418	200.009493	199.979826	
2.121836	200.638463	200.634324	200.045051	200.014732	
2.132416	200.675572	200.677957	200.08216	200.067092	
2.142487	200.711512	200.712864	200.1181	200.110725	
2.153238	200.750606	200.747771	200.157194	200.154359	
2.163224	200.787483	200.782677	200.194071	200.197992	
2.173387	200.825635	200.817584	200.232223	200.241625	
2.183791	200.865353	200.85249	200.271941	200.285258	
2.193946	200.904723	200.887397	200.311311	200.328892	
2.204029	200.944426	200.922303	200.351014	200.363798	
2.214142	200.984861	200.95721	200.391449	200.407431	
2.233024	201.063027	201.000843	200.469615	200.468518	
2.237586	201.08181	201.053203	200.488398	200.494698	
2.247689	201.124243	201.096836	200.530831	200.529604	
2.257805	201.167349	201.149196	200.573937	200.564511	
2.267968	201.211281	201.201556	200.617869	200.608144	
2.27819	201.256088	201.253916	200.662676	200.643051	
2.288508	201.301984	201.297549	200.708572	200.677957	
2.29855	201.347187	201.341183	200.753775	200.721591	
2.308697	201.393525	201.393542	200.800113	200.765224	
2.319267	201.443759	201.437176	200.850347	200.817584	
2.329301	201.489554	201.480809	200.896142	200.869944	
2.339187	201.536467	201.524442	200.943055	200.922303	
2.349331	201.58526	201.576802	200.991848	200.974663	
2.359479	201.634684	201.620435	201.041273	201.027023	
2.369672	201.684963	201.664068	201.091551	201.08811	
2.379775	201.735397	201.707702	201.141985	201.14047	
2.390026	201.787231	201.760062	201.193819	201.19283	
2.400182	201.839186	201.812421	201.245774	201.245189	
2.410307	201.891559	201.864781	201.298147	201.297549	
2.420495	201.945122	201.917141	201.35171	201.349909	
2.430611	201.998516	201.969501	201.405104	201.402269	
2.440832	202.053298	202.030588	201.459886	201.454629	
2.450962	202.108194	202.091674	201.514782	201.506989	
2.461125	202.163912	202.152761	201.5705	201.559349	
2.471318	202.220397	202.213847	201.626985	201.611709	
2.481586	202.277937	202.266207	201.684525	201.672795	
2.491644	202.334925	202.327294	201.741513	201.725155	
2.501859	202.393381	202.38838	201.799969	201.786241	
2.511943	202.451722	202.449467	201.85831	201.838601	
2.522067	202.51091	202.510553	201.917498	201.899688	
2.532658	202.573522	202.562913	201.98011	201.960774	
2.542408	202.631709	202.624	202.038297	202.021861	
2.552621	202.693269	202.685086	202.099857	202.082947	
2.56272	202.754773	202.737446	202.161361	202.144034	
2.572859	202.817139	202.789806	202.223728	202.213847	
2.583101	202.880791	202.850892	202.287379	202.274934	
2.594358	202.951524	202.920705	202.358112	202.344747	
2.604503	203.015841	202.981792	202.422429	202.405833	
2.61463	203.080691	203.051605	202.487279	202.475647	
2.624747	203.146038	203.112692	202.552626	202.536733	
2.634942	203.212581	203.182505	202.619169	202.59782	
2.652981	203.332655	203.313405	202.739243	202.719993	
2.657507	203.362671	203.339585	202.769259	202.754899	
2.667651	203.430858	203.409398	202.837446	202.815986	
2.677817	203.499793	203.487937	202.906381	202.885799	
2.687969	203.569265	203.557751	202.975853	202.955612	
2.698188	203.639811	203.627564	203.046399	203.034152	
2.70836	203.710644	203.706104	203.117232	203.103965	
2.7185	203.781856	203.775917	203.188444	203.182505	
2.728687	203.854058	203.854457	203.260646	203.252318	
2.738835	203.926593	203.915543	203.333181	203.330858	
2.749002	203.99987	203.985356	203.406458	203.400671	
2.759166	204.073768	204.063896	203.480356	203.479211	
2.769269	204.14781	204.133709	203.554398	203.557751	
2.779462	204.223131	204.203522	203.629719	203.627564	
2.789611	204.298743	204.273336	203.705331	203.706104	
2.799844	204.375657	204.343149	203.782245	203.775917	
2.809998	204.452556	204.412962	203.859144	203.854457	
2.820125	204.529857	204.482775	203.936445	203.92427	
2.830326	204.608388	204.570042	204.014977	203.994083	
2.84062	204.688243	204.648581	204.094831	204.072623	
2.850791	204.767816	204.727121	204.174404	204.151163	
2.860857	204.847078	204.805661	204.253666	204.220976	
2.871148	204.928802	204.892928	204.33539	204.308242	
2.881216	205.009373	204.980194	204.415961	204.378055	
2.891593	205.093064	205.06746	204.499652	204.465322	
2.902342	205.18046	205.163454	204.587048	204.552588	
2.912505	205.263661	205.241993	204.670249	204.648581	
2.922563	205.346648	205.32926	204.753236	204.727121	
2.932666	205.430611	205.416526	204.837199	204.823114	
2.942991	205.517048	205.495066	204.923637	204.910381	
2.95298	205.601227	205.582333	205.007815	205.006374	
2.963162	205.687721	205.669599	205.094309	205.09364	
2.973295	205.774431	205.756866	205.181019	205.189634	
2.983472	205.86207	205.844132	205.268658	205.2769	
3.003302	206.0359	205.922672	205.442489	205.451433	
3.007909	206.076153	206.044845	205.482741	205.495066	
3.018011	206.165237	206.140838	205.571825	205.582333	
3.028167	206.255435	206.236831	205.662023	205.669599	
3.038278	206.34589	206.332824	205.752478	205.748139	
3.048548	206.438415	206.437544	205.845003	205.835405	
3.058628	206.529759	206.52481	205.936347	205.913945	
3.068797	206.622598	206.62953	206.029186	206.009938	
3.079003	206.716336	206.716797	206.122924	206.097205	
3.089061	206.809363	206.81279	206.215951	206.184471	
3.099282	206.90451	206.900056	206.311098	206.280464	
3.109448	206.999867	206.996049	206.406456	206.367731	
3.11961	207.095627	207.083316	206.502215	206.472451	
3.129738	207.191747	207.170582	206.598335	206.568444	
3.139881	207.288646	207.257849	206.695234	206.664437	
3.150292	207.388832	207.345115	206.79542	206.76043	
3.160207	207.484745	207.432382	206.891333	206.856423	
3.170338	207.583351	207.537101	206.989939	206.961143	
3.180459	207.68284	207.624368	207.089428	207.065862	
3.190658	207.783027	207.729088	207.189615	207.170582	
3.20083	207.883933	207.833807	207.290521	207.275302	
3.211131	207.98677	207.938527	207.393358	207.371295	
3.221232	208.088197	208.051973	207.494785	207.476015	
3.231415	208.191052	208.16542	207.59764	207.580735	
3.241527	208.293872	208.27014	207.70046	207.685454	
3.251786	208.398761	208.392313	207.805349	207.790174	
3.261911	208.502859	208.497032	207.909447	207.90362	
3.272108	208.608376	208.610479	208.014964	208.00834	
3.282318	208.714653	208.723925	208.121242	208.11306	
3.292375	208.819888	208.828645	208.226476	208.226506	
3.302846	208.930233	208.942091	208.336821	208.339953	
3.312808	209.035701	209.046811	208.442289	208.453399	
3.324101	209.156151	209.151531	208.562739	208.558119	
3.333134	209.252825	209.256251	208.659413	208.671565	
3.343285	209.362168	209.36097	208.768756	208.776285	
3.353397	209.471767	209.456964	208.878355	208.881005	
3.365247	209.604199	209.561683	209.010787	208.985725	
3.373828	209.693888	209.666403	209.100476	209.090444	
3.383889	209.801866	209.771123	209.208454	209.195164	
3.393992	209.909747	209.875843	209.316335	209.308611	
3.404444	210.02072	209.980562	209.427308	209.41333	
3.41572	210.139695	210.102735	209.546283	209.535503	
3.425722	210.244617	210.216182	209.651205	209.640223	
3.435848	210.350222	210.329628	209.75681	209.744943	
3.446007	210.455592	210.443075	209.86218	209.849663	
3.456179	210.560487	210.556521	209.967075	209.954382	
3.466335	210.6646	210.661241	210.071188	210.067829	
3.47671	210.770387	210.76596	210.176975	210.172549	
3.486669	210.871231	210.888134	210.277819	210.285995	
3.496787	210.973148	210.992853	210.379736	210.399441	
3.506932	211.07473	211.097573	210.481319	210.504161	
3.51817	211.186516	211.211019	210.593104	210.626334	
3.528344	211.287113	211.315739	210.693701	210.731054	
3.538511	211.386984	211.411732	210.793572	210.835774	
3.548663	211.48612	211.498999	210.892708	210.940493	
3.558764	211.584168	211.586265	210.990756	211.036487	
3.568959	211.682561	211.673532	211.089149	211.13248	
3.579091	211.779686	211.769525	211.186274	211.219746	
3.589287	211.876858	211.848065	211.283446	211.307013	
3.599448	211.973042	211.935331	211.37963	211.394279	
3.60954	212.067985	212.022598	211.474573	211.481545	
3.620792	212.173094	212.127317	211.579682	211.568812	
3.630962	212.267495	212.22331	211.674083	211.656078	
3.641129	212.361277	212.319304	211.767865	211.743345	
3.651909	212.459999	212.415297	211.866587	211.830611	
3.6616	212.548264	212.51129	211.954852	211.926604	
3.671502	212.637758	212.616009	212.044346	212.022598	
3.681655	212.728962	212.720729	212.13555	212.109864	
3.69186	212.820036	212.816722	212.226624	212.205857	
3.702008	212.909989	212.912715	212.316577	212.30185	
3.712097	212.998821	213.017435	212.405409	212.40657	
3.723433	213.097827	213.122155	212.504415	212.51129	
3.734431	213.193222	213.209421	212.599811	212.616009	
3.743748	213.273526	213.305415	212.680114	212.712003	
3.753847	213.35994	213.401408	212.766529	212.799269	
3.764309	213.448849	213.479947	212.855437	212.895262	
3.774162	213.532005	213.558487	212.938593	212.982529	
3.784304	213.616969	213.6283	213.023557	213.069795	
3.794482	213.701667	213.70684	213.108255	213.148335	
3.8046	213.785241	213.78538	213.191829	213.226875	
3.81476	213.868594	213.855193	213.275182	213.296688	
3.826296	213.962362	213.94246	213.36895	213.383954	
3.836465	214.044451	214.012273	213.451039	213.453768	
3.846626	214.125893	214.082086	213.532481	213.523581	
3.856771	214.206563	214.169353	213.613151	213.593394	
3.866918	214.286659	214.247892	213.693247	213.663207	
3.877765	214.371685	214.326432	213.778273	213.73302	
3.887294	214.445686	214.413699	213.852274	213.802833	
3.897581	214.525046	214.500965	213.931635	213.881373	
3.907695	214.602461	214.588232	214.009049	213.96864	
3.917949	214.680356	214.675498	214.086944	214.047179	
3.928963	214.763264	214.771491	214.169852	214.143173	
3.93912	214.839118	214.850031	214.245706	214.230439	
3.949262	214.914301	214.937297	214.320889	214.326432	
3.959463	214.98925	215.024564	214.395838	214.413699	
3.969547	215.06279	215.103104	214.469378	214.500965	
3.979752	215.13659	215.181643	214.543178	214.588232	
3.989924	215.209546	215.251457	214.616134	214.666771	
4.008092	215.337509	215.312543	214.744097	214.806398	
4.01264	215.369822	215.391083	214.77641	214.832578	
4.024253	215.45051	215.45217	214.857098	214.902391	
4.033465	215.514289	215.521983	214.920877	214.972204	
4.043493	215.583005	215.583069	214.989593	215.024564	
4.053718	215.652515	215.644156	215.059103	215.094377	
4.063783	215.720362	215.705242	215.12695	215.146737	
4.074238	215.790164	215.766329	215.196753	215.207823	
4.084036	215.855057	215.827415	215.261645	215.260183	
4.094235	215.921964	215.897228	215.328552	215.312543	
4.104355	215.987755	215.958315	215.394343	215.37363	
4.11447	216.052915	216.019402	215.459503	215.42599	
4.124644	216.11786	216.089215	215.524448	215.487076	
4.134905	216.182804	216.159028	215.589392	215.548163	
4.145484	216.248969	216.228841	215.655557	215.617976	
4.155603	216.311732	216.298654	215.71832	215.687789	
4.165633	216.373326	216.368467	215.779914	215.757602	
4.175799	216.435189	216.438281	215.841778	215.836142	
4.185956	216.496365	216.508094	215.902954	215.914682	
4.196116	216.556956	216.56918	215.963544	215.984495	
4.206451	216.619031	216.630267	216.025619	216.054308	
4.216656	216.67764	216.70008	216.084228	216.124121	
4.226759	216.73609	216.761166	216.142678	216.193934	
4.237007	216.794817	216.813526	216.201405	216.255021	
4.24716	216.85231	216.874613	216.258898	216.316107	
4.257203	216.908607	216.918246	216.315195	216.377194	
4.267362	216.964976	216.961879	216.371564	216.429554	
4.277541	217.020888	217.014239	216.427476	216.481914	
4.287723	217.076142	217.066599	216.48273	216.534274	
4.297855	217.13056	217.110232	216.537148	216.586634	
4.308003	217.184457	217.153866	216.591045	216.630267	
4.318169	217.237872	217.206225	216.64446	216.6739	
4.337732	217.337871	217.302219	216.744459	216.761166	
4.342535	217.36248	217.328398	216.769068	216.77862	
4.352473	217.412683	217.380758	216.819271	216.822253	
4.362597	217.463228	217.433118	216.869817	216.865886	
4.372748	217.513328	217.494205	216.919916	216.909519	
4.382987	217.563249	217.555291	216.969837	216.953153	
4.393061	217.611776	217.607651	217.018364	216.996786	
4.4032	217.659992	217.660011	217.06658	217.049146	
4.413347	217.707662	217.712371	217.11425	217.101506	
4.423645	217.755444	217.764731	217.162032	217.153866	
4.444256	217.847971	217.817091	217.25456	217.249859	
4.448899	217.86887	217.886904	217.275458	217.284765	
4.459025	217.913757	217.930537	217.320345	217.337125	
4.469149	217.958058	217.97417	217.364646	217.389485	
4.479345	218.002051	218.017804	217.40864	217.441845	
4.489491	218.045243	218.061437	217.451831	217.494205	
4.499629	218.087793	218.096343	217.494381	217.537838	
4.509822	218.129987	218.13125	217.536575	217.581471	
4.520082	218.171863	218.166156	217.578451	217.625104	
4.530088	218.212079	218.201063	217.618667	217.668738	
4.550725	218.292006	218.270876	217.698594	217.756004	
4.555391	218.310132	218.28833	217.71672	217.773457	
4.565536	218.348857	218.323236	217.755445	217.808364	
4.575689	218.387007	218.358143	217.793595	217.834544	
4.585879	218.424711	218.393049	217.831299	217.851997	
4.596037	218.461689	218.427956	217.868277	217.878177	
4.606158	218.49795	218.471589	217.904538	217.904357	
4.616353	218.533893	218.506496	217.940481	217.92181	
4.626487	218.569007	218.550129	217.975595	217.956717	
4.636691	218.603774	218.585036	218.010362	217.982897	
4.646872	218.637864	218.628669	218.044452	218.017804	
4.657	218.671188	218.672302	218.077776	218.043983	
4.66713	218.703924	218.707209	218.110512	218.087617	
4.677246	218.736038	218.742115	218.142626	218.122523	
4.687442	218.76781	218.777022	218.174398	218.166156	
4.697587	218.798824	218.811928	218.205412	218.201063	
4.707741	218.829271	218.846835	218.235859	218.244696	
4.717933	218.859249	218.881741	218.265837	218.28833	
4.728034	218.888379	218.916648	218.294967	218.323236	
4.738898	218.919022	218.951555	218.32561	218.366869	
4.748437	218.945433	218.969008	218.352021	218.401776	
4.758543	218.972809	219.003915	218.379397	218.436683	
4.768717	218.999779	219.038821	218.406367	218.462862	
4.778841	219.026044	219.056274	218.432632	218.480316	
4.788948	219.051673	219.082454	218.458261	218.497769	
4.799194	219.077064	219.108634	218.483652	218.515222	
4.80929	219.1015	219.126088	218.508088	218.523949	
4.819444	219.125502	219.134814	218.53209	218.532676	
4.829592	219.148911	219.143541	218.555499	218.550129	
4.83973	219.171706	219.152268	218.578294	218.558856	
4.852078	219.198534	219.169721	218.605122	218.576309	
4.862291	219.2202	219.178447	218.626788	218.593762	
4.87239	219.241046	219.195901	218.647634	218.619942	
4.8832	219.262689	219.213354	218.669277	218.637395	
4.893321	219.282404	219.230807	218.688992	218.654849	
4.903499	219.301637	219.248261	218.708225	218.689755	
4.921643	219.333691	219.283167	218.740279	218.724662	
4.926201	219.341788	219.318074	218.748376	218.742115	
4.936332	219.359087	219.35298	218.765675	218.768295	
4.946508	219.37589	219.387887	218.782478	218.794475	
4.956755	219.392282	219.414067	218.79887	218.820655	
4.966889	219.407813	219.448973	218.814401	218.846835	
4.977026	219.422843	219.475153	218.829431	218.873015	
4.987146	219.437288	219.492607	218.843876	218.890468	
4.997332	219.451263	219.501333	218.857851	218.907921	
5.007553	219.464707	219.51006	218.871295	218.916648	
5.017663	219.477458	219.51006	218.884046	218.934101	
5.027825	219.489714	219.51006	218.896302	218.934101	
5.037971	219.501399	219.501333	218.907987	218.934101	
5.048163	219.512579	219.492607	218.919167	218.934101	
5.060001	219.524766	219.492607	218.931354	218.934101	
5.070194	219.53475	219.48388	218.941338	218.925375	
5.080306	219.544119	219.492607	218.950707	218.925375	
5.090399	219.552941	219.492607	218.959529	218.925375	
5.100552	219.561277	219.501333	218.967865	218.925375	
5.110709	219.569087	219.518787	218.975675	218.934101	
5.120932	219.57641	219.544967	218.982998	218.934101	
5.131107	219.583181	219.56242	218.989769	218.951555	
5.141228	219.589403	219.5886	218.995991	218.969008	
5.151566	219.595227	219.61478	219.001815	218.986461	
5.162755	219.600903	219.632233	219.007491	219.003915	
5.172889	219.605581	219.649686	219.012169	219.021368	
5.183016	219.60978	219.649686	219.016368	219.038821	
5.193149	219.613516	219.649686	219.020104	219.065001	
5.203327	219.616815	219.649686	219.023403	219.073728	
5.213472	219.619666	219.649686	219.026254	219.082454	
5.223721	219.622119	219.632233	219.028707	219.082454	
5.233804	219.624147	219.632233	219.030735	219.082454	
5.243957	219.62582	219.61478	219.032408	219.073728	
5.25455	219.63076	219.597326	219.037348	219.065001	
5.265734	219.63076	219.5886	219.037348	219.056274	
5.275749	219.63076	219.579873	219.037348	219.038821	
5.285946	219.63076	219.579873	219.037348	219.021368	
5.29601	219.63076	219.579873	219.037348	219.012641	
5.306211	219.63076	219.5886	219.037348	218.995188	
5.316363	219.63076	219.597326	219.037348	218.986461	
5.32686	219.63076	219.61478	219.037348	218.986461	
5.336831	219.63076	219.632233	219.037348	218.986461	
5.346868	219.63076	219.649686	219.037348	218.995188	
5.357064	219.63076	219.66714	219.037348	219.003915	
5.377886	219.63076	219.69332	219.037348	219.030094	
5.387698	219.63076	219.702046	219.037348	219.047548	
5.397877	219.63076	219.702046	219.037348	219.065001	
5.407982	219.63076	219.684593	219.037348	219.073728	
5.418366	219.63076	219.66714	219.037348	219.091181	
5.428335	219.63076	219.649686	219.037348	219.091181	
5.438483	219.63076	219.632233	219.037348	219.091181	
5.448694	219.63076	219.597326	219.037348	219.091181	
5.458763	219.63076	219.579873	219.037348	219.073728	
5.468965	219.63076	219.56242	219.037348	219.065001	
5.47913	219.63076	219.553693	219.037348	219.038821	
5.489266	219.63076	219.56242	219.037348	219.030094	
5.499435	219.63076	219.56242	219.037348	219.003915	
5.509542	219.63076	219.579873	219.037348	218.986461	
5.519738	219.63076	219.597326	219.037348	218.969008	
5.529888	219.63076	219.632233	219.037348	218.969008	
5.54002	219.63076	219.649686	219.037348	218.969008	
5.550235	219.63076	219.684593	219.037348	218.969008	
5.560357	219.63076	219.702046	219.037348	218.977735	
5.570538	219.63076	219.728226	219.037348	218.995188	
5.580641	219.63076	219.736953	219.037348	219.012641	
5.590828	219.63076	219.728226	219.037348	219.038821	
5.601001	219.63076	219.702046	219.037348	219.065001	
5.611148	219.63076	219.684593	219.037348	219.082454	
5.621305	219.63076	219.649686	219.037348	219.108634	
5.631492	219.63076	219.61478	219.037348	219.117361	
5.641596	219.63076	219.579873	219.037348	219.117361	
5.651748	219.63076	219.544967	219.037348	219.117361	
5.66198	219.63076	219.527513	219.037348	219.108634	
5.672046	219.63076	219.518787	219.037348	219.091181	
5.682164	219.63076	219.527513	219.037348	219.073728	
5.692334	219.63076	219.553693	219.037348	219.038821	
5.702509	219.63076	219.579873	219.037348	219.012641	
5.712677	219.63076	219.623506	219.037348	218.986461	
5.722786	219.63076	219.66714	219.037348	218.969008	
5.73293	219.63076	219.702046	219.037348	218.951555	
5.743135	219.63076	219.736953	219.037348	218.951555	
5.753255	219.63076	219.754406	219.037348	218.951555	
5.763395	219.63076	219.754406	219.037348	218.969008	
5.773764	219.63076	219.736953	219.037348	218.986461	
5.783771	219.63076	219.7195	219.037348	219.003915	
5.793879	219.63076	219.684593	219.037348	219.038821	
5.804019	219.63076	219.632233	219.037348	219.065001	
5.814192	219.63076	219.5886	219.037348	219.091181	
5.824331	219.63076	219.553693	219.037348	219.108634	
5.834481	219.63076	219.527513	219.037348	219.126088	
5.844622	219.63076	219.518787	219.037348	219.126088	
5.854739	219.63076	219.527513	219.037348	219.117361	
5.864964	219.63076	219.544967	219.037348	219.108634	
5.875127	219.63076	219.571147	219.037348	219.091181	
5.88529	219.63076	219.61478	219.037348	219.065001	
5.895472	219.63076	219.649686	219.037348	219.038821	
5.905539	219.63076	219.684593	219.037348	219.003915	
5.915705	219.63076	219.7195	219.037348	218.977735	
5.944412	219.63076	219.745679	219.037348	218.934101	
5.949178	219.63076	219.754406	219.037348	218.934101	
