0.04557817	
0.05016599	
0.06073756	
0.07043917	
0.08056077	
0.09386523	
0.1036148	
0.1259479	
0.1303238	
0.1404044	
0.150645	
0.1607365	
0.1709071	
0.1810357	
0.1911813	
0.2013459	
0.2115115	
0.2216011	
0.2415303	
0.2458551	
0.2559897	
0.2661323	
0.2763499	
0.2864815	
0.2965761	
0.3067267	
0.3169073	
0.3270679	
0.3372095	
0.3473541	
0.3575646	
0.3676602	
0.3778238	
0.3879524	
0.398102	
0.4083156	
0.4183862	
0.4285708	
0.4387204	
0.448805	
0.4589326	
0.4690832	
0.4792568	
0.4893654	
0.499483	
0.5096385	
0.5197931	
0.5379584	
0.5423182	
0.5524678	
0.5626234	
0.572761	
0.5832456	
0.5931062	
0.6032008	
0.6133984	
0.623547	
0.6336386	
0.6438532	
0.6539888	
0.6641823	
0.6742839	
0.6844505	
0.6946751	
0.7047267	
0.7148783	
0.7258519	
0.7356945	
0.7458171	
0.7559237	
0.7661083	
0.7762628	
0.7863834	
0.796576	
0.8067626	
0.8170732	
0.8270238	
0.8371054	
0.847327	
0.8574496	
0.8676082	
0.8777628	
0.8879224	
0.89806	
0.9081276	
0.9183351	
0.9286297	
0.9387073	
0.9488199	
0.9589635	
0.9692991	
0.9792437	
0.9894153	
0.9995209	
1.009643	
1.01977	
1.030658	
1.040101	
1.050278	
1.060381	
1.070506	
1.080637	
1.090975	
1.100889	
1.111093	
1.121157	
1.131401	
1.141522	
1.151645	
1.161777	
1.17232	
1.182123	
1.192316	
1.202388	
1.212576	
1.222769	
1.2349	
1.242971	
1.253091	
1.263232	
1.273403	
1.283567	
1.293744	
1.303829	
1.314117	
1.324168	
1.334322	
1.344485	
1.354608	
1.364759	
1.374985	
1.385066	
1.399142	139.610673	139.608887	140.081912	140.080126	
1.408942	139.612363	139.608887	140.083602	140.080126	
1.419098	139.614748	139.617614	140.085987	140.088852	
1.429206	139.61773	139.62634	140.088969	140.088852	
1.439388	139.621361	139.62634	140.0926	140.097579	
1.449515	139.625584	139.62634	140.096823	140.097579	
1.459654	139.63043	139.635067	140.101669	140.097579	
1.469871	139.635946	139.635067	140.107184	140.106306	
1.480029	139.64204	139.643793	140.113279	140.115032	
1.490559	139.649039	139.643793	140.120278	140.115032	
1.509317	139.664085	139.65252	140.135323	140.123759	
1.513898	139.667682	139.65252	140.138921	140.132486	
1.524023	139.676431	139.661247	140.147669	140.132486	
1.534215	139.685864	139.661247	140.157103	140.141212	
1.544462	139.695981	139.669973	140.16722	140.149939	
1.554564	139.706558	139.6787	140.177797	140.149939	
1.564733	139.717838	139.6787	140.189076	140.167392	
1.574962	139.729799	139.6787	140.201038	140.167392	
1.585037	139.742196	139.696153	140.213435	140.184846	
1.595207	139.755329	139.696153	140.226568	140.193572	
1.605703	139.769561	139.713607	140.240799	140.202299	
1.615509	139.783406	139.722333	140.254645	140.219752	
1.625659	139.798363	139.73106	140.269602	140.228479	
1.635829	139.813975	139.748513	140.285214	140.245932	
1.645949	139.830119	139.765966	140.301357	140.263385	
1.656155	139.847033	139.78342	140.318272	140.280839	
1.666291	139.864445	139.8096	140.335683	140.298292	
1.676464	139.88254	139.83578	140.353779	140.324472	
1.686589	139.901167	139.86196	140.372406	140.341925	
1.69671	139.920401	139.88814	140.39164	140.368105	
1.707176	139.940971	139.923046	140.41221	140.394285	
1.717092	139.961011	139.949226	140.43225	140.420465	
1.727323	139.982333	139.975406	140.453571	140.446645	
1.73749	140.004142	140.010313	140.47538	140.472825	
1.747772	140.027136	140.036493	140.498375	140.499005	
1.757804	140.049571	140.062672	140.52081	140.533911	
1.767922	140.073121	140.097579	140.54436	140.560091	
1.778054	140.09732	140.115032	140.568559	140.586271	
1.788201	140.122172	140.141212	140.593411	140.612451	
1.798318	140.147573	140.167392	140.618812	140.638631	
1.809425	140.176234	140.193572	140.647473	140.673538	
1.819509	140.202812	140.219752	140.67405	140.708444	
1.829697	140.230297	140.237205	140.701536	140.734624	
1.847929	140.28194	140.263385	140.753179	140.778257	
1.852502	140.294814	140.289565	140.766053	140.795711	
1.862666	140.324256	140.307019	140.795495	140.821891	
1.8728	140.354215	140.341925	140.825454	140.848071	
1.882953	140.384857	140.359378	140.856096	140.882977	
1.89307	140.416005	140.385558	140.887244	140.909157	
1.903268	140.448025	140.411738	140.919264	140.935337	
1.91373	140.481555	140.437918	140.952794	140.970244	
1.923608	140.513747	140.464098	140.984985	140.996424	
1.933805	140.547628	140.490278	141.018867	141.022604	
1.943918	140.581859	140.525185	141.053098	141.05751	
1.954034	140.616693	140.551365	141.087932	141.08369	
1.964213	140.652375	140.594998	141.123614	141.10987	
1.974362	140.688562	140.638631	141.159801	141.144777	
1.984558	140.72556	140.682264	141.196798	141.179683	
1.994637	140.76272	140.725898	141.233959	141.205863	
2.004847	140.800993	140.769531	141.272232	141.24077	
2.0154	140.841278	140.813164	141.312517	141.284403	
2.02516	140.879017	140.856797	141.350256	141.31931	
2.035347	140.919083	140.900431	141.390322	141.354216	
2.045603	140.960041	140.95279	141.43128	141.397849	
2.055657	141.000802	140.996424	141.472041	141.441483	
2.065822	141.042623	141.040057	141.513862	141.485116	
2.07597	141.084991	141.08369	141.55623	141.537476	
2.086116	141.127977	141.127323	141.599216	141.581109	
2.09637	141.172068	141.170957	141.643307	141.633469	
2.106401	141.215771	141.21459	141.68701	141.685829	
2.121304	141.282312	141.26695	141.753551	141.755642	
2.131109	141.326454	141.310583	141.797693	141.808002	
2.141245	141.372755	141.354216	141.843993	141.851635	
2.159325	141.457737	141.424029	141.928976	141.938901	
2.163875	141.479046	141.441483	141.950285	141.965081	
2.174071	141.527627	141.485116	141.998865	142.008715	
2.184199	141.576491	141.528749	142.04773	142.061074	
2.194343	141.626056	141.581109	142.097295	142.104708	
2.204487	141.676243	141.624742	142.147482	142.148341	
2.21465	141.727149	141.668375	142.198388	142.200701	
2.224879	141.779027	141.720735	142.250266	142.244334	
2.237034	141.841605	141.773095	142.312844	142.296694	
2.245066	141.883212	141.825455	142.354451	142.340327	
2.263214	141.979848	141.938901	142.451087	142.418867	
2.267956	142.005035	141.965081	142.476274	142.445047	
2.27794	142.0588	142.026168	142.530039	142.497407	
2.28807	142.114003	142.087254	142.585242	142.549767	
2.298228	142.169941	142.148341	142.64118	142.610853	
2.308306	142.226253	142.209427	142.697492	142.663213	
2.31848	142.28339	142.279241	142.754629	142.7243	
2.328763	142.341938	142.340327	142.813177	142.785386	
2.338847	142.399933	142.401414	142.871172	142.846473	
2.348991	142.45891	142.4625	142.930149	142.907559	
2.359183	142.518815	142.523587	142.990054	142.977372	
2.371043	142.589436	142.575947	143.060675	143.038459	
2.379423	142.639577	142.637033	143.110816	143.099545	
2.389614	142.701313	142.69812	143.172552	143.169359	
2.399688	142.762952	142.75048	143.23419	143.239172	
2.409842	142.825701	142.820293	143.29694	143.300258	
2.428501	142.943601	142.881379	143.41484	143.422431	
2.433103	142.97254	142.959919	143.443779	143.457338	
2.443234	143.037176	143.012279	143.508415	143.518424	
2.453358	143.102383	143.082092	143.573622	143.588238	
2.463516	143.168441	143.151905	143.63968	143.649324	
2.473678	143.235106	143.221718	143.706345	143.710411	
2.483816	143.30225	143.282805	143.773489	143.780224	
2.49434	143.372653	143.352618	143.843892	143.850037	
2.504506	143.441218	143.422431	143.912457	143.911123	
2.514626	143.510112	143.483518	143.981351	143.97221	
2.527513	143.599017	143.562058	144.070256	144.042023	
2.535076	143.651339	143.640597	144.122578	144.10311	
2.545133	143.721601	143.710411	144.19284	144.172923	
2.555272	143.793105	143.78895	144.264344	144.242736	
2.565414	143.865276	143.86749	144.336515	144.312549	
2.575592	143.938254	143.94603	144.409493	144.382362	
2.594135	144.073857	144.02457	144.545096	144.513262	
2.598675	144.106934	144.120563	144.578173	144.548169	
2.608863	144.182053	144.199103	144.653292	144.626708	
2.619221	144.259098	144.277643	144.730337	144.705248	
2.63187	144.354272	144.356182	144.825511	144.783788	
2.639307	144.410314	144.443449	144.881553	144.862328	
2.649443	144.487525	144.521989	144.958764	144.949594	
2.659575	144.565298	144.600529	145.036536	145.028134	
2.669753	144.644109	144.670342	145.115348	145.106674	
2.680286	144.726274	144.740155	145.197513	145.19394	
2.690088	144.803313	144.827421	145.274552	145.281207	
2.700178	144.883204	144.897235	145.354443	145.368473	
2.710383	144.96469	144.967048	145.435928	145.447013	
2.736448	145.17813	145.150307	145.649369	145.656453	
2.743969	145.239572	145.228847	145.710811	145.726266	
2.754101	145.323115	145.29866	145.794354	145.804806	
2.764256	145.407434	145.385927	145.878673	145.892072	
2.774401	145.492354	145.473193	145.963593	145.970612	
2.784638	145.578599	145.551733	146.049838	146.049152	
2.794736	145.664315	145.647726	146.135554	146.136418	
2.804893	145.75116	145.734993	146.222399	146.214958	
2.81511	145.839138	145.822259	146.310377	146.293498	
2.825153	145.926183	145.909525	146.397422	146.380764	
2.837471	146.034089	146.014245	146.505328	146.468031	
2.845541	146.104903	146.101512	146.576142	146.555297	
2.85566	146.194505	146.197505	146.665744	146.642564	
2.865817	146.285046	146.293498	146.756285	146.738557	
2.875905	146.375598	146.380764	146.846837	146.825823	
2.886128	146.468011	146.485484	146.93925	146.921816	
2.896299	146.560519	146.572751	147.031758	147.01781	
2.906393	146.652953	146.67747	147.124192	147.113803	
2.916602	146.747107	146.764737	147.218345	147.201069	
2.926706	146.840836	146.86073	147.312075	147.305789	
2.938755	146.953736	146.947996	147.424975	147.401782	
2.947104	147.032081	147.043989	147.50332	147.497775	
2.957183	147.127458	147.131256	147.598697	147.602495	
2.967461	147.225349	147.218522	147.696588	147.698488	
2.977542	147.321986	147.323242	147.793225	147.794481	
2.987914	147.422106	147.410509	147.893345	147.899201	
2.99785	147.518492	147.506502	147.989731	148.003921	
3.007972	147.617342	147.602495	148.088581	148.10864	
3.018116	147.717055	147.689761	148.188294	148.204633	
3.028253	147.817385	147.794481	148.288624	148.300627	
3.038395	147.918282	147.881748	148.389521	148.39662	
3.048702	148.021454	147.986467	148.492693	148.492613	
3.058829	148.123453	148.08246	148.594692	148.597333	
3.068931	148.225801	148.178453	148.69704	148.693326	
3.079107	148.329533	148.2919	148.800772	148.789319	
3.097382	148.519057	148.387893	148.990295	148.963852	
3.101989	148.565836	148.527519	149.037075	149.016212	
3.112134	148.671303	148.632239	149.142542	149.112205	
3.122253	148.77704	148.754412	149.248279	149.216924	
3.132401	148.884122	148.867859	149.355361	149.321644	
3.145117	149.018574	148.981305	149.489812	149.426364	
3.152778	149.099994	149.103478	149.571233	149.531084	
3.162909	149.208359	149.208198	149.679598	149.64453	
3.173067	149.317601	149.330371	149.78884	149.757976	
3.183229	149.427559	149.435091	149.898798	149.871423	
3.193411	149.538379	149.557264	150.009618	149.993596	
3.203504	149.648773	149.661983	150.120011	150.098316	
3.213729	149.759407	149.766703	150.230646	150.220489	
3.223864	149.868425	149.888876	150.339664	150.342662	
3.234168	149.98211	149.993596	150.453349	150.456108	
3.246581	150.110544	150.107042	150.581783	150.578281	
3.254331	150.192484	150.220489	150.663723	150.691728	
3.272333	150.380526	150.421202	150.851765	150.901167	
3.276869	150.427957	150.464835	150.899195	150.962254	
3.287089	150.534037	150.587008	151.005276	151.0757	
3.297639	150.64291	150.700454	151.114149	151.189146	
3.307714	150.746249	150.813901	151.217488	151.302593	
3.317903	150.850144	150.91862	151.321383	151.407313	
3.328056	150.953038	151.02334	151.424277	151.512032	
3.338135	151.054628	151.12806	151.525867	151.616752	
3.352139	151.19451	151.23278	151.665749	151.704019	
3.358506	151.257843	151.328773	151.729082	151.808738	
3.368713	151.358796	151.424766	151.830035	151.896005	
3.378811	151.458114	151.512032	151.929353	151.983271	
3.388929	151.556998	151.616752	152.028237	152.079264	
3.399345	151.658157	151.704019	152.129396	152.166531	
3.409272	151.753955	151.791285	152.225194	152.253797	
3.41941	151.851199	151.887278	152.322438	152.341064	
3.42959	151.948198	151.974545	152.419437	152.42833	
3.4397	152.043951	152.061811	152.51519	152.50687	
3.449827	152.139243	152.149078	152.610482	152.602863	
3.460126	152.235543	152.236344	152.706782	152.69013	
3.470207	152.329141	152.332337	152.80038	152.777396	
3.480334	152.422609	152.419604	152.893848	152.873389	
3.490446	152.515274	152.50687	152.986513	152.960656	
3.500765	152.609286	152.594137	153.080525	153.056649	
3.510799	152.700066	152.681403	153.171305	153.152642	
3.520909	152.79086	152.777396	153.262099	153.248635	
3.531251	152.883182	152.873389	153.354421	153.344628	
3.541295	152.972209	152.960656	153.443448	153.449348	
3.551768	153.064389	153.065375	153.535628	153.545341	
3.561757	153.15172	153.152642	153.622959	153.641334	
3.571857	153.239376	153.257362	153.710615	153.746054	
3.582086	153.327585	153.353355	153.798824	153.83332	
3.592211	153.414324	153.449348	153.885563	153.93804	
3.602326	153.500257	153.536614	153.971496	154.025306	
3.612512	153.586242	153.632607	154.057481	154.112573	
3.62259	153.670663	153.728601	154.141902	154.208566	
3.632791	153.75555	153.80714	154.226788	154.287106	
3.642911	153.839114	153.88568	154.310353	154.374372	
3.653081	153.922506	153.972947	154.393745	154.452912	
3.663385	154.006369	154.051486	154.477608	154.531452	
3.673418	154.087347	154.130026	154.558586	154.609992	
3.683582	154.168853	154.199839	154.640092	154.679805	
3.693783	154.249988	154.269653	154.721227	154.758345	
3.703857	154.329559	154.339466	154.800798	154.819431	
3.714085	154.409742	154.409279	154.880981	154.889244	
3.72422	154.488487	154.479092	154.959726	154.959058	
3.734419	154.567164	154.548905	155.038403	155.028871	
3.744634	154.645335	154.618718	155.116574	155.098684	
3.754672	154.721566	154.688532	155.192805	155.168497	
3.773391	154.861213	154.758345	155.332452	155.299397	
3.778008	154.895664	154.863065	155.366903	155.334303	
3.788134	154.970531	154.941604	155.44177	155.404117	
3.798298	155.045086	155.020144	155.516325	155.482656	
3.808522	155.119494	155.107411	155.590733	155.561196	
3.818657	155.192589	155.18595	155.663828	155.639736	
3.828749	155.264756	155.273217	155.735995	155.718276	
3.838891	155.336697	155.351757	155.807936	155.796816	
3.84901	155.407875	155.439023	155.879114	155.875355	
3.859298	155.479608	155.508836	155.950846	155.962622	
3.869705	155.551557	155.587376	156.022796	156.041162	
3.879524	155.618793	155.665916	156.090032	156.119702	
3.88965	155.687563	155.735729	156.158802	156.198241	
3.899769	155.755692	155.805542	156.22693	156.276781	
3.91831	155.87804	155.875355	156.349279	156.407681	
3.922886	155.908287	155.953895	156.379526	156.433861	
3.933049	155.974691	156.014982	156.44593	156.503674	
3.943267	156.040821	156.084795	156.51206	156.573487	
3.953289	156.105093	156.145882	156.576332	156.625847	
3.963478	156.169873	156.206968	156.641111	156.69566	
3.973783	156.234712	156.259328	156.705951	156.74802	
3.983864	156.297572	156.329141	156.768811	156.80038	
3.993998	156.360091	156.381501	156.83133	156.861467	
4.004125	156.422002	156.433861	156.893241	156.9051	
4.01431	156.483658	156.494947	156.954897	156.966186	
4.024507	156.544759	156.556034	157.015998	157.00982	
4.034654	156.60497	156.608394	157.076209	157.070906	
4.044781	156.664433	156.66948	157.135672	157.123266	
4.05492	156.723375	156.72184	157.194614	157.175626	
4.065105	156.781987	156.782927	157.253226	157.227986	
4.075311	156.840085	156.835287	157.311324	157.289072	
4.08543	156.897057	156.887646	157.368296	157.341432	
4.095964	156.955743	156.948733	157.426982	157.402519	
4.105696	157.009376	157.00982	157.480615	157.463605	
4.126406	157.120398	157.131993	157.591637	157.585778	
4.130975	157.144946	157.158172	157.616185	157.611958	
4.141321	157.199802	157.219259	157.671041	157.673045	
4.15132	157.252223	157.271619	157.723462	157.734131	
4.171718	157.356162	157.376339	157.827401	157.838851	
4.176429	157.38021	157.411245	157.851449	157.882484	
4.186504	157.430918	157.463605	157.902157	157.943571	
4.196629	157.481454	157.515965	157.952693	157.995931	
4.20676	157.531122	157.568325	158.002361	158.04829	
4.216915	157.580427	157.620685	158.051666	158.10065	
4.227101	157.629291	157.664318	158.10053	158.15301	
4.239447	157.687568	157.707951	158.158807	158.196643	
4.247473	157.725127	157.751584	158.196366	158.249003	
4.257577	157.771789	157.795218	158.243028	158.301363	
4.26793	157.818971	157.847578	158.29021	158.33627	
4.278775	157.867684	157.882484	158.338923	158.38863	
4.288686	157.911609	157.926117	158.382848	158.432263	
4.298735	157.955588	157.969751	158.426827	158.475896	
4.30891	157.999516	158.004657	158.470755	158.510803	
4.319326	158.043828	158.039564	158.515066	158.545709	
4.3292	158.085273	158.083197	158.556512	158.580616	
4.339355	158.127277	158.12683	158.598516	158.624249	
4.349537	158.168805	158.161737	158.640044	158.659156	
4.359718	158.209706	158.20537	158.680945	158.694062	
4.36981	158.249671	158.249003	158.72091	158.737695	
4.38147	158.295011	158.292637	158.766249	158.772602	
4.391312	158.332717	158.33627	158.803956	158.807509	
4.401439	158.37095	158.379903	158.842189	158.851142	
4.411529	158.408438	158.423536	158.879677	158.886048	
4.422069	158.446932	158.458443	158.918171	158.920955	
4.432099	158.482995	158.493349	158.954234	158.955862	
4.442255	158.518905	158.528256	158.990144	158.999495	
4.452424	158.554258	158.580616	159.025497	159.034401	
4.462552	158.588865	158.615522	159.060104	159.069308	
4.472779	158.623219	158.650429	159.094458	159.104215	
4.484143	158.660607	158.685336	159.131845	159.147848	
4.493961	158.69234	158.720242	159.163579	159.182754	
4.504046	158.724378	158.755149	159.195616	159.217661	
4.514226	158.756115	158.781329	159.227354	159.252568	
4.524355	158.787093	158.807509	159.258332	159.287474	
4.534567	158.817721	158.842415	159.28896	159.322381	
4.544772	158.847721	158.868595	159.31896	159.357287	
4.554866	158.876801	158.894775	159.348039	159.392194	
4.565024	158.905485	158.920955	159.376724	159.418374	
4.575224	158.933669	158.947135	159.404908	159.45328	
4.586859	158.965007	158.982042	159.436246	159.488187	
4.605056	159.011749	159.016948	159.482988	159.53182	
4.609604	159.023472	159.034401	159.494711	159.540547	
4.619729	159.048863	159.051855	159.520102	159.558	
4.638224	159.092831	159.078035	159.56407	159.575454	
4.64277	159.103692	159.104215	159.574931	159.58418	
4.652932	159.127245	159.121668	159.598484	159.592907	
4.663186	159.150401	159.147848	159.62164	159.601633	
4.673213	159.172474	159.174028	159.643713	159.61036	
4.684978	159.197549	159.191481	159.668788	159.627813	
4.693608	159.215574	159.217661	159.686813	159.63654	
4.703726	159.236085	159.235114	159.707324	159.66272	
4.7139	159.256129	159.252568	159.727368	159.680173	
4.724023	159.275494	159.270021	159.746733	159.697627	
4.734228	159.294427	159.287474	159.765666	159.723806	
4.744376	159.31267	159.296201	159.783909	159.749986	
4.754507	159.330309	159.313654	159.801548	159.776166	
4.764737	159.347533	159.331107	159.818772	159.802346	
4.774806	159.363923	159.348561	159.835162	159.828526	
4.787559	159.383686	159.366014	159.854925	159.854706	
4.795211	159.395302	159.374741	159.866541	159.880886	
4.805346	159.410072	159.392194	159.881311	159.907066	
4.815504	159.424297	159.409647	159.895536	159.933246	
4.8256	159.437876	159.427101	159.909115	159.950699	
4.835806	159.451031	159.444554	159.92227	159.976879	
4.845992	159.463588	159.462007	159.934827	159.985606	
4.85612	159.475516	159.47946	159.946754	159.994333	
4.866284	159.486928	159.496914	159.958167	159.994333	
4.876368	159.497694	159.514367	159.968933	160.003059	
4.886558	159.508019	159.53182	159.979258	160.003059	
4.896834	159.517861	159.540547	159.9891	159.994333	
4.906886	159.526955	159.558	159.998193	159.985606	
4.917072	159.535621	159.566727	160.00686	159.985606	
4.927364	159.543819	159.575454	160.015058	159.985606	
4.937395	159.551544	159.575454	160.022783	159.994333	
4.947599	159.558356	159.575454	160.029595	159.994333	
4.957674	159.564819	159.575454	160.036058	160.003059	
4.967899	159.570851	159.566727	160.04209	160.011786	
4.978029	159.576317	159.566727	160.047556	160.020512	
4.988121	159.581272	159.566727	160.052511	160.029239	
4.998652	159.585902	159.575454	160.057141	160.046692	
5.008815	159.589897	159.575454	160.061136	160.055419	
5.018924	159.593411	159.575454	160.06465	160.072872	
5.029039	159.59648	159.592907	160.067719	160.081599	
5.039392	159.599167	159.592907	160.070406	160.090326	
5.049375	159.601367	159.601633	160.072606	160.090326	
5.059513	159.603214	159.61036	160.074453	160.090326	
5.069663	159.608887	159.61036	160.080126	160.090326	
5.079837	159.608887	159.61036	160.080126	160.081599	
5.100475	159.608887	159.619087	160.080126	160.081599	
5.105104	159.608887	159.627813	160.080126	160.072872	
5.115242	159.608887	159.619087	160.080126	160.072872	
5.125375	159.608887	159.619087	160.080126	160.064146	
5.135561	159.608887	159.61036	160.080126	160.064146	
5.145716	159.608887	159.61036	160.080126	160.064146	
5.155862	159.608887	159.61036	160.080126	160.064146	
5.166036	159.608887	159.61036	160.080126	160.064146	
5.176186	159.608887	159.61036	160.080126	160.064146	
5.186286	159.608887	159.61036	160.080126	160.064146	
5.196489	159.608887	159.61036	160.080126	160.064146	
5.206597	159.608887	159.61036	160.080126	160.064146	
5.216839	159.608887	159.61036	160.080126	160.064146	
5.226951	159.608887	159.61036	160.080126	160.064146	
5.237092	159.608887	159.61036	160.080126	160.064146	
5.247388	159.608887	159.61036	160.080126	160.064146	
5.257529	159.608887	159.61036	160.080126	160.064146	
5.267592	159.608887	159.61036	160.080126	160.064146	
5.277768	159.608887	159.61036	160.080126	160.064146	
5.287975	159.608887	159.61036	160.080126	160.064146	
5.298032	159.608887	159.61036	160.080126	160.064146	
5.308202	159.608887	159.61036	160.080126	160.064146	
5.318386	159.608887	159.61036	160.080126	160.064146	
5.328581	159.608887	159.61036	160.080126	160.064146	
5.338668	159.608887	159.61036	160.080126	160.064146	
5.348833	159.608887	159.61036	160.080126	160.064146	
5.358967	159.608887	159.61036	160.080126	160.064146	
5.369088	159.608887	159.61036	160.080126	160.064146	
5.379259	159.608887	159.61036	160.080126	160.064146	
5.389421	159.608887	159.61036	160.080126	160.064146	
5.399569	159.608887	159.61036	160.080126	160.064146	
5.409691	159.608887	159.61036	160.080126	160.064146	
5.419915	159.608887	159.61036	160.080126	160.064146	
5.430072	159.608887	159.61036	160.080126	160.064146	
5.440164	159.608887	159.61036	160.080126	160.064146	
5.450275	159.608887	159.61036	160.080126	160.064146	
5.460442	159.608887	159.61036	160.080126	160.064146	
5.470582	159.608887	159.61036	160.080126	160.064146	
5.480814	159.608887	159.61036	160.080126	160.064146	
5.490902	159.608887	159.61036	160.080126	160.064146	
5.501006	159.608887	159.61036	160.080126	160.064146	
5.511242	159.608887	159.61036	160.080126	160.064146	
5.52132	159.608887	159.61036	160.080126	160.064146	
5.531511	159.608887	159.61036	160.080126	160.064146	
5.541821	159.608887	159.61036	160.080126	160.064146	
5.551804	159.608887	159.61036	160.080126	160.064146	
5.56194	159.608887	159.61036	160.080126	160.064146	
5.572061	159.608887	159.61036	160.080126	160.064146	
5.582274	159.608887	159.61036	160.080126	160.064146	
5.592394	159.608887	159.61036	160.080126	160.064146	
5.602548	159.608887	159.61036	160.080126	160.064146	
5.612696	159.608887	159.61036	160.080126	160.064146	
5.622808	159.608887	159.61036	160.080126	160.064146	
5.632983	159.608887	159.61036	160.080126	160.064146	
5.643152	159.608887	159.61036	160.080126	160.064146	
5.653299	159.608887	159.61036	160.080126	160.064146	
5.663507	159.608887	159.61036	160.080126	160.064146	
5.693516	159.608887	159.61036	160.080126	160.064146	
