0.0375577	
0.04219954	
0.05236619	
0.06259084	
0.07276948	
0.08296513	
0.09307278	
0.1031954	
0.1133971	
0.1235427	
0.1336604	
0.143817	
0.1539917	
0.1641673	
0.174284	
0.1844346	
0.1945813	
0.2047679	
0.2148926	
0.2250072	
0.2351599	
0.2453185	
0.2554582	
0.2656058	
0.2757305	
0.2858791	
0.2960368	
0.3061814	
0.3164091	
0.3265387	
0.3366774	
0.346909	
0.3569966	
0.3671273	
0.3774849	
0.3874476	
0.3975612	
0.4076969	
0.4178335	
0.4281342	
0.4382448	
0.4484035	
0.4585431	
0.4686298	
0.4788274	
0.4889641	
0.4991947	
0.5092504	
0.519381	
0.5296867	
0.5396733	
0.54982	
0.5599306	
0.5700823	
0.5805229	
0.5906256	
0.6007152	
0.6109019	
0.6212585	
0.6311332	
0.6413008	
0.6513995	
0.6615341	
0.6716798	
0.693081	
0.6975359	
0.7075735	
0.7176792	
0.7278088	
0.7382555	
0.7481571	
0.7583128	
0.7684564	
0.7785511	
0.7887207	
0.7988244	
0.808998	
0.8192057	
0.8292893	
0.839415	
0.8498856	
0.8597242	
0.8698339	
0.8799795	
0.8901402	
0.9003488	
0.9131444	
0.9206431	
0.9307518	
0.9408514	
0.9513041	
0.9611537	
0.9713084	
0.981435	
0.9915517	
1.001731	
1.011859	
1.029808	
1.034179	
1.052229	
1.056577	
1.066697	
1.076902	
1.088383	
1.098496	
1.108595	
1.118687	
1.128854	
1.139052	
1.149604	
1.159305	
1.16947	
1.179572	
1.189718	
1.199888	
1.210015	
1.220113	
1.230253	
1.240397	
1.259287	
1.263614	
1.273802	
1.283896	
1.294025	
1.304212	
1.314367	
1.32456	
1.334654	
1.344808	
1.355249	
1.367078	
1.377197	
1.387408	
1.39749	
1.407627	
1.417853	
1.427961	
1.438105	
1.44824	
1.458403	
1.468528	
1.478672	
1.488947	
1.499164	
1.509233	
1.51935	
1.5296	
1.539654	
1.54979	
1.559927	
1.570069	
1.580256	
1.590402	
1.614318	59.6517788	59.6466272	59.9397582	59.9346065	
1.619055	59.652659	59.6466272	59.9406383	59.9346065	
1.62906	59.6552796	59.6553538	59.9432589	59.9346065	
1.639211	59.6585615	59.6553538	59.9465408	59.9433332	
1.649687	59.6626191	59.6553538	59.9505984	59.9520598	
1.659512	59.6669803	59.6553538	59.9549596	59.9607865	
1.669617	59.6720894	59.6640805	59.9600687	59.9695131	
1.679778	59.6778473	59.6728071	59.9658266	59.9782397	
1.689898	59.6841958	59.6728071	59.9721751	59.9869664	
1.700646	59.6916595	59.6728071	59.9796389	59.995693	
1.710177	59.6987736	59.6815338	59.986753	59.995693	
1.720431	59.7071259	59.6902604	59.9951052	59.995693	
1.738365	59.7239734	59.6989871	60.0119527	59.9869664	
1.742917	59.7281972	59.7077137	60.0161765	59.9869664	
1.753032	59.7383761	59.7077137	60.0263554	59.995693	
1.763266	59.7493058	59.725167	60.0372852	59.995693	
1.773341	59.760669	59.725167	60.0486483	60.0044197	
1.78357	59.7728447	59.7426203	60.060824	60.0131463	
1.793723	59.7855307	59.7426203	60.07351	60.0305996	
1.803816	59.7987629	59.7600736	60.0867422	60.0393263	
1.813996	59.8127294	59.7688002	60.1007087	60.0567796	
1.824229	59.8274014	59.7775269	60.1153807	60.0742329	
1.834368	59.8425496	59.7862535	60.1305289	60.0916861	
1.844574	59.8584314	59.8037068	60.1464107	60.1178661	
1.85468	59.8747626	59.8211601	60.1627419	60.1353194	
1.864827	59.8917826	59.8386134	60.1797619	60.1614993	
1.875047	59.9095433	59.8647933	60.1975226	60.1789526	
1.885151	59.9277278	59.8822466	60.2157071	60.2051325	
1.89531	59.9466113	59.9084266	60.2345906	60.2313125	
1.905408	59.9660007	59.9346065	60.25398	60.2487658	
1.915596	59.9861965	59.9607865	60.2741759	60.2836724	
1.925824	60.0071031	59.9869664	60.2950824	60.3098523	
1.935937	60.028359	60.0131463	60.3163383	60.3360322	
1.946109	60.0503854	60.0393263	60.3383647	60.3622122	
1.956254	60.0729635	60.0655062	60.3609429	60.3883921	
1.966363	60.0960712	60.0916861	60.3840505	60.4232987	
1.976576	60.1200504	60.1265927	60.4080297	60.4494786	
1.986722	60.144493	60.144046	60.4324724	60.4756586	
1.996894	60.1696075	60.170226	60.4575868	60.5018385	
2.007018	60.1952088	60.1964059	60.4831881	60.5280185	
2.017144	60.2214539	60.2225858	60.5094333	60.5541984	
2.027409	60.2486935	60.2487658	60.5366728	60.5803783	
2.037517	60.2761055	60.2749457	60.5640849	60.5978316	
2.047649	60.3042075	60.3011257	60.5921868	60.6327382	
2.057921	60.333335	60.3273056	60.6213144	60.6501915	
2.068224	60.3639065	60.3534855	60.6518858	60.6763714	
2.078196	60.3926827	60.3709388	60.6806621	60.7025514	
2.088318	60.4232201	60.3971188	60.7111994	60.7287313	
2.098471	60.4544923	60.4232987	60.7424716	60.7549113	
2.108644	60.4864222	60.440752	60.7744015	60.7723646	
2.11872	60.5186928	60.4756586	60.8066721	60.7985445	
2.129071	60.5524757	60.4931119	60.840455	60.8247244	
2.139216	60.5861638	60.5280185	60.8741431	60.8509044	
2.149276	60.6202008	60.562925	60.9081802	60.8770843	
2.159387	60.6550254	60.5978316	60.9430047	60.9119909	
2.169859	60.6917843	60.6327382	60.9797636	60.9381708	
2.179689	60.7268122	60.6763714	61.0147915	60.9730774	
2.189835	60.763612	60.7200047	61.0515913	61.007984	
2.200638	60.8035428	60.7549113	61.0915221	61.0428906	
2.210088	60.8389318	60.7985445	61.1269112	61.0865238	
2.220252	60.8776565	60.8421777	61.1656358	61.1301571	
2.231516	60.9213743	60.885811	61.2093536	61.1825169	
2.241403	60.9602704	60.9294442	61.2482497	61.2261502	
2.25153	61.0007454	60.9818041	61.2887247	61.2697834	
2.261646	61.0417859	61.0254373	61.3297652	61.3221433	
2.271898	61.084038	61.0690705	61.3720173	61.3657765	
2.289853	61.1603439	61.156337	61.4483232	61.453043	
2.294398	61.1795909	61.1737903	61.4675703	61.4704963	
2.312598	61.2594752	61.2174235	61.5474546	61.5664894	
2.317122	61.2792451	61.2697834	61.5672244	61.5839427	
2.329975	61.3368299	61.3134166	61.6248093	61.6363025	
2.337539	61.3708735	61.3657765	61.6588528	61.6799358	
2.347625	61.4170075	61.4094097	61.7049868	61.7322956	
2.358044	61.4653169	61.453043	61.7532962	61.7759289	
2.368024	61.5121798	61.5054028	61.8001591	61.8195621	
2.378384	61.5618662	61.5490361	61.8498455	61.8631953	
2.388915	61.6122703	61.6013959	61.9002496	61.9155552	
2.399023	61.6616032	61.6450292	61.9495826	61.9591884	
2.409509	61.7134981	61.6973891	62.0014775	62.0115483	
2.419375	61.7628368	61.7497489	62.0508161	62.0551816	
2.429824	61.8157962	61.8021088	62.1037755	62.0988148	
2.440017	61.8680895	61.8544687	62.1560688	62.142448	
2.449867	61.9191541	61.9068286	62.2071334	62.1948079	
2.459944	61.9720223	61.9591884	62.2600016	62.2384411	
2.470065	62.0257533	62.0115483	62.3137326	62.290801	
2.48023	62.0803502	62.0726348	62.3683295	62.3431609	
2.490418	62.1356724	62.1249947	62.4236517	62.4042474	
2.500677	62.1920137	62.1860812	62.479993	62.4653339	
2.510735	62.2478405	62.2384411	62.5358198	62.5176938	
2.520888	62.30485	62.2995276	62.5928293	62.587507	
2.531354	62.3642666	62.3606142	62.652246	62.6485935	
2.541265	62.4211228	62.4217007	62.7091022	62.70968	
2.551366	62.479634	62.4827872	62.7676133	62.7620399	
2.561513	62.5390777	62.5438737	62.8270571	62.8318531	
2.57164	62.5990013	62.6049603	62.8869806	62.8929396	
2.581828	62.6599286	62.6660468	62.9479079	62.9627528	
2.592055	62.7217058	62.7271333	63.0096851	63.0238393	
2.602137	62.7831941	62.7969465	63.0711734	63.0849258	
2.61231	62.8458858	62.858033	63.1338651	63.1460123	
2.622453	62.9090029	62.9191195	63.1969822	63.2070989	
2.632651	62.9731198	62.9802061	63.2610991	63.2681854	
2.642889	63.038093	63.0412926	63.3260724	63.3379986	
2.652955	63.1025322	63.1111058	63.3905115	63.3903584	
2.663084	63.1680179	63.1634656	63.4559973	63.4601716	
2.673212	63.2341455	63.2332788	63.5221248	63.5212581	
2.695602	63.3841288	63.3729051	63.6721081	63.6608845	
2.700611	63.4176173	63.4078117	63.7055966	63.6870644	
2.710303	63.482983	63.4776249	63.7709623	63.7481509	
2.720528	63.5526023	63.5387114	63.8405816	63.8179641	
2.731153	63.6256916	63.6085246	63.9136709	63.8877773	
2.743275	63.7100044	63.6783378	63.9979837	63.9663171	
2.750934	63.7634764	63.7568776	64.0514557	64.018677	
2.761094	63.8351728	63.8266907	64.1231521	64.0972168	
2.771241	63.907352	63.8965039	64.1953314	64.1757566	
2.781345	63.9798435	63.9663171	64.2678228	64.2455698	
2.791527	64.0535554	64.0535835	64.3415347	64.3241096	
2.801727	64.1279784	64.1321234	64.4159578	64.4026494	
2.81182	64.2022654	64.2106632	64.4902447	64.4899159	
2.821995	64.2777497	64.2804764	64.565729	64.5684557	
2.832213	64.3541956	64.3677428	64.642175	64.6469955	
2.844556	64.4476247	64.437556	64.735604	64.734262	
2.852815	64.5103413	64.5248224	64.7983207	64.8128018	
2.862943	64.5879635	64.5946356	64.8759428	64.8913416	
2.873092	64.6663651	64.6731754	64.9543444	64.9698814	
2.883258	64.7455341	64.7517152	65.0335134	65.0571479	
2.893417	64.8252517	64.8302551	65.1132311	65.1356877	
2.903561	64.9055004	64.9087949	65.1934797	65.2055009	
2.913761	64.9867939	64.9960613	65.2747733	65.2927673	
2.923885	65.0681024	65.0658745	65.3560817	65.3713071	
2.934038	65.1502631	65.1444143	65.4382425	65.4498469	
2.946842	65.2550532	65.2229541	65.5430325	65.5283868	
2.954743	65.3198526	65.3102206	65.6078319	65.6069266	
2.96462	65.4015675	65.3974871	65.6895468	65.694193	
2.974698	65.4855777	65.4760269	65.7735571	65.7727329	
2.984809	65.570469	65.5632934	65.8584483	65.8599993	
2.995046	65.6570764	65.6418332	65.9450557	65.9385391	
3.005147	65.7430815	65.7290996	66.0310608	66.0258056	
3.015298	65.8301663	65.8163661	66.1181457	66.1130721	
3.025439	65.9178431	65.9036326	66.2058225	66.2003385	
3.035598	66.006252	65.990899	66.2942314	66.287605	
3.045769	66.0953422	66.0781655	66.3833216	66.3748715	
3.055974	66.1854093	66.1654319	66.4733886	66.4621379	
3.066073	66.275132	66.2614251	66.5631113	66.5494044	
3.076256	66.3662257	66.3486915	66.6542051	66.6366708	
3.086363	66.4572411	66.4446846	66.7452204	66.732664	
3.096558	66.5496844	66.5319511	66.8376637	66.8286571	
3.106718	66.642447	66.6192175	66.9304263	66.9159235	
3.116862	66.7356343	66.7152107	67.0236136	67.0119166	
3.127013	66.8295321	66.8024771	67.1175114	67.1079097	
3.137128	66.9237284	66.8984702	67.2117078	67.1951762	
3.147373	67.0197408	66.9944633	67.3077201	67.2911693	
3.157539	67.1156684	67.0904564	67.4036477	67.3871624	
3.167645	67.2115934	67.1777229	67.4995727	67.4831555	
3.177903	67.3096069	67.273716	67.5975862	67.5791486	
3.18803	67.4069895	67.3697091	67.6949688	67.6838684	
3.198357	67.5079773	67.4744289	67.7959566	67.7711349	
3.208315	67.6039261	67.570422	67.8919054	67.8758546	
3.218432	67.703038	67.6664151	67.9910174	67.9718477	
3.228646	67.803759	67.7711349	68.0917383	68.0765675	
3.23876	67.9040848	67.8758546	68.1920641	68.1725606	
3.248941	68.0057595	67.9805744	68.2937388	68.2772803	
3.259281	68.1096481	68.0852941	68.3976274	68.3820001	
3.269298	68.2107729	68.1900139	68.4987522	68.4867198	
3.279417	68.3136371	68.3034603	68.6016164	68.5914396	
3.289544	68.417188	68.40818	68.7051673	68.6961594	
3.29987	68.5234611	68.5216264	68.8114404	68.8008791	
3.309857	68.6267728	68.6263462	68.9147521	68.9143255	
3.320004	68.7323414	68.7310659	69.0203207	69.0277719	
3.330163	68.8387068	68.8357857	69.1266861	69.1412183	
3.340285	68.9453092	68.9492321	69.2332885	69.2546647	
3.359276	69.1480231	69.0626785	69.4360025	69.4466509	
3.363875	69.1969384	69.2023048	69.4849178	69.4990108	
3.374185	69.3076129	69.3070246	69.5955922	69.6124572	
3.384551	69.4229007	69.4291976	69.71088	69.717177	
3.394313	69.5254612	69.542644	69.8134405	69.8306234	
3.404463	69.6362685	69.6560904	69.9242478	69.9353431	
3.414567	69.7453595	69.7608102	70.0333388	70.0400629	
3.424763	69.8547722	69.8829832	70.1427515	70.1447826	
3.434908	69.963041	69.987703	70.2510203	70.258229	
3.445041	70.0705749	70.1011494	70.3585542	70.3716754	
3.45521	70.1779097	70.2058692	70.465889	70.4763952	
3.465384	70.2847368	70.3193156	70.5727161	70.5898416	
3.475571	70.3910232	70.4153087	70.6790026	70.6945614	
3.48568	70.4958424	70.5200284	70.7838217	70.8080078	
3.495858	70.6008143	70.6247482	70.8887937	70.9127275	
3.505977	70.704574	70.7381946	70.9925533	71.0174473	
3.516172	70.8085163	70.8429143	71.0964956	71.122167	
3.526273	70.9108494	70.9389074	71.1988288	71.2268868	
3.536449	71.0133684	71.0349006	71.3013478	71.3316065	
3.546611	71.1151263	71.148347	71.4031056	71.4363263	
3.556968	71.2182262	71.2443401	71.5062055	71.541046	
3.56728	71.320241	71.3490598	71.6082203	71.6457658	
3.577398	71.4197081	71.4450529	71.7076874	71.7504855	
3.587584	71.5192093	71.541046	71.8071886	71.8464787	
3.597686	71.6173087	71.6457658	71.905288	71.9424718	
3.607774	71.7149869	71.7417589	72.0029662	72.0384649	
3.618037	71.813124	71.837752	72.1011033	72.134458	
3.628163	71.9096513	71.9250185	72.1976306	72.2304511	
3.638292	72.0055539	72.0297382	72.2935332	72.3264442	
3.648439	72.1010746	72.1170047	72.3890539	72.4224373	
3.65857	72.1958758	72.2042712	72.4838551	72.5097038	
3.668848	72.2913857	72.3002643	72.579365	72.6056969	
3.678968	72.3847267	72.3962574	72.672706	72.6929633	
3.689183	72.4784357	72.4835238	72.766415	72.7802298	
3.699354	72.5710862	72.5707903	72.8590655	72.8762229	
3.709756	72.6652582	72.6580568	72.9532376	72.9634894	
3.719553	72.7533169	72.7453232	73.0412963	73.0594825	
3.729712	72.8440646	72.8413163	73.1320439	73.1380223	
3.739856	72.9340536	72.9373094	73.2220329	73.2340154	
3.749979	73.0232609	73.0158493	73.3112402	73.3125552	
3.760147	73.1122878	73.1118424	73.4002672	73.4085483	
3.771275	73.2089626	73.1991088	73.4969419	73.4958148	
3.781081	73.2935169	73.2951019	73.5814962	73.5830813	
3.791208	73.38027	73.3823684	73.6682493	73.6703477	
3.801302	73.4661995	73.4609082	73.7541788	73.7576142	
3.811553	73.5528064	73.5569013	73.8407858	73.8448807	
3.82164	73.637391	73.6354411	73.9253704	73.9321471	
3.831799	73.7220601	73.7314343	74.0100394	74.0194136	
3.841978	73.8061934	73.8099741	74.0941727	74.10668	
3.852196	73.8900898	73.8972405	74.1780692	74.1939465	
3.862584	73.9747401	73.984507	74.2627195	74.281213	
3.874176	74.068406	74.0805001	74.3563853	74.3772061	
3.883979	74.1469906	74.1677666	74.4349699	74.4557459	
3.894139	74.2278763	74.2463064	74.5158556	74.5342857	
3.904279	74.308021	74.3335728	74.5960003	74.6128255	
3.914406	74.3874433	74.4208393	74.6754226	74.700092	
3.924671	74.4673382	74.4906525	74.7553176	74.7699052	
3.934738	74.54504	74.5779189	74.8330193	74.8571716	
3.944902	74.6229407	74.6477321	74.91092	74.9269848	
3.955113	74.7005558	74.7349986	74.9885351	75.0055246	
3.965187	74.7765584	74.8048117	75.0645377	75.0840644	
3.976739	74.8629333	74.8920782	75.1509126	75.1626042	
3.986628	74.9362379	74.9618914	75.2242173	75.2411441	
3.996843	75.0113812	75.0404312	75.2993606	75.3109572	
4.006952	75.0851393	75.1102444	75.3731187	75.3807704	
4.017071	75.1583892	75.1800575	75.4463685	75.4593102	
4.027281	75.2316815	75.2498707	75.5196608	75.5291234	
4.0374	75.3037208	75.3284105	75.5917001	75.5989366	
4.047532	75.3752203	75.3982237	75.6631997	75.6687497	
4.057717	75.4465241	75.4593102	75.7345034	75.7385629	
4.067792	75.5164297	75.5291234	75.804409	75.8083761	
4.0795	75.5968671	75.6076632	75.8848465	75.8869159	
4.089385	75.6641913	75.6774764	75.9521706	75.956729	
4.099515	75.7325814	75.7385629	76.0205607	76.0265422	
4.10959	75.8000187	75.8171027	76.087998	76.0963554	
4.119922	75.8685677	75.8781892	76.156547	76.1661686	
4.129944	75.9344727	75.9392758	76.222452	76.2359817	
4.140074	76.0004558	76.0090889	76.2884352	76.3057949	
4.150206	76.0658684	76.0789021	76.3538477	76.3756081	
4.160338	76.1306527	76.1487153	76.418632	76.4366946	
4.180389	76.2560196	76.2185284	76.543999	76.5675943	
4.185007	76.2848994	76.3145215	76.5728787	76.5937742	
4.195248	76.3482984	76.3843347	76.6362777	76.6548607	
4.205565	76.4115896	76.4541479	76.6995689	76.7246739	
4.223636	76.520008	76.5675943	76.8079873	76.8293937	
4.228177	76.5473129	76.6025009	76.8352922	76.8643003	
4.238312	76.6074996	76.6635874	76.8954789	76.9253868	
4.248507	76.6674086	76.7246739	76.955388	76.9864733	
4.258654	76.7264686	76.7770338	77.0144479	77.0388332	
4.268813	76.785016	76.8293937	77.0729953	77.0999197	
4.281555	76.8573704	76.8817536	77.1453497	77.1610062	
4.289286	76.9010102	76.9341134	77.1889895	77.2133661	
4.299366	76.9572456	76.9864733	77.2452249	77.2744526	
4.309443	77.0128815	77.0388332	77.3008608	77.3268125	
4.319547	77.0680847	77.0911931	77.356064	77.3791724	
4.329919	77.1241251	77.1348263	77.4121045	77.4402589	
4.339869	77.1772876	77.1784595	77.4652669	77.4926188	
4.349997	77.2308124	77.2308194	77.5187917	77.536252	
4.360356	77.2849392	77.2831793	77.5729185	77.5886119	
4.370295	77.3362915	77.3355392	77.6242708	77.6322451	
4.398908	77.4778119	77.387899	77.7657912	77.7718715	
4.403504	77.5006891	77.5013454	77.7886684	77.7980514	
4.413603	77.5503302	77.5537053	77.8383096	77.8416846	
4.423723	77.5994482	77.6147918	77.8874275	77.8940445	
4.433968	77.6485815	77.6671517	77.9365609	77.9376777	
4.444076	77.6964296	77.7195116	77.9844089	77.9900376	
4.454241	77.743968	77.7718715	78.0319473	78.0336709	
4.464388	77.7908325	77.8242313	78.0788118	78.0860307	
4.474523	77.8370353	77.8765912	78.1250146	78.1383906	
4.487026	77.893064	77.9289511	78.1810434	78.1820238	
4.494901	77.9280737	77.9638577	78.216053	78.2256571	
4.505026	77.9724183	78.0162176	78.2603976	78.278017	
4.515244	78.0165784	78.0511241	78.3045578	78.3303768	
4.52528	78.0593641	78.0860307	78.3473434	78.3740101	
4.535484	78.1022775	78.129664	78.3902568	78.4176433	
4.545632	78.144347	78.1645706	78.4323264	78.4700032	
4.555808	78.1859272	78.2082038	78.4739065	78.5049098	
4.565949	78.2267613	78.2431104	78.5147406	78.548543	
4.57607	78.2669416	78.278017	78.5549209	78.5921762	
4.588315	78.3146384	78.3129235	78.6026177	78.6270828	
4.596479	78.3461012	78.3478301	78.6340805	78.670716	
4.606622	78.3845584	78.3827367	78.6725377	78.7056226	
4.616753	78.4224972	78.4176433	78.7104765	78.7492558	
4.626883	78.4596093	78.4525499	78.7475887	78.7841624	
4.637085	78.4964992	78.4874565	78.7844785	78.819069	
4.647213	78.5325208	78.522363	78.8205001	78.8539756	
4.65733	78.5679267	78.5572696	78.855906	78.8888822	
4.667511	78.6029666	78.5921762	78.8909459	78.9237888	
4.6776	78.6370823	78.6270828	78.9250616	78.9499687	
4.69841	78.7043599	78.696896	78.9923392	79.0110552	
4.70303	78.719386	78.7143493	79.0073653	79.0285085	
4.713149	78.7515168	78.7492558	79.0394961	79.0634151	
4.723342	78.783306	78.7841624	79.0712854	79.0895951	
4.733393	78.8140769	78.8103424	79.1020562	79.1245016	
4.743579	78.8446623	78.8365223	79.1326416	79.1506816	
4.753743	78.8746076	78.8714289	79.1625869	79.1768615	
4.763912	78.9039495	78.9063355	79.1919289	79.2030415	
4.774037	78.9325907	78.9325154	79.22057	79.237948	
4.784156	78.9606298	78.9586954	79.2486091	79.264128	
4.797041	78.9953037	78.9936019	79.2832831	79.2990346	
4.80452	79.0152013	79.0110552	79.3031806	79.3252145	
4.814688	79.0415958	79.0459618	79.3295751	79.3426678	
4.824831	79.0673504	79.0721418	79.3553298	79.3775744	
4.834953	79.0924647	79.0983217	79.380444	79.4037543	
4.845135	79.1171487	79.1245016	79.4051281	79.4212076	
4.855271	79.1411208	79.1506816	79.4291002	79.4473876	
4.865407	79.1645288	79.1768615	79.4525081	79.4735675	
4.875556	79.1873653	79.1943148	79.4753447	79.4997474	
4.885682	79.2095778	79.2204947	79.4975571	79.5172007	
4.897955	79.2362412	79.237948	79.5242205	79.5433807	
4.906093	79.2525225	79.2554013	79.5405018	79.5695606	
4.916519	79.2735874	79.2815813	79.5615667	79.5870139	
4.92631	79.2928218	79.2990346	79.5808011	79.6131938	
4.936436	79.3121416	79.3164879	79.600121	79.6219205	
4.946582	79.3309279	79.3339411	79.6189072	79.6306471	
4.95683	79.3493127	79.3513944	79.637292	79.6393738	
4.966903	79.3668172	79.3688477	79.6547965	79.6393738	
4.977045	79.3838687	79.386301	79.6718481	79.6481004	
4.987225	79.4004058	79.4037543	79.6883852	79.6568271	
4.999143	79.4189408	79.412481	79.7069202	79.6742804	
5.007582	79.4317234	79.4299343	79.7197027	79.683007	
5.017694	79.4464509	79.4473876	79.7344302	79.7004603	
5.027842	79.4606625	79.4561142	79.7486419	79.7179136	
5.038025	79.4743619	79.4648408	79.7623412	79.7266402	
5.048384	79.4877846	79.4822941	79.7757639	79.7440935	
5.058339	79.4999836	79.4910208	79.787963	79.7615468	
5.068445	79.5119066	79.4997474	79.7998859	79.7790001	
5.078626	79.5233492	79.5084741	79.8113285	79.7877268	
5.08879	79.5342564	79.5172007	79.8222357	79.80518	
5.098868	79.5444718	79.5259274	79.8324511	79.8226333	
5.109157	79.5543582	79.534654	79.8423375	79.83136	
5.11923	79.5635034	79.5521073	79.8514827	79.8488133	
5.129373	79.5721785	79.560834	79.8601579	79.8662666	
5.13959	79.5803695	79.5695606	79.8683488	79.8749932	
5.149906	79.5880917	79.5782872	79.876071	79.8837199	
5.159837	79.5950255	79.5870139	79.8830048	79.8837199	
5.170007	79.6016001	79.6044672	79.8895794	79.8837199	
5.180133	79.6076379	79.6044672	79.8956172	79.8749932	
5.19025	79.6131643	79.6219205	79.9011436	79.8662666	
5.200403	79.6182114	79.6219205	79.9061907	79.8662666	
5.210678	79.6228173	79.6306471	79.9107967	79.8662666	
5.228698	79.6290482	79.6393738	79.9170275	79.8837199	
5.233237	79.6306764	79.6393738	79.9186557	79.8837199	
5.243458	79.6337769	79.6481004	79.9217562	79.8924465	
5.253578	79.6364353	79.6568271	79.9244146	79.9011732	
5.263694	79.6386981	79.6568271	79.9266774	79.9011732	
5.273867	79.6405952	79.6481004	79.9285746	79.9186264	
5.284018	79.6421403	79.6393738	79.9301196	79.9273531	
5.294132	79.6466272	79.6393738	79.9346065	79.9360797	
5.30431	79.6466272	79.6306471	79.9346065	79.9360797	
5.314767	79.6466272	79.6306471	79.9346065	79.9360797	
5.324958	79.6466272	79.6306471	79.9346065	79.9360797	
5.335115	79.6466272	79.6219205	79.9346065	79.9360797	
5.345199	79.6466272	79.6219205	79.9346065	79.9360797	
5.355472	79.6466272	79.6306471	79.9346065	79.9360797	
5.365547	79.6466272	79.6393738	79.9346065	79.9360797	
5.375704	79.6466272	79.6393738	79.9346065	79.9360797	
5.385882	79.6466272	79.6393738	79.9346065	79.9360797	
5.396031	79.6466272	79.6481004	79.9346065	79.9360797	
5.406154	79.6466272	79.6481004	79.9346065	79.9360797	
5.41629	79.6466272	79.6481004	79.9346065	79.9360797	
5.426419	79.6466272	79.6393738	79.9346065	79.9360797	
5.436614	79.6466272	79.6393738	79.9346065	79.9360797	
5.446756	79.6466272	79.6393738	79.9346065	79.9360797	
5.456915	79.6466272	79.6393738	79.9346065	79.9360797	
5.467032	79.6466272	79.6393738	79.9346065	79.9360797	
5.477226	79.6466272	79.6393738	79.9346065	79.9360797	
5.487368	79.6466272	79.6393738	79.9346065	79.9360797	
5.497515	79.6466272	79.6393738	79.9346065	79.9360797	
5.50768	79.6466272	79.6393738	79.9346065	79.9360797	
5.517766	79.6466272	79.6393738	79.9346065	79.9360797	
5.527908	79.6466272	79.6393738	79.9346065	79.9360797	
5.538154	79.6466272	79.6393738	79.9346065	79.9360797	
5.548511	79.6466272	79.6393738	79.9346065	79.9360797	
5.558491	79.6466272	79.6393738	79.9346065	79.9360797	
5.568575	79.6466272	79.6393738	79.9346065	79.9360797	
5.578731	79.6466272	79.6393738	79.9346065	79.9360797	
5.589181	79.6466272	79.6393738	79.9346065	79.9360797	
5.599059	79.6466272	79.6393738	79.9346065	79.9360797	
5.609199	79.6466272	79.6393738	79.9346065	79.9360797	
5.619432	79.6466272	79.6393738	79.9346065	79.9360797	
5.629501	79.6466272	79.6393738	79.9346065	79.9360797	
5.639641	79.6466272	79.6393738	79.9346065	79.9360797	
5.649809	79.6466272	79.6393738	79.9346065	79.9360797	
5.659995	79.6466272	79.6393738	79.9346065	79.9360797	
5.670096	79.6466272	79.6393738	79.9346065	79.9360797	
5.680209	79.6466272	79.6393738	79.9346065	79.9360797	
5.690363	79.6466272	79.6393738	79.9346065	79.9360797	
5.708832	79.6466272	79.6393738	79.9346065	79.9360797	
5.713371	79.6466272	79.6393738	79.9346065	79.9360797	
5.72353	79.6466272	79.6393738	79.9346065	79.9360797	
5.733641	79.6466272	79.6393738	79.9346065	79.9360797	
5.743828	79.6466272	79.6393738	79.9346065	79.9360797	
5.754061	79.6466272	79.6393738	79.9346065	79.9360797	
5.764157	79.6466272	79.6393738	79.9346065	79.9360797	
5.774261	79.6466272	79.6393738	79.9346065	79.9360797	
5.784449	79.6466272	79.6393738	79.9346065	79.9360797	
5.794574	79.6466272	79.6393738	79.9346065	79.9360797	
5.804832	79.6466272	79.6393738	79.9346065	79.9360797	
5.814911	79.6466272	79.6393738	79.9346065	79.9360797	
5.825065	79.6466272	79.6393738	79.9346065	79.9360797	
5.835303	79.6466272	79.6393738	79.9346065	79.9360797	
5.861393	79.6466272	79.6393738	79.9346065	79.9360797	
5.866227	79.6466272	79.6393738	79.9346065	79.9360797	
5.876417	79.6466272	79.6393738	79.9346065	79.9360797	
