0.03683846	
0.04151826	
0.05172484	
0.06196241	
0.07187599	
0.08219356	
0.09213715	
0.1022447	
0.1124373	
0.1305135	
0.1348194	
0.1450219	
0.1554855	
0.1652611	
0.1753807	
0.1935499	
0.1978327	
0.2080683	
0.2181789	
0.2283184	
0.238455	
0.2485606	
0.2588102	
0.2689207	
0.2790403	
0.2892739	
0.2993895	
0.3095121	
0.3196776	
0.3298132	
0.3400038	
0.3500634	
0.3602109	
0.3703515	
0.3804911	
0.3906887	
0.4007852	
0.4109398	
0.4211044	
0.4317089	
0.4413965	
0.4515141	
0.4616377	
0.4717603	
0.4819878	
0.4920534	
0.502222	
0.5123456	
0.5226211	
0.5326707	
0.5427783	
0.5531309	
0.5630994	
0.573254	
0.5833926	
0.5935822	
0.6036947	
0.6138523	
0.6240109	
0.6341565	
0.644297	
0.6544676	
0.6646182	
0.6747618	
0.6849373	
0.6950899	
0.7054325	
0.7153941	
0.7255296	
0.7357212	
0.7458488	
0.7559844	
0.7661529	
0.7762975	
0.7864571	
0.7965907	
0.8067592	
0.8169188	
0.8270854	
0.837193	
0.8473386	
0.8574821	
0.8676557	
0.8777513	
0.8979264	
0.9023283	
0.9124738	
0.9236554	
0.9337699	
0.9439105	
0.9540191	
0.9641917	
0.9743512	
0.9845118	
0.9947264	
1.004766	
1.014965	
1.025256	
1.03528	
1.045394	
1.055557	
1.073827	
1.078157	
1.08833	
1.098451	
1.108969	
1.118808	
1.128967	
1.139102	
1.149956	
1.159367	
1.169487	
1.179716	
1.18982	
1.199967	
1.210082	
1.220211	
1.230396	
1.2405	
1.250688	
1.260834	
1.27095	
1.288996	
1.293448	
1.303468	
1.313651	
1.323765	
1.333949	
1.344126	
1.354207	
1.364403	
1.374544	
1.384713	
1.394834	
1.405013	
1.415169	
1.425386	
1.435476	
1.445654	
1.45583	
1.465946	
1.480766	139.593413	139.591434	139.584686	139.582707	
1.490755	139.595198	139.591434	139.586471	139.582707	
1.500803	139.597602	139.591434	139.588875	139.582707	
1.510927	139.600641	139.591434	139.591915	139.582707	
1.529445	139.608728	139.60016	139.600001	139.591434	
1.533951	139.610624	139.608887	139.601898	139.591434	
1.544173	139.615737	139.608887	139.607011	139.591434	
1.55448	139.621533	139.62634	139.612806	139.60016	
1.564419	139.627699	139.62634	139.618972	139.608887	
1.574605	139.634651	139.635067	139.625925	139.617614	
1.584822	139.642256	139.643793	139.633529	139.62634	
1.594987	139.650432	139.65252	139.641705	139.635067	
1.605061	139.659144	139.661247	139.650418	139.643793	
1.615204	139.668537	139.669973	139.659811	139.65252	
1.625444	139.678653	139.6787	139.669926	139.661247	
1.635558	139.689252	139.696153	139.680526	139.6787	
1.645746	139.700564	139.70488	139.691837	139.696153	
1.655939	139.712487	139.713607	139.70376	139.713607	
1.665988	139.724849	139.73106	139.716122	139.722333	
1.676119	139.737931	139.739787	139.729204	139.739787	
1.686353	139.751792	139.75724	139.743065	139.75724	
1.69649	139.766112	139.765966	139.757386	139.765966	
1.706693	139.781163	139.78342	139.772436	139.78342	
1.716781	139.796649	139.792146	139.787922	139.800873	
1.72688	139.812769	139.800873	139.804043	139.818326	
1.737091	139.829693	139.818326	139.820966	139.83578	
1.74721	139.847073	139.83578	139.838346	139.844506	
1.757492	139.865385	139.853233	139.856659	139.86196	
1.767541	139.883873	139.86196	139.875146	139.879413	
1.777664	139.903104	139.879413	139.894377	139.896866	
1.788554	139.924553	139.896866	139.915827	139.914319	
1.798377	139.944421	139.914319	139.935694	139.931773	
1.808531	139.965611	139.940499	139.956884	139.949226	
1.818765	139.98759	139.957953	139.978863	139.975406	
1.829081	140.010392	139.975406	140.001666	139.992859	
1.838971	140.032812	140.001586	140.024086	140.010313	
1.849188	140.056617	140.027766	140.04789	140.036493	
1.859249	140.080667	140.045219	140.071941	140.053946	
1.869444	140.105651	140.080126	140.096924	140.080126	
1.87952	140.13098	140.097579	140.122253	140.106306	
1.890888	140.160336	140.132486	140.151609	140.132486	
1.900999	140.187041	140.158666	140.178315	140.158666	
1.911182	140.21455	140.184846	140.205823	140.184846	
1.921352	140.242646	140.219752	140.23392	140.219752	
1.931811	140.272227	140.245932	140.2635	140.254659	
1.94157	140.300342	140.272112	140.291615	140.289565	
1.951717	140.330228	140.307019	140.321502	140.324472	
1.961913	140.360894	140.333199	140.352167	140.359378	
1.971992	140.391786	140.359378	140.383059	140.394285	
1.982182	140.423673	140.394285	140.414946	140.429192	
1.993461	140.459754	140.429192	140.451027	140.464098	
2.003558	140.492626	140.464098	140.483899	140.499005	
2.013699	140.526243	140.499005	140.517516	140.533911	
2.023893	140.560687	140.533911	140.551961	140.560091	
2.033993	140.595417	140.568818	140.58669	140.594998	
2.044172	140.631053	140.603725	140.622326	140.629904	
2.054514	140.667907	140.629904	140.65918	140.664811	
2.064721	140.704879	140.664811	140.696152	140.699718	
2.074713	140.741667	140.699718	140.732941	140.734624	
2.084853	140.779634	140.734624	140.770907	140.769531	
2.096006	140.822185	140.778257	140.813458	140.804437	
2.106074	140.861146	140.813164	140.85242	140.839344	
2.116232	140.90109	140.848071	140.892363	140.874251	
2.126383	140.941615	140.891704	140.932889	140.917884	
2.136545	140.982825	140.935337	140.974099	140.95279	
2.146806	141.025067	140.97897	141.016341	140.987697	
2.156882	141.067131	141.022604	141.058404	141.040057	
2.167014	141.110075	141.066237	141.101349	141.074963	
2.177172	141.153711	141.10987	141.144984	141.127323	
2.187269	141.197712	141.153503	141.188985	141.170957	
2.198483	141.247395	141.205863	141.238668	141.223316	
2.208671	141.293117	141.249496	141.28439	141.26695	
2.218856	141.339416	141.29313	141.330689	141.31931	
2.228917	141.385767	141.336763	141.377041	141.371669	
2.239118	141.433431	141.389123	141.424704	141.415303	
2.24927	141.481425	141.432756	141.472699	141.467663	
2.269346	141.579454	141.528749	141.570727	141.563656	
2.273888	141.60151	141.546202	141.592783	141.589836	
2.283994	141.651404	141.598562	141.642677	141.642195	
2.2943	141.70296	141.650922	141.694233	141.685829	
2.304402	141.754082	141.703282	141.745355	141.738189	
2.314596	141.806306	141.755642	141.797579	141.790548	
2.324719	141.858747	141.816728	141.85002	141.842908	
2.334835	141.911968	141.877815	141.903241	141.895268	
2.345043	141.965974	141.930175	141.957247	141.947628	
2.355132	142.020089	141.991261	142.011363	141.999988	
2.365332	142.075471	142.052348	142.066745	142.052348	
2.375497	142.131266	142.104708	142.12254	142.104708	
2.385672	142.187693	142.157068	142.178966	142.165794	
2.395761	142.244278	142.209427	142.235551	142.226881	
2.406008	142.302418	142.270514	142.293692	142.279241	
2.416193	142.360805	142.314147	142.352079	142.340327	
2.426314	142.419409	142.375234	142.410682	142.401414	
2.436469	142.478864	142.427594	142.470137	142.453774	
2.446572	142.538602	142.48868	142.529875	142.523587	
2.456792	142.59968	142.54104	142.590953	142.575947	
2.46697	142.661128	142.602127	142.652401	142.637033	
2.477088	142.722807	142.663213	142.71408	142.69812	
2.487224	142.785231	142.733026	142.776505	142.759206	
2.497413	142.848582	142.785386	142.839855	142.820293	
2.507599	142.912599	142.855199	142.903873	142.881379	
2.51776	142.977009	142.925012	142.968282	142.942466	
2.527922	143.042056	142.994826	143.03333	143.012279	
2.538051	143.107514	143.064639	143.098787	143.082092	
2.548177	143.17358	143.134452	143.164853	143.151905	
2.558386	143.240822	143.212992	143.232095	143.221718	
2.568572	143.308845	143.282805	143.300118	143.291532	
2.578771	143.376918	143.361345	143.368192	143.361345	
2.588905	143.445514	143.431158	143.436787	143.431158	
2.599126	143.515355	143.500971	143.506629	143.500971	
2.609234	143.585007	143.579511	143.576281	143.570784	
2.619403	143.655667	143.649324	143.64694	143.640597	
2.629512	143.72652	143.727864	143.717793	143.710411	
2.639652	143.798265	143.797677	143.789539	143.780224	
2.650253	143.873939	143.86749	143.865212	143.850037	
2.660028	143.944251	143.937303	143.935525	143.91985	
2.670083	144.017193	144.007117	144.008467	143.99839	
2.680241	144.091504	144.07693	144.082778	144.07693	
2.690361	144.166188	144.146743	144.157461	144.146743	
2.700524	144.241773	144.216556	144.233046	144.216556	
2.711301	144.322656	144.295096	144.31393	144.303823	
2.721531	144.400031	144.373636	144.391304	144.373636	
2.731577	144.47659	144.443449	144.467863	144.443449	
2.741692	144.554322	144.513262	144.545595	144.521989	
2.752044	144.634549	144.600529	144.625822	144.600529	
2.762038	144.712583	144.670342	144.703857	144.670342	
2.772212	144.79261	144.757608	144.783883	144.757608	
2.782326	144.872776	144.836148	144.86405	144.827421	
2.792446	144.953645	144.923414	144.944918	144.914688	
2.803207	145.040342	145.019408	145.031615	145.001954	
2.813923	145.127372	145.106674	145.118646	145.089221	
2.82413	145.210863	145.19394	145.202137	145.176487	
2.834239	145.294162	145.281207	145.285436	145.263754	
2.844383	145.378352	145.368473	145.369625	145.35102	
2.854498	145.462913	145.45574	145.454187	145.438287	
2.876533	145.650907	145.638999	145.64218	145.630273	
2.881134	145.690021	145.673906	145.681295	145.665179	
2.891272	145.776995	145.761172	145.768268	145.761172	
2.901561	145.865947	145.848439	145.857221	145.848439	
2.913901	145.973699	145.935705	145.964973	145.935705	
2.922042	146.04497	146.014245	146.036243	146.022972	
2.931985	146.132692	146.101512	146.123965	146.118965	
2.942133	146.22291	146.188778	146.214183	146.206231	
2.952309	146.313954	146.276045	146.305228	146.293498	
2.962392	146.404791	146.363311	146.396065	146.380764	
2.980849	146.573605	146.520391	146.564878	146.537844	
2.985456	146.615634	146.564024	146.606907	146.572751	
2.99551	146.708197	146.660017	146.699471	146.668744	
3.015117	146.891684	146.83455	146.882957	146.83455	
3.019685	146.934294	146.88691	146.925568	146.88691	
3.029901	147.030462	146.982903	147.021736	146.982903	
3.040073	147.126807	147.087623	147.11808	147.078896	
3.050166	147.223069	147.183616	147.214342	147.183616	
3.060302	147.32033	147.288336	147.311603	147.279609	
3.070564	147.419465	147.384329	147.410738	147.384329	
3.080585	147.516828	147.480322	147.508101	147.480322	
3.090827	147.617015	147.585042	147.608288	147.585042	
3.100874	147.715845	147.689761	147.707118	147.689761	
3.111095	147.817058	147.785754	147.808332	147.794481	
3.122012	147.925972	147.890474	147.917245	147.907927	
3.131886	148.024932	147.986467	148.016205	148.003921	
3.142007	148.126959	148.091187	148.118232	148.10864	
3.152525	148.23386	148.18718	148.225134	148.21336	
3.162305	148.333567	148.2919	148.32484	148.31808	
3.172436	148.437636	148.39662	148.42891	148.4228	
3.190451	148.624991	148.579879	148.616264	148.606059	
3.19504	148.672663	148.632239	148.663936	148.649692	
3.205203	148.778987	148.736959	148.770261	148.754412	
3.21533	148.885623	148.841679	148.876896	148.859132	
3.225602	148.994433	148.955125	148.985706	148.963852	
3.235725	149.102191	149.068571	149.093464	149.068571	
3.245837	149.210476	149.173291	149.201749	149.173291	
3.256011	149.320048	149.295464	149.311322	149.278011	
3.2662	149.430471	149.400184	149.421744	149.391457	
3.276321	149.540671	149.504904	149.531945	149.504904	
3.28645	149.649792	149.609623	149.641065	149.609623	
3.296703	149.759659	149.72307	149.750933	149.72307	
3.306819	149.86742	149.836516	149.858693	149.836516	
3.316901	149.974296	149.941236	149.96557	149.949963	
3.327251	150.083281	150.054682	150.074554	150.063409	
3.337496	150.190557	150.168129	150.181831	150.176855	
3.347549	150.295236	150.272849	150.286509	150.290302	
3.357656	150.399897	150.386295	150.39117	150.403748	
3.367794	150.504295	150.499741	150.495569	150.508468	
3.377989	150.608639	150.613188	150.599912	150.621914	
3.388129	150.711828	150.717908	150.703101	150.726634	
3.398237	150.814063	150.831354	150.805336	150.831354	
3.408432	150.916626	150.936074	150.907899	150.936074	
3.418547	151.017776	151.040793	151.00905	151.040793	
3.429841	151.129908	151.15424	151.121181	151.145513	
3.440032	151.230502	151.25896	151.221776	151.250233	
3.450126	151.329574	151.354953	151.320848	151.346226	
3.460235	151.428126	151.450946	151.419399	151.442219	
3.470505	151.527712	151.546939	151.518985	151.529486	
3.48056	151.624598	151.634205	151.615871	151.625479	
3.490708	151.721736	151.730199	151.713009	151.712745	
3.500824	151.817979	151.808738	151.809252	151.800012	
3.511372	151.917723	151.904731	151.908996	151.896005	
3.521915	152.016731	151.983271	152.008004	151.983271	
3.532492	152.115411	152.087991	152.106685	152.079264	
3.542702	152.21005	152.175257	152.201323	152.175257	
3.552788	152.302937	152.262524	152.29421	152.262524	
3.563015	152.396534	152.358517	152.387807	152.358517	
3.573235	152.489428	152.45451	152.480701	152.45451	
3.583379	152.581049	152.541777	152.572322	152.541777	
3.593592	152.672662	152.63777	152.663935	152.646496	
3.603665	152.762465	152.733763	152.753738	152.742489	
3.613798	152.852182	152.829756	152.843455	152.838483	
3.624012	152.942002	152.925749	152.933276	152.925749	
3.635308	153.040607	153.030469	153.03188	153.030469	
3.645483	153.128772	153.135189	153.120046	153.135189	
3.656038	153.219662	153.222455	153.210935	153.231182	
3.665727	153.302438	153.309721	153.293711	153.318448	
3.675866	153.388533	153.405715	153.379806	153.405715	
3.686009	153.474034	153.501708	153.465307	153.492981	
3.696242	153.559704	153.580248	153.550977	153.580248	
3.70636	153.643807	153.658787	153.63508	153.667514	
3.716497	153.727458	153.737327	153.718732	153.746054	
3.726621	153.810419	153.815867	153.801693	153.83332	
3.738157	153.904188	153.903133	153.895462	153.920587	
3.748261	153.985651	153.972947	153.976924	153.999127	
3.758452	154.067254	154.04276	154.058527	154.06894	
3.768698	154.148706	154.112573	154.139979	154.14748	
3.779042	154.230853	154.182386	154.222126	154.217293	
3.788976	154.308032	154.252199	154.299306	154.287106	
3.799084	154.386588	154.330739	154.377861	154.356919	
3.80926	154.465019	154.409279	154.456292	154.435459	
3.819398	154.54258	154.487819	154.533854	154.513999	
3.831285	154.632735	154.566359	154.624008	154.583812	
3.840693	154.70356	154.671078	154.694834	154.671078	
3.850872	154.779518	154.758345	154.770792	154.749618	
3.860934	154.854045	154.836885	154.845318	154.828158	
3.871149	154.929128	154.915424	154.920401	154.915424	
3.881763	155.006458	155.002691	154.997731	155.002691	
3.89145	155.076499	155.089957	155.067772	155.081231	
3.901561	155.149011	155.168497	155.140284	155.159771	
3.911691	155.22106	155.247037	155.212333	155.23831	
3.921853	155.292746	155.31685	155.28402	155.31685	
3.931998	155.363693	155.386663	155.354966	155.39539	
3.943541	155.443646	155.465203	155.43492	155.47393	
3.953566	155.512448	155.535016	155.503721	155.55247	
3.963617	155.580893	155.596103	155.572166	155.622283	
3.973782	155.649495	155.657189	155.640768	155.683369	
3.9839	155.717211	155.718276	155.708484	155.753182	
3.994115	155.784964	155.770636	155.776237	155.814269	
4.004245	155.851519	155.831722	155.842793	155.866629	
4.014401	155.91767	155.892809	155.908943	155.927715	
4.02456	155.983238	155.962622	155.974512	155.980075	
4.034693	156.048055	156.014982	156.039328	156.032435	
4.0459	156.118979	156.084795	156.110252	156.093522	
4.056093	156.182924	156.154608	156.174198	156.154608	
4.066241	156.245922	156.215695	156.237195	156.206968	
4.076368	156.308217	156.276781	156.299491	156.268055	
4.086506	156.369994	156.346594	156.361268	156.329141	
4.096678	156.43137	156.416408	156.422643	156.381501	
4.106847	156.492143	156.486221	156.483416	156.451314	
4.116984	156.552111	156.556034	156.543384	156.512401	
4.127125	156.611521	156.61712	156.602795	156.582214	
4.137283	156.670397	156.678207	156.66167	156.652027	
4.148579	156.735475	156.74802	156.726748	156.730567	
4.158712	156.792639	156.809107	156.783912	156.791653	
4.168828	156.849424	156.870193	156.840697	156.861467	
4.179046	156.906183	156.93128	156.897456	156.922553	
4.189155	156.961768	156.98364	156.953041	156.98364	
4.199355	157.017219	157.035999	157.008493	157.044726	
4.209575	157.072173	157.088359	157.063446	157.105813	
4.219624	157.125652	157.140719	157.116926	157.158172	
4.229817	157.179264	157.184352	157.170538	157.210532	
4.240293	157.233736	157.236712	157.225009	157.262892	
4.251268	157.290097	157.289072	157.28137	157.323979	
4.26344	157.351712	157.332705	157.342985	157.367612	
4.271464	157.391997	157.376339	157.38327	157.411245	
4.281654	157.442531	157.428699	157.433805	157.454878	
4.291969	157.493086	157.472332	157.484359	157.498512	
4.301928	157.541317	157.515965	157.53259	157.542145	
4.312088	157.589914	157.568325	157.581187	157.585778	
4.322214	157.637765	157.620685	157.629038	157.629411	
4.332331	157.684982	157.673045	157.676255	157.673045	
4.342492	157.731828	157.725405	157.723102	157.707951	
4.353793	157.783129	157.777764	157.774403	157.760311	
4.363967	157.828745	157.830124	157.820018	157.803944	
4.374115	157.873641	157.873757	157.864915	157.847578	
4.384302	157.918119	157.917391	157.909392	157.891211	
4.394387	157.961588	157.969751	157.952861	157.943571	
4.404579	158.004885	158.013384	157.996159	157.987204	
4.414728	158.047424	158.057017	158.038698	158.039564	
4.424903	158.089474	158.10065	158.080747	158.083197	
4.435119	158.131082	158.144284	158.122356	158.135557	
4.44521	158.171599	158.187917	158.162872	158.17919	
4.456368	158.215671	158.23155	158.206945	158.23155	
4.466584	158.255432	158.266457	158.246706	158.275183	
4.476695	158.294177	158.301363	158.28545	158.318816	
4.486848	158.332519	158.344996	158.323792	158.36245	
4.496973	158.370155	158.379903	158.361429	158.397356	
4.507196	158.407563	158.41481	158.398837	158.440989	
4.517345	158.444097	158.449716	158.435371	158.475896	
4.52748	158.479999	158.484623	158.471272	158.510803	
4.537706	158.515627	158.510803	158.5069	158.545709	
4.547768	158.550094	158.545709	158.541368	158.580616	
4.559109	158.588201	158.580616	158.579475	158.624249	
4.569083	158.621142	158.615522	158.612416	158.650429	
4.579227	158.654058	158.650429	158.645331	158.685336	
4.589371	158.686392	158.685336	158.677665	158.720242	
4.599459	158.717989	158.711516	158.709262	158.755149	
4.609673	158.749362	158.737695	158.740635	158.781329	
4.619839	158.779987	158.772602	158.771261	158.807509	
4.629943	158.809861	158.807509	158.801134	158.833689	
4.640093	158.839273	158.833689	158.830546	158.859869	
4.650497	158.868817	158.859869	158.86009	158.886048	
4.661521	158.899393	158.894775	158.890666	158.912228	
4.671684	158.927021	158.929682	158.918295	158.938408	
4.68181	158.953966	158.955862	158.945239	158.964588	
4.691921	158.980288	158.982042	158.971561	158.990768	
4.702121	159.00626	158.999495	158.997534	159.016948	
4.712279	159.03153	159.034401	159.022804	159.051855	
4.722409	159.056165	159.051855	159.047439	159.078035	
4.732594	159.080335	159.078035	159.071608	159.104215	
4.742713	159.10377	159.104215	159.095043	159.130395	
4.753372	159.127815	159.121668	159.119088	159.156574	
4.764537	159.152287	159.139121	159.14356	159.182754	
4.774525	159.17363	159.165301	159.164904	159.200208	
4.784701	159.194796	159.191481	159.186069	159.208934	
4.794837	159.215303	159.208934	159.206577	159.217661	
4.804945	159.235186	159.226388	159.226459	159.226388	
4.815159	159.254699	159.243841	159.245972	159.235114	
4.825299	159.273496	159.270021	159.264769	159.243841	
4.835441	159.291719	159.287474	159.282992	159.261294	
4.845592	159.309387	159.313654	159.30066	159.278748	
4.855713	159.326438	159.322381	159.317711	159.296201	
4.871977	159.352109	159.348561	159.343382	159.331107	
4.882141	159.367744	159.366014	159.359017	159.348561	
4.892259	159.382751	159.383467	159.374025	159.374741	
4.902368	159.397189	159.400921	159.388462	159.400921	
4.920834	159.421293	159.418374	159.412566	159.435827	
4.925378	159.427273	159.427101	159.418547	159.45328	
4.935534	159.439956	159.435827	159.431229	159.462007	
4.945729	159.452127	159.45328	159.443401	159.47946	
4.955817	159.463628	159.462007	159.454901	159.488187	
4.965977	159.474662	159.47946	159.465935	159.488187	
4.976373	159.485381	159.488187	159.476654	159.488187	
4.986535	159.495311	159.496914	159.486584	159.488187	
4.996507	159.504535	159.50564	159.495808	159.488187	
5.006622	159.513364	159.523094	159.504637	159.488187	
5.016769	159.52169	159.53182	159.512963	159.488187	
5.02699	159.529538	159.540547	159.520812	159.496914	
5.037076	159.536771	159.549274	159.528044	159.50564	
5.047232	159.543532	159.558	159.534805	159.514367	
5.057583	159.549892	159.566727	159.541166	159.523094	
5.067518	159.555515	159.566727	159.546789	159.540547	
5.077758	159.560803	159.566727	159.552076	159.558	
5.087938	159.56557	159.558	159.556843	159.575454	
5.098104	159.569848	159.558	159.561121	159.592907	
5.108183	159.573632	159.558	159.564905	159.592907	
5.118339	159.57699	159.558	159.568263	159.601633	
5.128542	159.57992	159.558	159.571193	159.601633	
5.138696	159.582418	159.566727	159.573691	159.601633	
5.148837	159.584515	159.575454	159.575789	159.592907	
5.159017	159.586248	159.58418	159.577521	159.592907	
5.169147	159.591434	159.592907	159.582707	159.58418	
5.181029	159.591434	159.601633	159.582707	159.575454	
5.191179	159.591434	159.61036	159.582707	159.558	
5.201317	159.591434	159.619087	159.582707	159.549274	
5.211372	159.591434	159.619087	159.582707	159.540547	
5.221833	159.591434	159.61036	159.582707	159.540547	
5.231673	159.591434	159.601633	159.582707	159.540547	
5.241857	159.591434	159.592907	159.582707	159.540547	
5.251931	159.591434	159.592907	159.582707	159.549274	
5.26243	159.591434	159.575454	159.582707	159.558	
5.272315	159.591434	159.575454	159.582707	159.566727	
5.282397	159.591434	159.566727	159.582707	159.58418	
5.300578	159.591434	159.558	159.582707	159.61036	
5.305164	159.591434	159.558	159.582707	159.619087	
5.315303	159.591434	159.558	159.582707	159.627813	
5.325453	159.591434	159.558	159.582707	159.627813	
5.335628	159.591434	159.575454	159.582707	159.627813	
5.34581	159.591434	159.58418	159.582707	159.627813	
5.355912	159.591434	159.592907	159.582707	159.619087	
5.366089	159.591434	159.601633	159.582707	159.61036	
5.37629	159.591434	159.61036	159.582707	159.592907	
5.386414	159.591434	159.619087	159.582707	159.58418	
5.396514	159.591434	159.627813	159.582707	159.566727	
5.406988	159.591434	159.627813	159.582707	159.558	
5.41688	159.591434	159.627813	159.582707	159.540547	
5.427104	159.591434	159.619087	159.582707	159.53182	
5.437183	159.591434	159.61036	159.582707	159.523094	
5.447292	159.591434	159.592907	159.582707	159.523094	
5.457537	159.591434	159.58418	159.582707	159.53182	
5.467632	159.591434	159.575454	159.582707	159.540547	
5.477782	159.591434	159.558	159.582707	159.549274	
5.487921	159.591434	159.549274	159.582707	159.566727	
5.498064	159.591434	159.549274	159.582707	159.58418	
5.508252	159.591434	159.549274	159.582707	159.601633	
5.518398	159.591434	159.558	159.582707	159.619087	
5.528571	159.591434	159.566727	159.582707	159.627813	
5.538707	159.591434	159.58418	159.582707	159.645267	
5.548857	159.591434	159.592907	159.582707	159.645267	
5.559062	159.591434	159.61036	159.582707	159.645267	
5.569167	159.591434	159.627813	159.582707	159.63654	
5.579327	159.591434	159.63654	159.582707	159.627813	
5.589469	159.591434	159.645267	159.582707	159.619087	
5.599593	159.591434	159.645267	159.582707	159.601633	
5.60982	159.591434	159.645267	159.582707	159.58418	
5.619994	159.591434	159.627813	159.582707	159.558	
5.629997	159.591434	159.619087	159.582707	159.549274	
5.640232	159.591434	159.601633	159.582707	159.53182	
5.650332	159.591434	159.592907	159.582707	159.523094	
5.660529	159.591434	159.566727	159.582707	159.523094	
5.670621	159.591434	159.558	159.582707	159.53182	
5.680761	159.591434	159.540547	159.582707	159.540547	
5.690969	159.591434	159.540547	159.582707	159.558	
5.701124	159.591434	159.53182	159.582707	159.566727	
5.711691	159.591434	159.540547	159.582707	159.58418	
5.7216	159.591434	159.540547	159.582707	159.601633	
5.731534	159.591434	159.549274	159.582707	159.619087	
5.741663	159.591434	159.558	159.582707	159.627813	
5.751814	159.591434	159.58418	159.582707	159.645267	
5.761987	159.591434	159.592907	159.582707	159.653993	
5.772102	159.591434	159.619087	159.582707	159.653993	
5.782248	159.591434	159.63654	159.582707	159.645267	
5.792436	159.591434	159.645267	159.582707	159.63654	
5.802603	159.591434	159.653993	159.582707	159.627813	
5.812722	159.591434	159.653993	159.582707	159.61036	
5.823112	159.591434	159.645267	159.582707	159.592907	
5.833073	159.591434	159.63654	159.582707	159.566727	
5.843282	159.591434	159.627813	159.582707	159.549274	
5.853376	159.591434	159.61036	159.582707	159.523094	
5.863554	159.591434	159.592907	159.582707	159.514367	
5.8738	159.591434	159.566727	159.582707	159.50564	
5.883864	159.591434	159.549274	159.582707	159.50564	
5.893981	159.591434	159.540547	159.582707	159.514367	
5.904209	159.591434	159.53182	159.582707	159.523094	
5.914337	159.591434	159.53182	159.582707	159.540547	
5.924478	159.591434	159.540547	159.582707	159.558	
5.934685	159.591434	159.540547	159.582707	159.58418	
5.944839	159.591434	159.558	159.582707	159.61036	
5.955017	159.591434	159.575454	159.582707	159.627813	
5.965125	159.591434	159.592907	159.582707	159.645267	
5.990323	159.591434	159.61036	159.582707	159.653993	
5.995389	159.591434	159.645267	159.582707	159.653993	
6.005339	159.591434	159.66272	159.582707	159.645267	
