0.03704245	
0.04185625	
0.05179084	
0.06192542	
0.07210499	
0.08223357	
0.09239014	
0.1025117	
0.1126973	
0.1228069	
0.1329885	
0.143129	
0.1532896	
0.1634252	
0.1736278	
0.1836923	
0.1938889	
0.2040575	
0.2141761	
0.2243036	
0.2344442	
0.2446118	
0.2547794	
0.2648899	
0.2750765	
0.2852551	
0.2953297	
0.3054573	
0.3155928	
0.3257304	
0.335895	
0.3460586	
0.3562701	
0.3664787	
0.3765893	
0.3866909	
0.3968244	
0.406991	
0.4171156	
0.4272202	
0.4483803	
0.4527801	
0.4631217	
0.4730933	
0.4832238	
0.4934364	
0.503502	
0.5136886	
0.5238171	
0.5339767	
0.5441013	
0.5544589	
0.5644324	
0.574568	
0.5846396	
0.5948592	
0.6049678	
0.6151483	
0.6253109	
0.6354035	
0.6455911	
0.6556896	
0.6658442	
0.6760238	
0.6861194	
0.6963379	
0.7064845	
0.7166051	
0.7268827	
0.7368662	
0.7469838	
0.7571764	
0.767291	
0.7774556	
0.7875961	
0.7977327	
0.8092312	
0.8180729	
0.8282004	
0.838341	
0.8484836	
0.8586182	
0.8688187	
0.8789713	
0.8891189	
0.8992975	
0.909485	
0.9195626	
0.9297022	
0.9399078	
0.9500534	
0.9601879	
0.9703175	
0.9804921	
0.9908656	
1.000817	
1.010969	
1.021151	
1.031284	
1.041436	
1.051583	
1.06178	
1.071853	
1.082092	
1.092278	
1.102541	
1.112527	
1.122645	
1.133126	
1.14302	
1.153169	
1.163307	
1.173505	
1.183572	
1.193781	
1.20432	
1.214091	
1.224221	
1.234353	
1.244505	
1.254634	
1.264775	
1.274927	
1.28512	
1.295232	
1.305367	
1.315476	
1.325651	
1.335798	
1.346646	
1.356841	
1.367361	
1.377485	
1.387601	
1.397751	
1.416268	
1.420648	
1.438667	
1.443021	
1.453145	
1.463362	
1.473496	
1.483623	
1.493798	
1.504009	
1.514096	
1.524193	
1.534372	
1.544498	
1.554683	
1.564917	
1.575082	
1.585169	
1.595326	
1.607752	
1.615692	
1.62579	
1.635946	
1.646046	
1.656211	
1.666419	
1.676529	
1.686667	
1.696768	
1.707245	
1.717058	
1.727207	
1.737347	
1.747497	
1.75769	
1.767787	
1.777997	
1.788113	
1.798243	
1.809725	
1.818584	
1.828678	
1.838944	
1.849023	
1.859158	
1.877185	
1.881533	
1.891677	
1.901857	
1.912006	
1.922116	
1.932315	
1.94522	19.7586274	19.7571271	19.8808004	19.8793002	
1.955327	19.7603287	19.7571271	19.8825017	19.8793002	
1.965523	19.7626725	19.7571271	19.8848456	19.8793002	
1.975564	19.7655815	19.7571271	19.8877545	19.8793002	
1.985878	19.7692165	19.7571271	19.8913896	19.8793002	
1.995924	19.7733508	19.7571271	19.8955238	19.8793002	
2.006037	19.778131	19.7571271	19.900304	19.8793002	
2.016166	19.7835329	19.7571271	19.905706	19.8880268	
2.026307	19.7895638	19.7571271	19.9117368	19.8880268	
2.046204	19.8043499	19.7571271	19.926523	19.8880268	
2.051001	19.8078359	19.7571271	19.930009	19.8880268	
2.060975	19.8158289	19.7571271	19.9380019	19.8880268	
2.07114	19.8246058	19.7571271	19.9467789	19.8880268	
2.081238	19.8339347	19.7571271	19.9561077	19.8967535	
2.091446	19.8439927	19.7658538	19.9661657	19.8967535	
2.101626	19.854645	19.7745804	19.9768181	19.8967535	
2.111736	19.8658329	19.7745804	19.9880059	19.9054801	
2.121863	19.8776577	19.7833071	19.9998307	19.9142068	
2.132081	19.8902246	19.7920337	20.0123976	19.9229334	
2.142193	19.9032624	19.809487	20.0254354	19.9316601	
2.152379	19.9170245	19.8182137	20.0391976	19.9491134	
2.162564	19.9314063	19.8356669	20.0535794	19.9665666	
2.172687	19.9463135	19.8531202	20.0684866	19.9840199	
2.182889	19.9619607	19.8793002	20.0841338	20.0014732	
2.192951	19.9779995	19.8967535	20.1001725	20.0276532	
2.203142	19.9948797	19.9229334	20.1170528	20.0538331	
2.213345	20.0123855	19.9491134	20.1345586	20.0712864	
2.223447	20.0303432	19.9665666	20.1525163	20.106193	
2.233598	20.0489966	20.0014732	20.1711696	20.1323729	
2.243793	20.0683694	20.0276532	20.1905424	20.1585529	
2.254077	20.0885428	20.0538331	20.2107159	20.1847328	
2.264217	20.1090401	20.080013	20.2312132	20.2109127	
2.27434	20.1301194	20.106193	20.2522924	20.2458193	
2.284477	20.1518446	20.1323729	20.2740177	20.2719993	
2.294576	20.1741128	20.1585529	20.2962859	20.3069058	
2.304763	20.197175	20.1847328	20.3193481	20.3330858	
2.314902	20.2208374	20.2109127	20.3430104	20.3592657	
2.325138	20.2452048	20.2370927	20.3673779	20.3854457	
2.335179	20.2697758	20.2632726	20.3919488	20.4116256	
2.346048	20.2971349	20.2807259	20.4193079	20.4378055	
2.355488	20.3213553	20.2981792	20.4435284	20.4552588	
2.366095	20.3493051	20.3243591	20.4714782	20.4901654	
2.375768	20.3753177	20.3418124	20.4974907	20.5076187	
2.385893	20.4031746	20.3679924	20.5253477	20.525072	
2.396132	20.431992	20.3854457	20.5541651	20.5512519	
2.406248	20.4610503	20.4116256	20.5832233	20.5774319	
2.416463	20.4910428	20.4378055	20.6132158	20.5948852	
2.426565	20.5213064	20.4552588	20.6434795	20.6210651	
2.446974	20.5855815	20.4814388	20.7077546	20.6646983	
2.453658	20.6066364	20.525072	20.7288095	20.6821516	
2.469957	20.6600019	20.5512519	20.7821749	20.7257849	
2.474545	20.6749784	20.5948852	20.7971514	20.7345115	
2.484702	20.7089617	20.6297918	20.8311347	20.7694181	
2.494837	20.7434804	20.6646983	20.8656535	20.8043247	
2.504984	20.7786476	20.6996049	20.9008207	20.8392313	
2.515127	20.8144215	20.7432382	20.9365945	20.8741379	
2.525266	20.8507978	20.7781447	20.9729708	20.9090444	
2.535393	20.8877496	20.821778	21.0099226	20.9526777	
2.545799	20.9263969	20.8566846	21.04857	20.9963109	
2.558096	20.9730378	20.8915911	21.0952109	21.0399441	
2.565946	21.0030515	20.9352244	21.1252246	21.0835774	
2.575998	21.0421608	20.9788576	21.1643338	21.1272106	
2.586147	21.0822883	21.0137642	21.2044613	21.1708438	
2.5963	21.1230421	21.0661241	21.2452151	21.2232037	
2.614785	21.1997729	21.1097573	21.3219459	21.3104702	
2.619364	21.218691	21.1621172	21.340864	21.3279235	
2.629588	21.2617952	21.2057504	21.3839682	21.3802833	
2.639686	21.3049507	21.2493836	21.4271237	21.4239166	
2.649804	21.3488063	21.2930169	21.4709793	21.4675498	
2.662286	21.4039697	21.3279235	21.5261427	21.5286363	
2.670184	21.4391051	21.3715567	21.5612781	21.5635429	
2.680285	21.484738	21.4151899	21.606911	21.6071761	
2.69046	21.5313333	21.4675498	21.6535063	21.6508094	
2.700592	21.5783463	21.511183	21.7005193	21.7031692	
2.710782	21.626258	21.5548163	21.7484311	21.7468025	
2.720884	21.674356	21.5984495	21.7965291	21.7904357	
2.731084	21.7235675	21.6420827	21.8457406	21.8427956	
2.741248	21.7731896	21.6944426	21.8953627	21.8864288	
2.751362	21.8231994	21.7380758	21.9453725	21.9300621	
2.763424	21.8838258	21.7817091	22.0059989	21.9824219	
2.779861	21.9682131	21.8689755	22.0903861	22.0609617	
2.784462	21.9917855	21.8951555	22.1139586	22.0871417	
2.794614	22.0446139	21.9475153	22.1667869	22.1307749	
2.804743	22.0979533	21.9998752	22.2201264	22.1831348	
2.815329	22.1543751	22.0609617	22.2765482	22.2354947	
2.82541	22.2086889	22.1133216	22.330862	22.2878545	
2.835588	22.2641885	22.1656815	22.3863615	22.3402144	
2.845725	22.3200357	22.2180414	22.4422087	22.4100276	
2.855846	22.3764424	22.2704013	22.4986155	22.4623875	
2.868316	22.4469409	22.3402144	22.569114	22.5322006	
2.876203	22.4917887	22.3925743	22.6139617	22.5845605	
2.886274	22.549702	22.4536608	22.6718751	22.645647	
2.89652	22.6093041	22.5147474	22.7314772	22.7067336	
2.906626	22.6686948	22.5758339	22.7908679	22.7590934	
2.917123	22.7310567	22.645647	22.8532297	22.8289066	
2.92697	22.79012	22.7067336	22.912293	22.8899931	
2.937062	22.8512528	22.7765467	22.9734259	22.9510797	
2.947199	22.9132822	22.8376333	23.0354553	23.0208928	
2.957363	22.9761037	22.8987198	23.0982767	23.0819794	
2.969428	23.0516616	22.968533	23.1738346	23.1517925	
2.977682	23.1036307	23.0383461	23.2258037	23.2128791	
2.98778	23.1678532	23.0994327	23.2900262	23.2826922	
2.998057	23.2338859	23.1605192	23.3560589	23.3525054	
3.008075	23.2988357	23.2303323	23.4210087	23.4223186	
3.018548	23.3674214	23.3001455	23.4895944	23.4921317	
3.028713	23.4346006	23.361232	23.5567736	23.5532183	
3.038915	23.5026432	23.4223186	23.6248163	23.6143048	
3.049036	23.5707712	23.4921317	23.6929443	23.6841179	
3.059359	23.6409459	23.5619449	23.7631189	23.7539311	
3.071866	23.7269438	23.6317581	23.8491168	23.8150176	
3.079541	23.7799018	23.7015712	23.9020748	23.8848308	
3.08967	23.8505326	23.7713844	23.9727057	23.9459173	
3.099825	23.9219783	23.8324709	24.0441514	24.0157305	
3.109964	23.9939206	23.9110108	24.1160936	24.0855437	
3.120109	24.0665665	23.9808239	24.1887395	24.1553568	
3.130303	24.1401302	24.0593637	24.2623033	24.22517	
3.140462	24.2140738	24.1379036	24.3362469	24.2949832	
3.15067	24.2890156	24.2164434	24.4111887	24.3647964	
3.160754	24.3636462	24.2949832	24.4858192	24.4346095	
3.173245	24.4571929	24.373523	24.579366	24.5131493	
3.181113	24.5162793	24.4607895	24.6384523	24.5916892	
3.191286	24.593412	24.5393293	24.715585	24.670229	
3.201413	24.6708248	24.6265957	24.7929979	24.7487688	
3.211543	24.7488685	24.7051356	24.8710416	24.818582	
3.221785	24.8284471	24.7836754	24.9506202	24.9058484	
3.231875	24.9074358	24.8709418	25.0296089	24.9843882	
3.242036	24.9875701	24.9582083	25.1097432	25.0629281	
3.252221	25.0685487	25.0280215	25.1907217	25.1501945	
3.262352	25.1497447	25.1152879	25.2719177	25.237461	
3.272506	25.2317204	25.2025544	25.3538934	25.3160008	
3.282734	25.3149071	25.2898209	25.4370801	25.4032673	
3.292848	25.3977189	25.3683607	25.519892	25.4905337	
3.303093	25.4822955	25.4469005	25.6044685	25.5778002	
3.313168	25.5660641	25.534167	25.6882371	25.65634	
3.323265	25.6506617	25.6127068	25.7728348	25.7436065	
3.333547	25.7374238	25.6912466	25.8595968	25.8308729	
3.344386	25.8296949	25.7785131	25.951868	25.9181394	
3.35375	25.9097082	25.8657795	26.0318812	26.0054059	
3.364023	25.9983681	25.9443193	26.1205412	26.0926723	
3.374362	26.0887597	26.0315858	26.2109327	26.1799388	
3.384251	26.1745977	26.1101256	26.2967707	26.2672052	
3.394426	26.2640907	26.1973921	26.3862637	26.3544717	
3.404559	26.3538904	26.2846585	26.4760634	26.4417382	
3.414701	26.444414	26.371925	26.5665871	26.5290046	
3.424777	26.5349923	26.4591915	26.6571653	26.6249977	
3.434968	26.6271305	26.5551846	26.7493036	26.7122642	
3.445139	26.7197992	26.6511777	26.8419723	26.8082573	
3.455326	26.8131724	26.7384441	26.9353455	26.8955238	
3.465408	26.9062266	26.8257106	27.0283996	26.9827902	
3.475828	27.0030528	26.9304304	27.1252258	27.0787833	
3.485814	27.0964409	27.0176968	27.2186139	27.1747765	
3.495939	27.1917387	27.1136899	27.3139118	27.2620429	
3.506049	27.287489	27.209683	27.4096621	27.358036	
3.516212	27.3843722	27.3056761	27.5065452	27.4540291	
3.528093	27.4986105	27.4016693	27.6207835	27.5500222	
3.544299	27.6561319	27.4976624	27.7783049	27.7332818	
3.548839	27.7001499	27.6111088	27.822323	27.7681884	
3.566886	27.8781914	27.7943683	28.0003644	27.951448	
3.571432	27.9229125	27.8380016	28.0450856	27.9950812	
3.583552	28.0435517	27.9427213	28.1657247	28.099801	
3.600023	28.2091488	28.0474411	28.3313219	28.2830605	
3.604628	28.2553279	28.1696141	28.3775009	28.3354204	
3.61477	28.3580273	28.2743339	28.4802003	28.4314135	
3.624859	28.4608199	28.3790536	28.5829929	28.5361333	
3.635143	28.5661982	28.4837734	28.6883713	28.640853	
3.645212	28.6699542	28.5884931	28.7921273	28.7542994	
3.655334	28.7749039	28.6932129	28.8970769	28.8590192	
3.66546	28.8805313	28.7979327	29.0027044	28.9637389	
3.675778	28.9888274	28.9026524	29.1110004	29.0771853	
3.688287	29.121186	29.0073722	29.243359	29.1819051	
3.695965	29.2025152	29.1120919	29.3246883	29.2866248	
3.706096	29.3106121	29.2168117	29.4327852	29.3913446	
3.716231	29.4193678	29.3215314	29.5415408	29.504791	
3.726333	29.5284455	29.4349778	29.6506185	29.6182374	
3.744814	29.7304843	29.5484242	29.8526574	29.8102236	
3.749399	29.7804916	29.6880506	29.9026647	29.8625835	
3.759524	29.8899527	29.7927703	30.0121258	29.9760299	
3.769711	29.9994536	29.9149434	30.1216266	30.0807497	
3.779817	30.107531	30.0196631	30.229704	30.1941961	
3.792152	30.2384715	30.1331095	30.3606445	30.3250958	
3.800208	30.32366	30.2465559	30.4458331	30.4210889	
3.810346	30.4301406	30.368729	30.5523136	30.5258086	
3.820534	30.536621	30.4821754	30.6587941	30.639255	
3.830647	30.6416489	30.5956218	30.763822	30.7527014	
3.840861	30.7471637	30.7177948	30.8693367	30.8574212	
3.851039	30.8516398	30.8399679	30.9738128	30.9708676	
3.861162	30.9549532	30.9446876	31.0771262	31.0755873	
3.871322	31.0580891	31.0668607	31.1802621	31.1803071	
3.881437	31.1600902	31.1715804	31.2822632	31.2850268	
3.893254	31.2784366	31.2763002	31.4006096	31.3897466	
3.90215	31.3670784	31.3897466	31.4892515	31.503193	
3.912218	31.4667433	31.503193	31.5889163	31.6079128	
3.922329	31.5662639	31.6079128	31.6884369	31.7126325	
3.932505	31.6658061	31.6951792	31.7879792	31.8086256	
3.942661	31.7645686	31.799899	31.8867416	31.9133454	
3.952795	31.8624491	31.8958921	31.9846221	32.0093385	
3.96296	31.9603562	31.9918852	32.0825293	32.1140582	
3.973084	32.0566526	32.0791517	32.1788256	32.2013247	
3.983245	32.152944	32.1664181	32.275117	32.2973178	
3.995981	32.2727156	32.2536846	32.3948886	32.3933109	
4.003626	32.3442667	32.340951	32.4664398	32.4805774	
4.013808	32.4389436	32.4282175	32.5611167	32.5678438	
4.02395	32.5326474	32.515484	32.6548204	32.663837	
4.034063	32.6254396	32.6027504	32.7476126	32.7511034	
4.044349	32.7199348	32.6812902	32.8421078	32.8383699	
4.054365	32.8099181	32.7685567	32.9320912	32.934363	
4.064526	32.9013638	32.8470965	33.0235369	33.0216294	
4.074651	32.9918418	32.934363	33.1140148	33.1088959	
4.084835	33.0822378	33.0216294	33.2044108	33.1961624	
4.097117	33.1903442	33.1088959	33.3125172	33.2834288	
4.105194	33.2610937	33.1961624	33.3832667	33.3706953	
4.115298	33.3489444	33.2834288	33.4711174	33.4579618	
4.125444	33.4365306	33.3706953	33.5587036	33.5452282	
4.135548	33.5231493	33.4666884	33.6453224	33.6324947	
4.145862	33.6109984	33.5539549	33.7331714	33.7197611	
4.155856	33.6954721	33.649948	33.8176451	33.8070276	
4.166057	33.7810971	33.7372144	33.9032701	33.8942941	
4.176135	33.8650903	33.8244809	33.9872633	33.9902872	
4.186259	33.9488488	33.9117474	34.0710219	34.0775536	
4.204908	34.1006716	33.9990138	34.2228446	34.2433599	
4.209889	34.1412215	34.1211869	34.2633945	34.2782665	
4.220018	34.223008	34.2084533	34.345181	34.365533	
4.230187	34.3044788	34.2957198	34.4266519	34.4527994	
4.240292	34.3848411	34.3829863	34.5070142	34.5400659	
4.250497	34.4653937	34.4615261	34.5875668	34.6186057	
4.260652	34.5449337	34.5400659	34.6671067	34.6971455	
4.270803	34.6238084	34.6273324	34.7459814	34.784412	
4.280974	34.7022934	34.6971455	34.8244665	34.8629518	
4.291081	34.7796049	34.7756853	34.9017779	34.9414916	
4.303665	34.8749301	34.8542252	34.9971031	35.0113048	
4.311461	34.9336764	34.9240383	35.0558494	35.0898446	
4.32155	35.0090145	34.9938515	35.1311875	35.1683844	
4.331741	35.0845628	35.0636647	35.2067359	35.2381976	
4.341897	35.1592051	35.1334778	35.2813781	35.3167374	
4.352035	35.2331357	35.203291	35.3553087	35.3865506	
4.362147	35.3062359	35.2818308	35.4284089	35.4563638	
4.372393	35.3797292	35.351644	35.5019022	35.5261769	
4.38246	35.4513017	35.4214572	35.5734747	35.5959901	
4.392606	35.5228452	35.4825437	35.6450182	35.6658033	
4.40494	35.608883	35.5523569	35.731056	35.7356164	
4.413026	35.6649322	35.62217	35.7871053	35.796703	
4.423202	35.734816	35.6919832	35.856989	35.8665161	
4.433282	35.8034557	35.7617964	35.9256287	35.9363293	
4.453134	35.9357909	35.8839694	36.057964	36.067229	
4.45775	35.9666064	35.918876	36.0887794	36.0934089	
4.46793	36.0338185	35.9886892	36.1559916	36.1632221	
4.478093	36.1003475	36.0585023	36.2225206	36.2330353	
4.48818	36.1657414	36.1195889	36.2879144	36.2941218	
4.498304	36.2308069	36.189402	36.3529799	36.3552083	
4.510529	36.3084321	36.2504886	36.4306051	36.4424748	
4.518764	36.3603909	36.3203017	36.482564	36.486108	
4.528931	36.4238544	36.3813883	36.5460274	36.5471945	
4.539119	36.4870675	36.4424748	36.6092405	36.6170077	
4.54923	36.5487886	36.512288	36.6709617	36.6780942	
4.55961	36.6117323	36.5821011	36.7339054	36.7391808	
4.569578	36.67158	36.6519143	36.793753	36.8002673	
4.579695	36.7317201	36.7217275	36.8538932	36.8613538	
4.589944	36.7920446	36.782814	36.9142177	36.9224403	
4.599994	36.8505908	36.8439005	36.9727639	36.9835268	
4.620857	36.9689289	36.9137137	37.0911019	37.0969733	
4.625482	36.995211	37.0009801	37.1173841	37.1231532	
4.635608	37.0520666	37.0707933	37.1742397	37.1755131	
4.645824	37.1088212	37.1318798	37.2309942	37.2365996	
4.655938	37.1644152	37.1929664	37.2865882	37.2976861	
4.666069	37.2194816	37.2453262	37.3416546	37.350046	
4.676228	37.2740867	37.3064128	37.3962598	37.4024059	
4.686343	37.327881	37.3587726	37.450054	37.4547657	
4.696538	37.3814606	37.4198592	37.5036336	37.5071256	
4.707086	37.4362408	37.4547657	37.5584139	37.5594855	
4.716837	37.4863559	37.5071256	37.6085289	37.6118454	
4.727244	37.5391848	37.5594855	37.6613578	37.6642053	
4.737141	37.5888396	37.6031187	37.7110127	37.7165651	
4.747305	37.6392248	37.646752	37.7613979	37.768925	
4.757471	37.689042	37.6903852	37.811215	37.8212849	
4.767593	37.7380049	37.7340184	37.860178	37.8736448	
4.777739	37.7864936	37.7863783	37.9086667	37.917278	
4.787943	37.8346608	37.8212849	37.9568339	37.9696379	
4.79808	37.8818971	37.8736448	38.0040702	38.0132711	
4.808527	37.9299512	37.9085514	38.0521243	38.065631	
4.820808	37.9854654	37.9609112	38.1076384	38.1179909	
4.830971	38.0308628	38.0045445	38.1530359	38.1616241	
4.841125	38.0756122	38.0481777	38.1977853	38.2052573	
4.851275	38.1197625	38.0918109	38.2419356	38.2488906	
4.861416	38.1632549	38.1354442	38.285428	38.2925238	
4.871589	38.20627	38.1790774	38.3284431	38.336157	
4.881718	38.2485129	38.2227106	38.370686	38.3797903	
4.891842	38.290132	38.2750705	38.412305	38.4234235	
4.90199	38.3312672	38.3099771	38.4534402	38.4670567	
4.912126	38.3717301	38.362337	38.4939032	38.5019633	
4.922875	38.4139663	38.3972435	38.5361394	38.5455965	
4.933034	38.4532998	38.4496034	38.5754729	38.5805031	
4.943258	38.4922432	38.48451	38.6144162	38.6241363	
4.953541	38.5308304	38.5281432	38.6530035	38.6590429	
4.963498	38.5675865	38.5717765	38.6897595	38.6939495	
4.973784	38.604975	38.6066831	38.727148	38.7375827	
4.983889	38.6412592	38.6415896	38.7634322	38.7724893	
4.994184	38.6772658	38.6852229	38.7994389	38.8073959	
5.004263	38.7120897	38.7201295	38.8342628	38.8423025	
5.014429	38.7466381	38.755036	38.8688111	38.8772091	
5.025571	38.7837259	38.7986693	38.9058989	38.9208423	
5.0357	38.8168822	38.8248492	38.9390552	38.9470223	
5.04588	38.8495936	38.8510291	38.9717667	38.9819288	
5.056169	38.8820605	38.8859357	39.0042335	39.0081088	
5.066155	38.9129873	38.9121157	39.0351604	39.0430154	
5.076304	38.9438242	38.9382956	39.0659973	39.077922	
5.08649	38.9741579	38.9644756	39.096331	39.1041019	
5.096622	39.0037509	38.9906555	39.125924	39.1302818	
5.106706	39.0326153	39.0168354	39.1547883	39.1651884	
5.11722	39.0620681	39.0342887	39.1842411	39.1913684	
5.128348	39.092499	39.0604687	39.214672	39.2175483	
5.138512	39.1197297	39.0866486	39.2419028	39.2524549	
5.148661	39.1463283	39.1128285	39.2685014	39.2699082	
5.15879	39.1722806	39.1302818	39.2944537	39.2960881	
5.168989	39.1978255	39.1477351	39.3199985	39.322268	
5.17915	39.2226698	39.1826417	39.3448429	39.348448	
5.189294	39.2468956	39.200095	39.3690687	39.3746279	
5.199452	39.2705617	39.2262749	39.3927347	39.3920812	
5.209557	39.2935158	39.2524549	39.4156888	39.4182612	
5.219755	39.3160938	39.2699082	39.4382668	39.4444411	
5.230951	39.3401324	39.3048148	39.4623054	39.4618944	
5.2411	39.3613656	39.3309947	39.4835386	39.4880743	
5.251266	39.3820411	39.3571746	39.5042141	39.5142543	
5.261425	39.4021233	39.3746279	39.5242964	39.5317076	
5.271558	39.4215774	39.4008079	39.5437504	39.5491609	
5.281741	39.4405309	39.4269878	39.5627039	39.5753408	
5.291888	39.4588501	39.4444411	39.5810231	39.5927941	
5.302063	39.4766773	39.4618944	39.5988504	39.618974	
5.312215	39.4937898	39.4793477	39.6159629	39.6364273	
5.322332	39.5103157	39.496801	39.6324887	39.6538806	
5.333502	39.5278376	39.5142543	39.6500106	39.6713339	
5.343644	39.5432002	39.5317076	39.6653733	39.6887872	
5.35381	39.5580214	39.5491609	39.6801945	39.7062405	
5.364015	39.5723255	39.5666141	39.6944985	39.7236938	
5.374346	39.5863136	39.5753408	39.7084867	39.7324204	
5.384252	39.5989979	39.5840674	39.721171	39.7498737	
5.394384	39.6115059	39.5927941	39.7336789	39.7586004	
5.404588	39.6235343	39.6015207	39.7457073	39.767327	
5.414736	39.6349361	39.6102474	39.7571092	39.7760537	
5.4248	39.6457018	39.618974	39.7678749	39.7847803	
5.436033	39.6570015	39.618974	39.7791745	39.7935069	
5.446215	39.6667163	39.618974	39.7888893	39.8022336	
5.456338	39.6758306	39.618974	39.7980036	39.8109602	
5.474447	39.6900296	39.6277007	39.8122026	39.8196869	
5.479116	39.6937375	39.6364273	39.8159105	39.8196869	
5.489208	39.7011026	39.6364273	39.8232756	39.8284135	
5.499392	39.7080062	39.6364273	39.8301793	39.8284135	
5.509541	39.7143705	39.645154	39.8365435	39.8284135	
5.519658	39.7202073	39.6538806	39.8423803	39.8371402	
5.529833	39.7255753	39.6538806	39.8477484	39.8371402	
5.540055	39.7304631	39.6626073	39.8526362	39.8371402	
5.550246	39.7348484	39.6713339	39.8570214	39.8371402	
5.560564	39.7387983	39.6713339	39.8609713	39.8371402	
5.570532	39.7421789	39.6800605	39.864352	39.8371402	
5.580687	39.7451762	39.6887872	39.8673493	39.8371402	
5.590871	39.7477518	39.6887872	39.8699248	39.8458668	
5.600999	39.7499129	39.6887872	39.8720859	39.8458668	
5.611194	39.7517053	39.6975138	39.8738783	39.8458668	
5.621317	39.7571271	39.6975138	39.8793002	39.8458668	
5.631449	39.7571271	39.7062405	39.8793002	39.8458668	
5.642431	39.7571271	39.7062405	39.8793002	39.8458668	
5.652612	39.7571271	39.7062405	39.8793002	39.8458668	
5.662761	39.7571271	39.7062405	39.8793002	39.8458668	
5.672896	39.7571271	39.7062405	39.8793002	39.8458668	
5.68309	39.7571271	39.7062405	39.8793002	39.8458668	
5.693219	39.7571271	39.7062405	39.8793002	39.8458668	
5.703425	39.7571271	39.7062405	39.8793002	39.8458668	
5.713578	39.7571271	39.7062405	39.8793002	39.8458668	
5.723726	39.7571271	39.7062405	39.8793002	39.8458668	
5.734264	39.7571271	39.7062405	39.8793002	39.8458668	
5.745146	39.7571271	39.7062405	39.8793002	39.8458668	
5.755235	39.7571271	39.7062405	39.8793002	39.8458668	
5.765348	39.7571271	39.7062405	39.8793002	39.8458668	
5.775472	39.7571271	39.7062405	39.8793002	39.8458668	
5.785818	39.7571271	39.7062405	39.8793002	39.8458668	
5.7958	39.7571271	39.7062405	39.8793002	39.8458668	
5.805961	39.7571271	39.7062405	39.8793002	39.8458668	
5.816074	39.7571271	39.7062405	39.8793002	39.8458668	
5.826232	39.7571271	39.7062405	39.8793002	39.8458668	
5.836884	39.7571271	39.7062405	39.8793002	39.8458668	
5.847669	39.7571271	39.7062405	39.8793002	39.8458668	
5.857828	39.7571271	39.7062405	39.8793002	39.8458668	
5.868649	39.7571271	39.7062405	39.8793002	39.8458668	
5.878168	39.7571271	39.7062405	39.8793002	39.8458668	
5.888541	39.7571271	39.7062405	39.8793002	39.8458668	
5.898697	39.7571271	39.7062405	39.8793002	39.8458668	
5.908867	39.7571271	39.7062405	39.8793002	39.8458668	
5.919018	39.7571271	39.7062405	39.8793002	39.8458668	
5.929142	39.7571271	39.7062405	39.8793002	39.8458668	
5.939336	39.7571271	39.7062405	39.8793002	39.8458668	
5.950319	39.7571271	39.7062405	39.8793002	39.8458668	
5.960452	39.7571271	39.7062405	39.8793002	39.8458668	
5.970572	39.7571271	39.7062405	39.8793002	39.8458668	
5.980754	39.7571271	39.7062405	39.8793002	39.8458668	
5.990883	39.7571271	39.7062405	39.8793002	39.8458668	
6.001094	39.7571271	39.7062405	39.8793002	39.8458668	
6.011255	39.7571271	39.7062405	39.8793002	39.8458668	
6.021395	39.7571271	39.7062405	39.8793002	39.8458668	
6.031558	39.7571271	39.7062405	39.8793002	39.8458668	
6.041672	39.7571271	39.7062405	39.8793002	39.8458668	
6.052837	39.7571271	39.7062405	39.8793002	39.8458668	
6.063054	39.7571271	39.7062405	39.8793002	39.8458668	
6.073179	39.7571271	39.7062405	39.8793002	39.8458668	
6.083252	39.7571271	39.7062405	39.8793002	39.8458668	
6.093398	39.7571271	39.7062405	39.8793002	39.8458668	
6.103604	39.7571271	39.7062405	39.8793002	39.8458668	
6.113721	39.7571271	39.7062405	39.8793002	39.8458668	
6.123827	39.7571271	39.7062405	39.8793002	39.8458668	
6.134096	39.7571271	39.7062405	39.8793002	39.8458668	
6.144343	39.7571271	39.7062405	39.8793002	39.8458668	
6.155404	39.7571271	39.7062405	39.8793002	39.8458668	
6.165572	39.7571271	39.7062405	39.8793002	39.8458668	
6.175672	39.7571271	39.7062405	39.8793002	39.8458668	
6.185787	39.7571271	39.7062405	39.8793002	39.8458668	
6.195976	39.7571271	39.7062405	39.8793002	39.8458668	
6.206133	39.7571271	39.7062405	39.8793002	39.8458668	
6.216259	39.7571271	39.7062405	39.8793002	39.8458668	
6.226465	39.7571271	39.7062405	39.8793002	39.8458668	
6.23662	39.7571271	39.7062405	39.8793002	39.8458668	
6.247084	39.7571271	39.7062405	39.8793002	39.8458668	
6.266073	39.7571271	39.7062405	39.8793002	39.8458668	
6.270693	39.7571271	39.7062405	39.8793002	39.8458668	
6.280828	39.7571271	39.7062405	39.8793002	39.8458668	
6.290964	39.7571271	39.7062405	39.8793002	39.8458668	
6.301182	39.7571271	39.7062405	39.8793002	39.8458668	
6.311425	39.7571271	39.7062405	39.8793002	39.8458668	
6.321433	39.7571271	39.7062405	39.8793002	39.8458668	
6.331621	39.7571271	39.7062405	39.8793002	39.8458668	
6.341816	39.7571271	39.7062405	39.8793002	39.8458668	
6.352609	39.7571271	39.7062405	39.8793002	39.8458668	
6.362772	39.7571271	39.7062405	39.8793002	39.8458668	
6.372951	39.7571271	39.7062405	39.8793002	39.8458668	
6.383052	39.7571271	39.7062405	39.8793002	39.8458668	
6.393183	39.7571271	39.7062405	39.8793002	39.8458668	
6.403378	39.7571271	39.7062405	39.8793002	39.8458668	
6.413568	39.7571271	39.7062405	39.8793002	39.8458668	
6.423696	39.7571271	39.7062405	39.8793002	39.8458668	
6.433791	39.7571271	39.7062405	39.8793002	39.8458668	
6.444644	39.7571271	39.7062405	39.8793002	39.8458668	
6.454484	39.7571271	39.7062405	39.8793002	39.8458668	
6.464914	39.7571271	39.7062405	39.8793002	39.8458668	
6.47487	39.7571271	39.7062405	39.8793002	39.8458668	
6.485095	39.7571271	39.7062405	39.8793002	39.8458668	
6.495231	39.7571271	39.7062405	39.8793002	39.8458668	
6.505684	39.7571271	39.7062405	39.8793002	39.8458668	
6.515452	39.7571271	39.7062405	39.8793002	39.8458668	
6.525633	39.7571271	39.7062405	39.8793002	39.8458668	
6.535755	39.7571271	39.7062405	39.8793002	39.8458668	
6.545885	39.7571271	39.7062405	39.8793002	39.8458668	
6.556028	39.7571271	39.7062405	39.8793002	39.8458668	
6.566344	39.7571271	39.7062405	39.8793002	39.8458668	
6.576529	39.7571271	39.7062405	39.8793002	39.8458668	
6.5867	39.7571271	39.7062405	39.8793002	39.8458668	
6.596799	39.7571271	39.7062405	39.8793002	39.8458668	
6.607478	39.7571271	39.7062405	39.8793002	39.8458668	
6.61704	39.7571271	39.7062405	39.8793002	39.8458668	
6.627253	39.7571271	39.7062405	39.8793002	39.8458668	
6.637352	39.7571271	39.7062405	39.8793002	39.8458668	
6.647497	39.7571271	39.7062405	39.8793002	39.8458668	
6.657666	39.7571271	39.7062405	39.8793002	39.8458668	
6.668547	39.7571271	39.7062405	39.8793002	39.8458668	
6.678607	39.7571271	39.7062405	39.8793002	39.8458668	
6.68878	39.7571271	39.7062405	39.8793002	39.8458668	
6.69891	39.7571271	39.7062405	39.8793002	39.8458668	
6.709167	39.7571271	39.7062405	39.8793002	39.8458668	
6.727364	39.7571271	39.7062405	39.8793002	39.8458668	
6.731947	39.7571271	39.7062405	39.8793002	39.8458668	
6.742168	39.7571271	39.7062405	39.8793002	39.8458668	
6.752232	39.7571271	39.7062405	39.8793002	39.8458668	
6.76242	39.7571271	39.7062405	39.8793002	39.8458668	
6.772721	39.7571271	39.7062405	39.8793002	39.8458668	
6.782799	39.7571271	39.7062405	39.8793002	39.8458668	
6.792916	39.7571271	39.7062405	39.8793002	39.8458668	
6.80306	39.7571271	39.7062405	39.8793002	39.8458668	
6.81322	39.7571271	39.7062405	39.8793002	39.8458668	
6.865919	39.7571271	39.7062405	39.8793002	39.8458668	
6.874064	39.7571271	39.7062405	39.8793002	39.8458668	
