0.2302482	
0.235387	
0.2456346	
0.2556631	
0.2659167	
0.2760543	
0.2861698	
0.2963004	
0.306438	
0.3165665	
0.3269311	
0.3368797	
0.3470282	
0.3592317	
0.377383	
0.3817308	
0.3918763	
0.4020429	
0.4122035	
0.422358	
0.4327086	
0.4426172	
0.4528227	
0.4629593	
0.4731009	
0.4832675	
0.49343	
0.5035296	
0.5137112	
0.5239077	
0.5340433	
0.5441879	
0.5543084	
0.564434	
0.5746416	
0.5847521	
0.5948887	
0.6050703	
0.6152068	
0.6253064	
0.635537	
0.6456465	
0.6558061	
0.6659457	
0.6761113	
0.6862348	
0.6963794	
0.706509	
0.7166945	
0.7268911	
0.7369927	
0.7473572	
0.7589067	
0.7676324	
0.7777629	
0.7879945	
0.7981241	
0.8082196	
0.8186662	
0.8285158	
0.8386853	
0.8489959	
0.8589705	
0.869198	
0.8792546	
0.8894212	
0.8995967	
0.9110703	
0.9208138	
0.9309154	
0.941797	
0.9512436	
0.9613721	
0.9714897	
0.9816843	
0.9917958	
1.002144	
1.01226	
1.022371	
1.032561	
1.042762	
1.052858	
1.063011	
1.073126	
1.083304	
1.09345	
1.103592	
1.113746	
1.123928	
1.13405	
1.144194	
1.15439	
1.164557	
1.174764	
1.184865	
1.195009	
1.205252	
1.21532	
1.225532	
1.235661	
1.245773	
1.255955	
1.266128	
1.27627	
1.286402	
1.296535	
1.306693	
1.316899	
1.327006	
1.337114	
1.347254	
1.357413	
1.367573	
1.377729	
1.387906	
1.405876	
1.41021	
1.420377	
1.430562	
1.440653	
1.45083	
1.460993	
1.471135	
1.481324	
1.49147	
1.501643	
1.511738	
1.521935	
1.532285	
1.54243	
1.552551	
1.562707	
1.572836	
1.583065	
1.593172	
1.603296	
1.613515	
1.623586	
1.633772	
1.643937	
1.654086	
1.664338	
1.674481	
1.684809	
1.69488	
1.704984	
1.715119	
1.725332	
1.735835	
1.745976	
1.756115	
1.766302	
1.776374	
1.786555	
1.796748	
1.8069	
1.817048	
1.827177	
1.837399	
1.847457	
1.857601	
1.867755	
1.877956	
1.89816	
1.902491	
1.912625	
1.922751	
1.932934	
1.9438	
1.953206	
1.963325	
1.973502	
1.983641	
1.993775	
2.004001	
2.014112	
2.024253	
2.034424	
2.044597	
2.054769	
2.064824	
2.074957	
2.085182	
2.095287	
2.105434	
2.115609	
2.130115	79.5976359	79.5957405	79.8070754	79.80518	
2.140209	79.5994299	79.5957405	79.8088695	79.80518	
2.150545	79.601919	79.5957405	79.8113585	79.80518	
2.160493	79.6048936	79.5957405	79.8143332	79.80518	
2.170654	79.6085742	79.6044672	79.8180138	79.80518	
2.180832	79.6128517	79.6044672	79.8222912	79.80518	
2.190961	79.6177388	79.6044672	79.8271783	79.80518	
2.20114	79.6232745	79.6044672	79.832714	79.80518	
2.211333	79.6294405	79.6044672	79.83888	79.80518	
2.221535	79.6362374	79.6131938	79.8456769	79.8139067	
2.233071	79.6447712	79.6219205	79.8542107	79.8139067	
2.242841	79.6525101	79.6219205	79.8619496	79.8139067	
2.252996	79.6611904	79.6306471	79.8706299	79.8139067	
2.263157	79.6704995	79.6393738	79.879939	79.8226333	
2.273262	79.6803592	79.6393738	79.8897987	79.83136	
2.283462	79.6909438	79.6481004	79.9003833	79.8488133	
2.29363	79.7021157	79.6568271	79.9115552	79.8575399	
2.303765	79.7138656	79.6655537	79.9233051	79.8749932	
2.314107	79.7265049	79.6742804	79.9359444	79.8924465	
2.324238	79.7394945	79.6917336	79.948934	79.9098998	
2.335308	79.7544589	79.7004603	79.9638984	79.9360797	
2.345413	79.7686954	79.7179136	79.9781349	79.9622597	
2.355857	79.7843568	79.7266402	79.9937963	79.979713	
2.366567	79.8005629	79.7528202	80.0100024	80.0058929	
2.376385	79.8162027	79.7790001	80.0256422	80.0320729	
2.386562	79.833055	79.7964534	80.0424945	80.0495261	
2.39673	79.850514	79.8139067	80.0599535	80.0757061	
2.406879	79.8685559	79.8400866	80.0779954	80.0931594	
2.417254	79.8876677	79.8662666	80.0971072	80.1106127	
2.427374	79.9069016	79.8837199	80.1163411	80.1367926	
2.438141	79.9281022	79.9011732	80.1375417	80.1542459	
2.455948	79.9654013	79.9273531	80.1748408	80.1891525	
2.460489	79.9748492	79.953533	80.1842887	80.1978791	
2.470634	79.9967659	79.9709863	80.2062055	80.2153324	
2.480804	80.0193695	79.9971663	80.228809	80.2327857	
2.490952	80.0425371	80.0233462	80.2519767	80.250239	
2.50109	80.0662864	80.0407995	80.2757259	80.2676923	
2.511266	80.0907518	80.0582528	80.3001913	80.2851456	
2.521829	80.1168447	80.0757061	80.3262842	80.3025989	
2.532181	80.1430458	80.101886	80.3524853	80.3200522	
2.542838	80.1707075	80.128066	80.380147	80.3462321	
2.552326	80.1958202	80.1455193	80.4052597	80.3636854	
2.562449	80.2232678	80.1716992	80.4327073	80.3898653	
2.572602	80.2514104	80.1978791	80.4608499	80.4160453	
2.590638	80.3038041	80.2415124	80.5132436	80.4684052	
2.595154	80.3168474	80.250239	80.5262869	80.4858585	
2.605397	80.3472695	80.2851456	80.556709	80.520765	
2.615537	80.3779874	80.3200522	80.5874269	80.5556716	
2.625915	80.4101116	80.3549588	80.6195511	80.5905782	
2.635962	80.4417859	80.3898653	80.6512254	80.6342114	
2.645989	80.4739835	80.4247719	80.683423	80.669118	
2.656157	80.5072615	80.4771318	80.716701	80.7040246	
2.666286	80.5410293	80.5120384	80.7504688	80.7476578	
2.676435	80.5754961	80.5643983	80.7849356	80.7912911	
2.686542	80.6104357	80.5993049	80.8198752	80.8261977	
2.696742	80.6462989	80.6429381	80.8557384	80.8698309	
2.706909	80.6826794	80.6865713	80.8921189	80.9047375	
2.717032	80.7195235	80.7214779	80.928963	80.9483707	
2.727154	80.7569636	80.7651111	80.9664032	80.9832773	
2.73741	80.79555	80.8000177	81.0049895	81.0181839	
2.747537	80.8342667	80.843651	81.0437062	81.0530905	
2.757659	80.8735434	80.8785575	81.0829829	81.087997	
2.767833	80.9136924	80.9134641	81.1231319	81.1229036	
2.778007	80.9544181	80.9483707	81.1638576	81.1490836	
2.788592	80.9975162	80.9832773	81.2069557	81.1839902	
2.798267	81.0374002	81.0181839	81.2468397	81.2188967	
2.808411	81.0798712	81.0530905	81.2893107	81.2538033	
2.81855	81.1229552	81.087997	81.3323947	81.2974366	
2.828663	81.1665287	81.1229036	81.3759682	81.3323431	
2.838917	81.2113628	81.1578102	81.4208023	81.3672497	
2.849094	81.2564799	81.1927168	81.4659194	81.410883	
2.859205	81.3018752	81.2450767	81.5113147	81.4632428	
2.869424	81.3483895	81.2887099	81.557829	81.5068761	
2.887359	81.4324363	81.3759764	81.6418758	81.6028692	
2.891906	81.4536491	81.4021563	81.6630886	81.6290491	
2.902052	81.5018335	81.4545162	81.711273	81.681409	
2.912181	81.5505472	81.5156027	81.7599867	81.7424955	
2.92236	81.6001394	81.5766892	81.8095789	81.7948554	
2.932489	81.6500923	81.6290491	81.8595318	81.8559419	
2.943418	81.7047743	81.6901356	81.9142138	81.9170284	
2.952862	81.7524639	81.7512222	81.9619034	81.9693883	
2.962972	81.8041719	81.8123087	82.0136114	82.0304748	
2.973105	81.8565985	81.8733952	82.066038	82.0828347	
2.983302	81.9099924	81.9257551	82.1194319	82.1351946	
2.993403	81.9634819	81.978115	82.1729215	82.1962811	
3.003608	82.0181991	82.0304748	82.2276386	82.2399144	
3.013784	82.0733104	82.0828347	82.2827499	82.3010009	
3.023908	82.128797	82.126468	82.3382365	82.3446341	
3.034155	82.1855916	82.1701012	82.3950311	82.396994	
3.044751	82.2450337	82.2224611	82.4544732	82.4493539	
3.055044	82.3033579	82.2748209	82.5127974	82.5017137	
3.065146	82.3612001	82.3271808	82.5706397	82.545347	
3.07539	82.4205128	82.3795407	82.6299523	82.5977069	
3.085647	82.4805147	82.4319006	82.6899542	82.6500667	
3.095953	82.5414718	82.4842604	82.7509114	82.7024266	
3.10585	82.6005501	82.545347	82.8099896	82.7547865	
3.116083	82.6622974	82.6064335	82.8717369	82.815873	
3.126183	82.7238319	82.6762467	82.9332714	82.8769595	
3.136319	82.7862092	82.7373332	82.9956487	82.9380461	
3.146433	82.8491335	82.8071464	83.058573	83.0078592	
3.156747	82.913902	82.8769595	83.1233415	83.0776724	
3.16694	82.9784601	82.9554993	83.1878997	83.1474856	
3.176982	83.0426867	83.0253125	83.2521262	83.2172987	
3.187114	83.10814	83.1038523	83.3175795	83.2958386	
3.197391	83.1752079	83.1823922	83.3846475	83.3743784	
3.207428	83.241202	83.2522053	83.4506415	83.4441915	
3.21757	83.3085804	83.3220185	83.5180199	83.5227314	
3.227746	83.376814	83.383105	83.5862535	83.6012712	
3.237883	83.4453882	83.4529182	83.6548277	83.6710843	
3.257341	83.5798406	83.5227314	83.7892801	83.8107107	
3.261963	83.611647	83.6012712	83.8210865	83.8456173	
3.272083	83.6821541	83.6710843	83.8915936	83.9154304	
3.282255	83.7536955	83.7321709	83.963135	83.976517	
3.292384	83.8255278	83.801984	84.0349673	84.0463301	
3.302794	83.89999	83.8717972	84.1094295	84.1074167	
3.312872	83.9726835	83.9328837	84.182123	84.1772298	
3.323046	84.0466933	84.0026969	84.2561328	84.2383163	
3.333197	84.1211681	84.0725101	84.3306076	84.3081295	
3.343344	84.1962313	84.1423232	84.4056708	84.369216	
3.35349	84.2719049	84.2208631	84.4813444	84.4390292	
3.363776	84.3492998	84.2994029	84.5587393	84.5088424	
3.373943	84.4263405	84.3779427	84.63578	84.5873822	
3.384035	84.5034441	84.4564825	84.7128837	84.6571954	
3.394153	84.5813614	84.543749	84.7908009	84.7357352	
3.404379	84.6607567	84.6222888	84.8701962	84.8230016	
3.414506	84.7399643	84.7095552	84.9494038	84.9015415	
3.424651	84.8199782	84.7880951	85.0294178	84.9888079	
3.43485	84.9009959	84.8753615	85.1104354	85.0673477	
3.444933	84.9817222	84.9539013	85.1911617	85.1633409	
3.45512	85.0639315	85.0324412	85.273371	85.2506073	
3.465333	85.1469446	85.110981	85.3563841	85.3466004	
3.475507	85.2302853	85.1982474	85.4397248	85.4338669	
3.485695	85.3143224	85.2767873	85.5237619	85.5211333	
3.495813	85.3984357	85.3553271	85.6078752	85.6083998	
3.506017	85.4839253	85.4338669	85.6933648	85.6956663	
3.51613	85.5691537	85.5211333	85.7785932	85.7916594	
3.52624	85.6550206	85.6083998	85.8644601	85.8789258	
3.536393	85.7418811	85.6956663	85.9513206	85.9661923	
3.546544	85.8293862	85.7742061	86.0388257	86.0447321	
3.557163	85.9215632	85.8614726	86.1310027	86.1319986	
3.567003	86.0075706	85.948739	86.2170101	86.219265	
3.577024	86.0956879	86.0447321	86.3051274	86.3065315	
3.587176	86.1856332	86.1232719	86.3950727	86.3850713	
3.597365	86.2765213	86.219265	86.4859608	86.4636111	
3.607472	86.3673154	86.3065315	86.5767549	86.5508776	
3.617608	86.4589419	86.393798	86.6683814	86.6381441	
3.627749	86.5512763	86.4897911	86.7607158	86.7254105	
3.637957	86.6448297	86.5857842	86.8542692	86.812677	
3.655992	86.8125187	86.6817773	87.0219582	86.9697566	
3.660561	86.8549161	86.8039503	87.0643556	87.0133899	
3.670988	86.9525594	86.9086701	87.1619989	87.109383	
3.681046	87.0473435	87.0133899	87.256783	87.1966494	
3.691202	87.1436347	87.1181096	87.3530742	87.2926425	
3.701372	87.240689	87.231556	87.4501285	87.3973623	
3.711525	87.3382278	87.3362758	87.5476673	87.4933554	
3.721676	87.4363658	87.4409955	87.6458053	87.5980752	
3.731851	87.5353578	87.5457153	87.7447973	87.7115216	
3.741999	87.6346648	87.650435	87.8441043	87.8162413	
3.752122	87.7343706	87.7464281	87.9438101	87.9296877	
3.762296	87.8352314	87.8424213	88.0446709	88.0344075	
3.772736	87.9394112	87.9296877	88.1488507	88.1391272	
3.782649	88.0388079	88.0256808	88.2482475	88.2525736	
3.792805	88.1413089	88.1216739	88.3507484	88.3572934	
3.802992	88.2447462	88.217667	88.4541857	88.4707398	
3.813105	88.3480433	88.3136602	88.5574828	88.5754595	
3.823282	88.4526485	88.4096533	88.662088	88.6714526	
3.833423	88.5574792	88.5056464	88.7669187	88.7761724	
3.843551	88.6627695	88.6103661	88.872209	88.8721655	
3.853723	88.7691709	88.7063592	88.9786104	88.9768853	
3.863851	88.8757051	88.811079	89.0851446	89.0728784	
3.874942	88.9936209	88.9245254	89.2030605	89.1775981	
3.884754	89.0976039	89.0379718	89.3070434	89.2735912	
3.894887	89.2060884	89.1514182	89.4155279	89.3695843	
3.905025	89.3152432	89.2735912	89.5246828	89.4743041	
3.915138	89.4247746	89.3870376	89.6342141	89.5702972	
3.925631	89.5390604	89.500484	89.7484999	89.6837436	
3.935688	89.6491911	89.6226571	89.8586306	89.7884634	
3.946507	89.7663409	89.7448301	89.9757805	89.9019098	
3.956015	89.868679	89.8582765	90.0781185	90.0153562	
3.966101	89.9767537	89.9717229	90.1861932	90.1288026	
3.977229	90.0950922	90.093896	90.3045318	90.2597023	
3.987396	90.2026493	90.216069	90.4120888	90.3731487	
3.997618	90.31015	90.3207888	90.5195895	90.5040484	
4.007658	90.4151277	90.4255085	90.6245672	90.6174948	
4.017827	90.5209448	90.5302283	90.7303843	90.7396678	
4.028054	90.6265921	90.6349481	90.8360316	90.8618409	
4.038146	90.7303202	90.7396678	90.9397597	90.9752873	
4.048421	90.83526	90.8356609	91.0446995	91.0974603	
4.058407	90.9366695	90.931654	91.146109	91.2021801	
4.06881	91.0416724	91.0363738	91.251112	91.3156265	
4.080322	91.1570644	91.1410935	91.366504	91.4290729	
4.09013	91.2547385	91.22836	91.464178	91.525066	
4.100283	91.3552728	91.3243531	91.5647123	91.6297857	
4.110389	91.454761	91.4203462	91.6642005	91.7170522	
4.120577	91.5544129	91.5163393	91.7638524	91.8043187	
4.130729	91.6531257	91.6123324	91.8625652	91.8915851	
4.140907	91.7514127	91.6995989	91.9608522	91.9788516	
4.151321	91.851409	91.8043187	92.0608486	92.0573914	
4.161197	91.9455979	91.9003118	92.1550374	92.1446579	
4.171373	92.0420577	92.0050315	92.2514972	92.2231977	
4.182546	92.1472054	92.1097513	92.3566449	92.3191908	
4.192707	92.2421889	92.214471	92.4516284	92.4064572	
4.202862	92.3368493	92.3104641	92.5462888	92.5024504	
4.213019	92.4302397	92.4151839	92.6396792	92.5984435	
4.223167	92.5232898	92.5024504	92.7327293	92.6944366	
4.23336	92.6161566	92.6071701	92.8255961	92.7904297	
4.243476	92.7076581	92.6944366	92.9170976	92.8864228	
4.253688	92.7994285	92.7904297	93.008868	92.9911425	
4.263817	92.8898242	92.8864228	93.0992637	93.0958623	
4.273922	92.9793871	92.9736893	93.1888266	93.1918554	
4.285527	93.08146	93.078409	93.2908995	93.3053018	
4.295237	93.16633	93.1656755	93.3757695	93.4012949	
4.305392	93.2543726	93.2529419	93.4638121	93.4885614	
4.315547	93.3418764	93.3402084	93.5513159	93.5845545	
4.325955	93.4309555	93.4274749	93.640395	93.671821	
4.335864	93.5150845	93.5147413	93.724524	93.7590874	
4.345995	93.6005302	93.6020078	93.8099697	93.8463539	
4.356372	93.6899568	93.6892742	93.8993963	93.9336203	
4.367417	93.7791199	93.7765407	93.9885594	94.0208868	
4.377454	93.8618892	93.8550805	94.0713287	94.0994266	
4.395928	94.0117692	93.9336203	94.2212087	94.2477796	
4.400627	94.0499355	94.0383401	94.259375	94.2739595	
4.410677	94.1307617	94.1256066	94.3402012	94.3524994	
4.420806	94.2116729	94.212873	94.4211124	94.4223125	
4.431065	94.2929823	94.2914128	94.5024218	94.4921257	
4.441157	94.3723574	94.3786793	94.5817969	94.5619389	
4.451336	94.4518115	94.4572191	94.661251	94.6404787	
4.461584	94.5311675	94.5270323	94.740607	94.7102919	
4.471639	94.6084392	94.6142988	94.8178787	94.7888317	
4.481801	94.6859062	94.6841119	94.8953457	94.8673715	
4.492211	94.7646395	94.7626517	94.974079	94.9459113	
4.502266	94.8400368	94.8411916	95.0494763	95.0244511	
4.512472	94.9159709	94.9110047	95.1254104	95.1029909	
4.522617	94.9908394	94.9808179	95.2002789	95.1902574	
4.532941	95.0664024	95.0506311	95.2758419	95.2600706	
4.543403	95.1423397	95.1204442	95.3517792	95.347337	
4.553045	95.2117044	95.1902574	95.4211439	95.4346035	
4.563176	95.2840209	95.2687972	95.4934604	95.5044167	
4.573315	95.3557818	95.3386104	95.5652213	95.5829565	
4.58346	95.4269648	95.4171502	95.6364043	95.6614963	
4.593733	95.4984685	95.4869634	95.7079081	95.7400361	
4.603824	95.5680161	95.5567765	95.7774556	95.8098493	
4.614028	95.6377943	95.6353164	95.8472338	95.8796625	
4.62414	95.7062837	95.7051295	95.9157232	95.9494756	
4.634278	95.7743568	95.7749427	95.9837963	96.0105622	
4.644466	95.8421398	95.8447559	96.0515793	96.0803753	
4.65461	95.9090321	95.9058424	96.1184716	96.1414618	
4.664751	95.9752669	95.9756556	96.1847064	96.2025484	
4.674953	96.0412988	96.0454687	96.2507383	96.2636349	
4.685048	96.1060288	96.1065553	96.3154683	96.3247214	
4.695733	96.1739074	96.1676418	96.3833469	96.3770813	
4.705554	96.2356533	96.2287283	96.4450928	96.4381678	
4.715734	96.2990932	96.2898148	96.5085327	96.4992543	
4.725859	96.361546	96.3421747	96.5709855	96.5516142	
4.736015	96.4236427	96.4032612	96.6330822	96.6127007	
4.746142	96.4848754	96.4643478	96.694315	96.6737873	
4.756328	96.5458594	96.5167076	96.7552989	96.7348738	
4.766805	96.6095521	96.5865208	96.8189916	96.7959603	
4.776667	96.6658315	96.6388807	96.8752711	96.8570468	
4.787132	96.7265928	96.6999672	96.9360323	96.92686	
4.806139	96.8343527	96.7610537	97.0437922	97.0490331	
4.81076	96.8605364	96.8483202	97.0699759	97.075213	
4.820954	96.9176871	96.9094067	97.1271266	97.1450262	
4.831113	96.9740032	96.9792199	97.1834427	97.2061127	
4.841245	97.0295946	97.0403064	97.2390341	97.2671992	
4.851376	97.0845561	97.1013929	97.2939956	97.3195591	
4.861636	97.1395898	97.1624795	97.3490293	97.3893723	
4.871706	97.1929937	97.2148393	97.4024332	97.4417321	
4.881916	97.2465553	97.2671992	97.4559948	97.494092	
4.89212	97.2994382	97.3195591	97.5088777	97.5464519	
4.90251	97.352661	97.371919	97.5621005	97.5988118	
4.912691	97.4041813	97.4068256	97.6136208	97.642445	
4.922849	97.4550153	97.4591854	97.6644548	97.6860782	
4.932987	97.5050977	97.494092	97.7145373	97.7384381	
4.94315	97.5546977	97.5289986	97.7641373	97.7733447	
4.953326	97.6037871	97.5726318	97.8132266	97.8257046	
4.963428	97.6518997	97.6162651	97.8613392	97.8693378	
4.973635	97.6998706	97.6511716	97.9093101	97.912971	
4.98371	97.7466489	97.6948049	97.9560884	97.9566043	
4.993852	97.7931245	97.7384381	98.002564	98.0002375	
5.004166	97.8397997	97.790798	98.0492392	98.0438707	
5.014241	97.8847141	97.8344312	98.0941537	98.087504	
5.024392	97.9293937	97.8780645	98.1388332	98.1224105	
5.034755	97.9743971	97.9304243	98.1838366	98.1747704	
5.053242	98.0522103	97.9827842	98.2616498	98.2620369	
5.057781	98.0713286	98.0525974	98.2807681	98.2794902	
5.068042	98.1138765	98.1136839	98.323316	98.3318501	
5.078149	98.1551655	98.1747704	98.364605	98.3754833	
5.088248	98.1958228	98.2271303	98.4052623	98.4191165	
5.098677	98.237191	98.2794902	98.4466305	98.4714764	
5.108589	98.275924	98.3143968	98.4853635	98.506383	
5.118864	98.3154449	98.35803	98.5248844	98.5587429	
5.12885	98.3532553	98.3929366	98.5626948	98.5936494	
5.139028	98.3912025	98.4278432	98.600642	98.6372827	
5.149158	98.428385	98.4627498	98.6378245	98.6809159	
5.15935	98.4651595	98.4889297	98.674599	98.7158225	
5.169529	98.5012984	98.5151096	98.7107379	98.7507291	
5.179618	98.536511	98.5412896	98.7459505	98.7856357	
5.189772	98.5713559	98.5674695	98.7807954	98.8205422	
5.200091	98.6061361	98.5936494	98.8155757	98.8554488	
5.2103	98.6399466	98.6111027	98.8493861	98.8903554	
5.220527	98.6732022	98.628556	98.8826417	98.9165354	
5.23065	98.7055123	98.6460093	98.9149518	98.9427153	
5.240769	98.7372194	98.6809159	98.9466589	98.9688952	
5.251016	98.7687181	98.6983692	98.9781576	98.9950752	
5.26915	98.8221276	98.7507291	99.0315671	99.0387084	
5.273696	98.8355672	98.7681824	99.0450067	99.0561617	
5.283856	98.8648613	98.803089	99.0743008	99.073615	
5.293999	98.8935073	98.8467222	99.1029468	99.0997949	
5.306738	98.9284721	98.8903554	99.1379117	99.1259749	
5.314387	98.9492076	98.925262	99.1586471	99.1521548	
5.324538	98.9760759	98.9688952	99.1855154	99.1783347	
5.334703	99.002399	99.0125285	99.2118385	99.2045147	
5.344863	99.0280934	99.0474351	99.237533	99.2306946	
5.35497	99.0531526	99.0823416	99.2625921	99.2568746	
5.365567	99.078618	99.1172482	99.2880575	99.2917811	
5.375532	99.1020628	99.1434282	99.3115023	99.3092344	
5.385676	99.1253441	99.1696081	99.3347837	99.344141	
5.395824	99.1480522	99.1870614	99.3574917	99.370321	
5.406027	99.1702846	99.2045147	99.3797241	99.3965009	
5.416506	99.1924689	99.2132413	99.4019084	99.4139542	
5.426311	99.212688	99.221968	99.4221275	99.4488608	
5.436452	99.2330199	99.2394213	99.4424595	99.4663141	
5.446701	99.2529742	99.2394213	99.4624137	99.4837674	
5.457131	99.2726363	99.2568746	99.4820758	99.5099473	
5.466903	99.2905379	99.2656012	99.4999774	99.5274006	
5.477031	99.3085095	99.2743279	99.517949	99.5448539	
5.487222	99.3260005	99.2917811	99.53544	99.5535805	
5.497314	99.3427485	99.3005078	99.552188	99.5623072	
5.50747	99.3590298	99.3179611	99.5684693	99.5710338	
5.517811	99.3749957	99.3266877	99.5844352	99.5797605	
5.527877	99.389965	99.344141	99.5994045	99.5884871	
5.538133	99.4046431	99.3615943	99.6140826	99.5884871	
5.5483	99.4186209	99.3790476	99.6280604	99.6059404	
5.558718	99.4323243	99.4052275	99.6417638	99.6146671	
5.568487	99.4446659	99.4314075	99.6541054	99.6233937	
5.57865	99.4569238	99.4488608	99.6663633	99.6321204	
5.588816	99.4686249	99.4663141	99.6780644	99.6495736	
5.598948	99.4797268	99.492494	99.6891663	99.6583003	
5.609094	99.4902889	99.5012207	99.6997284	99.6757536	
5.619303	99.5003502	99.5186739	99.7097897	99.6932069	
5.637417	99.5160497	99.5535805	99.7254892	99.7281135	
5.641919	99.5200074	99.5535805	99.7294469	99.7281135	
5.652059	99.5283684	99.5623072	99.7378079	99.7455668	
5.662278	99.5359965	99.5710338	99.745436	99.76302	
5.672417	99.5431624	99.5710338	99.7526019	99.7717467	
5.682547	99.5498024	99.5710338	99.7592419	99.7804733	
5.69272	99.5559484	99.5710338	99.765388	99.7804733	
5.702844	99.5615586	99.5710338	99.7709981	99.7804733	
5.713022	99.5666943	99.5710338	99.7761338	99.7804733	
5.723249	99.5713541	99.5623072	99.7807937	99.7804733	
5.733394	99.5754929	99.5535805	99.7849324	99.7892	
5.743545	99.5791663	99.5535805	99.7886058	99.7892	
5.753685	99.5823831	99.5535805	99.7918226	99.7892	
5.763843	99.5851669	99.5535805	99.7946065	99.7892	
5.774518	99.5876187	99.5623072	99.7970582	99.7892	
5.784518	99.5895506	99.5710338	99.7989901	99.7892	
5.794669	99.5911448	99.5710338	99.8005843	99.7892	
5.804838	99.5957405	99.5797605	99.80518	99.7892	
5.815001	99.5957405	99.5884871	99.80518	99.7892	
5.825516	99.5957405	99.5884871	99.80518	99.7892	
5.835409	99.5957405	99.5972138	99.80518	99.7892	
5.845614	99.5957405	99.5972138	99.80518	99.7892	
5.855657	99.5957405	99.5884871	99.80518	99.7892	
5.865992	99.5957405	99.5884871	99.80518	99.7892	
5.876032	99.5957405	99.5884871	99.80518	99.7892	
5.886188	99.5957405	99.5884871	99.80518	99.7892	
5.896271	99.5957405	99.5884871	99.80518	99.7892	
5.90645	99.5957405	99.5884871	99.80518	99.7892	
5.916766	99.5957405	99.5884871	99.80518	99.7892	
5.92676	99.5957405	99.5884871	99.80518	99.7892	
5.936936	99.5957405	99.5884871	99.80518	99.7892	
5.947798	99.5957405	99.5884871	99.80518	99.7892	
5.957198	99.5957405	99.5884871	99.80518	99.7892	
5.967338	99.5957405	99.5884871	99.80518	99.7892	
5.977459	99.5957405	99.5884871	99.80518	99.7892	
5.987623	99.5957405	99.5884871	99.80518	99.7892	
5.997825	99.5957405	99.5884871	99.80518	99.7892	
6.007984	99.5957405	99.5884871	99.80518	99.7892	
6.018133	99.5957405	99.5884871	99.80518	99.7892	
6.028257	99.5957405	99.5884871	99.80518	99.7892	
6.03832	99.5957405	99.5884871	99.80518	99.7892	
6.048975	99.5957405	99.5884871	99.80518	99.7892	
6.059122	99.5957405	99.5884871	99.80518	99.7892	
6.069233	99.5957405	99.5884871	99.80518	99.7892	
6.079529	99.5957405	99.5884871	99.80518	99.7892	
6.089615	99.5957405	99.5884871	99.80518	99.7892	
6.099749	99.5957405	99.5884871	99.80518	99.7892	
6.109926	99.5957405	99.5884871	99.80518	99.7892	
6.120111	99.5957405	99.5884871	99.80518	99.7892	
6.130274	99.5957405	99.5884871	99.80518	99.7892	
6.140464	99.5957405	99.5884871	99.80518	99.7892	
6.150598	99.5957405	99.5884871	99.80518	99.7892	
6.160732	99.5957405	99.5884871	99.80518	99.7892	
6.170936	99.5957405	99.5884871	99.80518	99.7892	
6.181114	99.5957405	99.5884871	99.80518	99.7892	
6.191344	99.5957405	99.5884871	99.80518	99.7892	
6.201443	99.5957405	99.5884871	99.80518	99.7892	
6.211595	99.5957405	99.5884871	99.80518	99.7892	
6.221829	99.5957405	99.5884871	99.80518	99.7892	
6.231911	99.5957405	99.5884871	99.80518	99.7892	
6.242048	99.5957405	99.5884871	99.80518	99.7892	
6.25226	99.5957405	99.5884871	99.80518	99.7892	
6.262414	99.5957405	99.5884871	99.80518	99.7892	
6.272536	99.5957405	99.5884871	99.80518	99.7892	
6.282899	99.5957405	99.5884871	99.80518	99.7892	
6.292885	99.5957405	99.5884871	99.80518	99.7892	
6.303086	99.5957405	99.5884871	99.80518	99.7892	
6.313187	99.5957405	99.5884871	99.80518	99.7892	
6.323349	99.5957405	99.5884871	99.80518	99.7892	
6.333522	99.5957405	99.5884871	99.80518	99.7892	
6.343665	99.5957405	99.5884871	99.80518	99.7892	
6.353778	99.5957405	99.5884871	99.80518	99.7892	
6.373735	99.5957405	99.5884871	99.80518	99.7892	
6.378324	99.5957405	99.5884871	99.80518	99.7892	
6.388515	99.5957405	99.5884871	99.80518	99.7892	
6.398604	99.5957405	99.5884871	99.80518	99.7892	
6.408711	99.5957405	99.5884871	99.80518	99.7892	
6.418929	99.5957405	99.5884871	99.80518	99.7892	
6.42906	99.5957405	99.5884871	99.80518	99.7892	
6.43925	99.5957405	99.5884871	99.80518	99.7892	
6.449527	99.5957405	99.5884871	99.80518	99.7892	
6.45955	99.5957405	99.5884871	99.80518	99.7892	
6.470109	99.5957405	99.5884871	99.80518	99.7892	
6.48009	99.5957405	99.5884871	99.80518	99.7892	
6.490433	99.5957405	99.5884871	99.80518	99.7892	
6.5004	99.5957405	99.5884871	99.80518	99.7892	
6.510553	99.5957405	99.5884871	99.80518	99.7892	
6.52071	99.5957405	99.5884871	99.80518	99.7892	
6.530862	99.5957405	99.5884871	99.80518	99.7892	
6.541097	99.5957405	99.5884871	99.80518	99.7892	
6.551332	99.5957405	99.5884871	99.80518	99.7892	
6.561426	99.5957405	99.5884871	99.80518	99.7892	
6.571556	99.5957405	99.5884871	99.80518	99.7892	
6.581778	99.5957405	99.5884871	99.80518	99.7892	
6.591877	99.5957405	99.5884871	99.80518	99.7892	
6.602043	99.5957405	99.5884871	99.80518	99.7892	
6.612251	99.5957405	99.5884871	99.80518	99.7892	
6.622347	99.5957405	99.5884871	99.80518	99.7892	
6.632485	99.5957405	99.5884871	99.80518	99.7892	
6.642645	99.5957405	99.5884871	99.80518	99.7892	
6.65283	99.5957405	99.5884871	99.80518	99.7892	
6.662973	99.5957405	99.5884871	99.80518	99.7892	
6.673133	99.5957405	99.5884871	99.80518	99.7892	
6.683284	99.5957405	99.5884871	99.80518	99.7892	
6.693449	99.5957405	99.5884871	99.80518	99.7892	
6.703665	99.5957405	99.5884871	99.80518	99.7892	
6.713772	99.5957405	99.5884871	99.80518	99.7892	
6.723918	99.5957405	99.5884871	99.80518	99.7892	
6.734126	99.5957405	99.5884871	99.80518	99.7892	
6.744213	99.5957405	99.5884871	99.80518	99.7892	
6.754394	99.5957405	99.5884871	99.80518	99.7892	
6.76457	99.5957405	99.5884871	99.80518	99.7892	
6.778008	99.5957405	99.5884871	99.80518	99.7892	
6.785226	99.5957405	99.5884871	99.80518	99.7892	
6.795342	99.5957405	99.5884871	99.80518	99.7892	
6.805575	99.5957405	99.5884871	99.80518	99.7892	
6.815711	99.5957405	99.5884871	99.80518	99.7892	
6.848183	99.5957405	99.5884871	99.80518	99.7892	
6.85329	99.5957405	99.5884871	99.80518	99.7892	
