0.03760145	
0.04221026	
0.05233485	
0.06251843	
0.08096667	
0.08535849	
0.09569106	
0.1056736	
0.1158652	
0.1260328	
0.1364054	
0.146334	
0.1564586	
0.1666981	
0.1767917	
0.1869363	
0.1970739	
0.2072505	
0.217445	
0.2276476	
0.2378432	
0.2480648	
0.2581034	
0.268264	
0.2784075	
0.2885531	
0.2987067	
0.3087963	
0.3189879	
0.3291154	
0.339266	
0.3513795	
0.3595132	
0.3696848	
0.3798604	
0.3899999	
0.4002025	
0.4102701	
0.4204517	
0.4306043	
0.4406969	
0.4511694	
0.461268	
0.4714306	
0.4815572	
0.4919727	
0.5017843	
0.5120219	
0.5221525	
0.5322271	
0.5424227	
0.5528562	
0.5627718	
0.5728634	
0.58303	
0.5931456	
0.6032942	
0.6135047	
0.6236413	
0.6337809	
0.6439005	
0.6540931	
0.6645016	
0.6745962	
0.6847578	
0.6949534	
0.705048	
0.7152205	
0.7253751	
0.7355557	
0.7457253	
0.7558739	
0.7660675	
0.77625	
0.7863476	
0.7965012	
0.8066488	
0.8168314	
0.8269529	
0.8371015	
0.8472671	
0.8574167	
0.8675873	
0.8777119	
0.8878804	
0.898019	
0.9081316	
0.9183372	
0.9284718	
0.9386893	
0.9487449	
0.9589455	
0.9691911	
0.9792597	
0.9894293	
0.9995808	
1.009814	
1.020279	
1.030017	
1.040205	
1.050282	
1.06041	
1.070572	
1.08075	
1.090864	
1.100996	
1.11935	
1.13626	
1.140648	
1.150834	
1.160928	
1.171132	
1.181307	
1.191385	
1.201582	
1.211658	
1.221761	
1.23234	
1.242073	
1.252236	
1.262367	
1.272544	
1.290596	
1.295016	
1.305088	
1.315287	
1.325431	
1.335603	
1.345778	
1.355966	
1.366065	
1.37627	
1.386329	
1.396549	
1.406711	
1.417509	
1.426955	
1.437081	
1.447229	
1.457408	
1.467534	
1.477702	
1.487838	
1.498029	
1.508129	
1.518515	
1.528507	
1.538567	
1.548779	
1.558951	
1.569081	
1.579202	
1.589316	
1.599535	
1.609667	
1.619814	
1.629909	
1.640104	
1.650192	
1.660327	
1.670513	
1.68066	
1.69079	
1.710534	
1.714898	
1.725026	
1.735231	
1.745369	
1.755541	
1.765708	
1.775843	
1.785986	
1.79613	
1.806542	
1.816691	
1.826781	
1.836928	
1.847127	
1.857233	
1.867425	
1.877585	
1.88769	
1.897922	
1.908009	
1.918441	
1.929697	
1.938501	
1.948653	
1.958759	
1.969111	
1.979085	
1.989217	
1.999363	
2.009507	
2.019665	
2.029829	
2.039937	
2.050085	
2.060226	
2.070363	
2.08052	
2.090648	
2.100778	
2.110942	
2.121121	
2.131418	
2.141562	
2.151707	
2.161873	
2.172009	
2.182148	
2.192372	
2.202452	
2.21267	
2.222812	
2.232972	
2.243079	
2.253264	
2.263688	
2.273612	
2.283736	
2.293863	
2.304014	
2.314182	
2.324326	
2.334517	
2.344657	
2.358682	
2.365265	
2.375413	
2.385695	
2.395797	
2.405921	
2.416768	
2.426227	
2.436386	
2.446494	
2.456679	
2.466829	
2.476962	
2.487163	
2.497274	
2.507386	
2.517549	
2.52778	
2.53797	
2.548086	
2.558243	
2.568427	
2.578544	
2.593085	377.909322	377.907416	377.656249	377.654344	
2.602845	377.91103	377.907416	377.657958	377.654344	
2.612999	377.913438	377.907416	377.660365	377.654344	
2.623152	377.916465	377.907416	377.663392	377.66307	
2.633333	377.920123	377.916143	377.66705	377.66307	
2.6435	377.924396	377.916143	377.671323	377.671797	
2.653681	377.929297	377.916143	377.676225	377.671797	
2.671903	377.940502	377.916143	377.68743	377.680523	
2.676441	377.943227	377.933596	377.690155	377.680523	
2.686633	377.950151	377.933596	377.697079	377.68925	
2.696881	377.957746	377.942323	377.704674	377.68925	
2.706924	377.965779	377.95105	377.712706	377.697977	
2.717128	377.974577	377.95105	377.721505	377.706703	
2.727278	377.983943	377.968503	377.730871	377.71543	
2.7374	377.9939	377.968503	377.740827	377.724157	
2.747795	378.004785	377.977229	377.751712	377.732883	
2.757741	378.015807	377.985956	377.762734	377.74161	
2.767925	378.027654	377.994683	377.774581	377.759063	
2.778055	378.040084	378.003409	377.787012	377.759063	
2.788177	378.053129	378.012136	377.800056	377.776517	
2.798436	378.066987	378.020863	377.813914	377.79397	
2.808548	378.081242	378.038316	377.828169	377.802697	
2.81872	378.096209	378.047043	377.843137	377.811423	
2.828849	378.111724	378.055769	377.858652	377.828876	
2.839097	378.12807	378.073223	377.874998	377.84633	
2.849173	378.144735	378.090676	377.891662	377.863783	
2.859273	378.162048	378.116856	377.908975	377.881236	
2.869457	378.180135	378.143036	377.927062	377.89869	
2.8796	378.198769	378.160489	377.945697	377.916143	
2.890247	378.21903	378.195396	377.965957	377.933596	
2.900552	378.239263	378.221576	377.98619	377.95105	
2.910639	378.259661	378.247755	378.006589	377.977229	
2.921406	378.282157	378.273935	378.029084	378.003409	
2.931552	378.303954	378.300115	378.050881	378.029589	
2.941973	378.327001	378.317569	378.073929	378.055769	
2.951849	378.349412	378.352475	378.09634	378.090676	
2.962036	378.373164	378.369929	378.120091	378.116856	
2.972164	378.397386	378.396108	378.144313	378.143036	
2.982259	378.422158	378.422288	378.169085	378.177942	
2.992492	378.447888	378.439742	378.194815	378.212849	
3.003664	378.476767	378.465922	378.223694	378.239029	
3.013458	378.502599	378.492102	378.249526	378.273935	
3.023621	378.530052	378.509555	378.276979	378.300115	
3.033837	378.558267	378.535735	378.305195	378.326295	
3.043912	378.586698	378.561915	378.333625	378.352475	
3.054103	378.616094	378.579368	378.363021	378.378655	
3.064384	378.646387	378.614275	378.393314	378.404835	
3.074426	378.676555	378.640455	378.423482	378.431015	
3.084643	378.707903	378.666635	378.45483	378.457195	
3.094735	378.739452	378.701541	378.486379	378.483375	
3.105969	378.775411	378.736448	378.522338	378.509555	
3.116049	378.808198	378.762628	378.555125	378.535735	
3.136222	378.876937	378.823714	378.623864	378.596821	
3.14079	378.892389	378.841167	378.639316	378.605548	
3.150986	378.927731	378.876074	378.674659	378.640455	
3.161182	378.963683	378.919707	378.71061	378.675361	
3.171334	379.000104	378.96334	378.747031	378.710268	
3.181415	379.036875	378.998247	378.783802	378.753901	
3.191565	379.074509	379.050607	378.821436	378.788808	
3.209605	379.143824	379.129147	378.890751	378.867347	
3.22236	379.193576	379.181507	378.940503	378.928434	
3.227021	379.211772	379.19896	378.9587	378.945887	
3.237108	379.251915	379.242593	378.998842	378.98952	
3.247239	379.292875	379.286226	379.039802	379.04188	
3.257442	379.334744	379.32986	379.081671	379.085514	
3.267587	379.377016	379.364766	379.123943	379.137873	
3.277767	379.420018	379.408399	379.166946	379.181507	
3.287901	379.463467	379.452033	379.210394	379.22514	
3.298016	379.50743	379.486939	379.254357	379.2775	
3.310256	379.561657	379.530572	379.308585	379.32986	
3.318351	379.597742	379.565479	379.344669	379.364766	
3.328553	379.643973	379.609112	379.3909	379.399673	
3.338689	379.690501	379.644019	379.437428	379.443306	
3.349017	379.738922	379.687652	379.485849	379.486939	
3.359663	379.788824	379.731285	379.535751	379.530572	
3.369886	379.837673	379.783645	379.5846	379.574206	
3.379887	379.886053	379.836005	379.632981	379.617839	
3.39003	379.935753	379.888365	379.68268	379.661472	
3.400453	379.987474	379.940725	379.734402	379.705105	
3.413169	380.051685	379.993085	379.798612	379.766192	
3.420699	380.089883	380.045445	379.836811	379.801099	
3.430554	380.140539	380.097804	379.887466	379.853458	
3.440719	380.193433	380.158891	379.940361	379.905818	
3.450851	380.24675	380.219978	379.993677	379.958178	
3.46103	380.300979	380.281064	380.047906	380.019265	
3.471268	380.356121	380.342151	380.103049	380.071625	
3.48137	380.411144	380.39451	380.158071	380.132711	
3.491486	380.466863	380.455597	380.213791	380.193798	
3.501582	380.523078	380.507957	380.270005	380.254884	
3.513954	380.593038	380.569043	380.339965	380.315971	
3.522197	380.63989	380.621403	380.386818	380.377057	
3.532116	380.696896	380.68249	380.443823	380.438144	
3.542247	380.755784	380.743576	380.502711	380.49923	
3.552481	380.815914	380.795936	380.562841	380.560317	
3.570989	380.927175	380.900656	380.674103	380.673763	
3.57559	380.954745	380.926836	380.701673	380.699943	
3.585816	381.016874	380.987922	380.763801	380.76103	
3.595887	381.078622	381.049009	380.825549	380.830843	
3.606006	381.14131	381.110095	380.888237	380.891929	
3.618417	381.219271	381.179909	380.966199	380.961742	
3.626368	381.269385	381.232269	381.016313	381.014102	
3.636517	381.334125	381.302082	381.081052	381.075189	
3.646671	381.399509	381.371895	381.146436	381.145002	
3.656826	381.465532	381.441708	381.212459	381.197362	
3.667032	381.532492	381.511521	381.27942	381.267175	
3.677164	381.599568	381.581334	381.346495	381.328262	
3.6876	381.66938	381.651148	381.416307	381.389348	
3.697518	381.736229	381.720961	381.483156	381.459161	
3.707639	381.805102	381.799501	381.552029	381.528974	
3.719449	381.886442	381.87804	381.633369	381.598788	
3.728022	381.945734	381.947854	381.692661	381.668601	
3.738145	382.016452	382.026393	381.76338	381.738414	
3.748301	382.088035	382.096206	381.834962	381.808227	
3.758413	382.159941	382.16602	381.906869	381.886767	
3.768677	382.233543	382.244559	381.980471	381.965307	
3.778771	382.306532	382.314373	382.05346	382.03512	
3.789128	382.382119	382.384186	382.129047	382.11366	
3.799131	382.455647	382.453999	382.202575	382.1922	
3.809236	382.530608	382.523812	382.277535	382.262013	
3.821986	382.62625	382.593625	382.373177	382.349279	
3.829572	382.683335	382.663438	382.430262	382.427819	
3.839692	382.760181	382.733252	382.507108	382.506359	
3.849934	382.838641	382.811791	382.585568	382.584899	
3.860018	382.916472	382.890331	382.6634	382.663438	
3.870406	382.997323	382.968871	382.744251	382.741978	
3.880365	383.075394	383.047411	382.822322	382.820518	
3.890444	383.155035	383.134677	382.901962	382.907785	
3.900597	383.235913	383.221944	382.982841	382.986324	
3.910715	383.317094	383.30921	383.064022	383.064864	
3.924491	383.428964	383.396477	383.175892	383.152131	
3.931021	383.482025	383.483743	383.228953	383.230671	
3.949037	383.631144	383.57101	383.378072	383.370297	
3.953627	383.669053	383.675729	383.41598	383.41393	
3.963733	383.753368	383.762996	383.500296	383.49247	
3.97396	383.839308	383.850262	383.586235	383.579736	
3.9841	383.925139	383.937529	383.672066	383.658276	
3.994232	384.011501	384.024795	383.758429	383.745543	
4.004436	384.099104	384.120788	383.846031	383.832809	
4.014562	384.186624	384.199328	383.933551	383.920076	
4.027194	384.296987	384.286595	384.043914	384.007342	
4.034939	384.364793	384.373861	384.11172	384.094608	
4.045088	384.454397	384.461128	384.201324	384.181875	
4.055282	384.545041	384.548394	384.291968	384.277868	
4.065356	384.635205	384.626934	384.382133	384.365135	
4.075556	384.727135	384.705474	384.474062	384.461128	
4.085706	384.819212	384.79274	384.566139	384.548394	
4.09589	384.912257	384.888733	384.659185	384.635661	
4.106049	385.005693	384.967273	384.75262	384.731654	
4.116173	385.099384	385.063266	384.846311	384.81892	
4.128401	385.213646	385.159259	384.960574	384.914913	
4.136628	385.290704	385.246526	385.037631	385.010906	
4.1467	385.385727	385.351246	385.132655	385.098173	
4.156869	385.482347	385.438512	385.229275	385.194166	
4.167049	385.579675	385.543232	385.326602	385.290159	
4.177185	385.677196	385.647952	385.424123	385.394879	
4.187331	385.775442	385.752671	385.522369	385.490872	
4.197481	385.874354	385.848664	385.621281	385.595592	
4.207684	385.974429	385.944657	385.721356	385.691585	
4.225676	386.153191	386.136644	385.900119	385.874844	
4.232711	386.223222	386.180277	385.97015	385.918478	
4.240511	386.301155	386.284997	386.048082	386.023197	
4.250573	386.402362	386.38099	386.14929	386.127917	
4.260722	386.505086	386.48571	386.252013	386.232637	
4.27085	386.608252	386.599156	386.355179	386.337357	
4.281017	386.712458	386.703876	386.459385	386.442076	
4.291251	386.817939	386.799869	386.564867	386.555523	
4.30135	386.922596	386.904589	386.669523	386.660242	
4.312001	387.03382	387.018035	386.780747	386.773689	
4.321638	387.134814	387.114028	386.881741	386.878409	
4.333956	387.265083	387.218748	387.012011	386.991855	
4.341989	387.350197	387.332194	387.097125	387.105301	
4.35209	387.457948	387.436914	387.204876	387.218748	
4.362288	387.567447	387.55036	387.314375	387.323468	
4.37239	387.676461	387.65508	387.423388	387.428187	
4.383081	387.79259	387.7598	387.539518	387.541634	
4.392811	387.898759	387.86452	387.645686	387.646354	
4.402873	388.007359	387.977966	387.754286	387.751073	
4.413024	388.116382	388.091412	387.863309	387.855793	
4.423236	388.225409	388.204859	387.972336	387.969239	
4.433327	388.332523	388.318305	388.079451	388.073959	
4.443534	388.440323	388.423025	388.18725	388.187406	
4.453679	388.546704	388.545198	388.293631	388.300852	
4.463844	388.652808	388.658644	388.399735	388.405572	
4.474038	388.758537	388.772091	388.505465	388.519018	
4.484206	388.863437	388.876811	388.610364	388.623738	
4.494356	388.967522	388.998984	388.714449	388.728458	
4.504559	389.071533	389.11243	388.81846	388.841904	
4.514664	389.173963	389.21715	388.920891	388.946624	
4.524821	389.276289	389.32187	389.023216	389.051344	
4.535033	389.37857	389.426589	389.125498	389.156063	
4.54524	389.480185	389.531309	389.227113	389.26951	
4.555343	389.580096	389.627302	389.327023	389.374229	
4.565486	389.679813	389.723295	389.42674	389.470223	
4.5757	389.779648	389.819288	389.526575	389.574942	
4.585916	389.878914	389.915282	389.625841	389.679662	
4.596024	389.976472	390.002548	389.7234	389.775655	
4.606164	390.07376	390.098541	389.820687	389.871648	
4.616373	390.171053	390.185808	389.917981	389.967641	
4.626503	390.267074	390.273074	390.014002	390.054908	
4.636594	390.362013	390.369067	390.10894	390.150901	
4.646883	390.458305	390.46506	390.205232	390.238167	
4.656992	390.552203	390.552327	390.29913	390.325434	
4.667174	390.646221	390.639593	390.393148	390.4127	
4.67731	390.739172	390.735586	390.486099	390.499967	
4.687443	390.831507	390.831579	390.578434	390.578507	
4.697637	390.923828	390.918846	390.670755	390.665773	
4.707732	391.014581	391.006112	390.761509	390.744313	
4.71793	391.105972	391.102105	390.852899	390.831579	
4.72809	391.195839	391.198099	390.942766	390.918846	
4.738215	391.285075	391.285365	391.032002	391.006112	
4.748559	391.3762	391.381358	391.123127	391.093379	
4.758694	391.463735	391.468625	391.210662	391.189372	
4.76894	391.552166	391.564618	391.299093	391.276638	
4.779064	391.638943	391.651884	391.38587	391.363905	
4.789175	391.725064	391.739151	391.471991	391.459898	
4.799397	391.811401	391.826417	391.558328	391.547164	
4.809466	391.895927	391.913684	391.642854	391.643158	
4.819646	391.980728	392.00095	391.727655	391.730424	
4.829878	392.065384	392.07949	391.812312	391.826417	
4.840269	392.150714	392.15803	391.897641	391.913684	
4.851655	392.243423	392.245296	391.99035	392.018403	
4.861433	392.32246	392.332563	392.069387	392.10567	
4.871596	392.404031	392.402376	392.150958	392.192936	
4.881694	392.48448	392.489642	392.231407	392.280203	
4.892024	392.566142	392.559455	392.313069	392.358742	
4.902015	392.644545	392.646722	392.391473	392.437282	
4.912167	392.723592	392.716535	392.470519	392.515822	
4.922699	392.805009	392.803801	392.551936	392.594362	
4.932409	392.879407	392.873615	392.626335	392.664175	
4.953078	393.034809	393.013241	392.781736	392.803801	
4.957653	393.069179	393.065601	392.816106	392.838708	
4.96785	393.145274	393.144141	392.892202	392.908521	
4.978073	393.22091	393.22268	392.967838	392.978334	
4.988188	393.295134	393.30122	393.042061	393.048148	
4.998284	393.368633	393.37976	393.11556	393.117961	
5.008913	393.445317	393.449573	393.192244	393.187774	
5.019008	393.517599	393.528113	393.264526	393.257587	
5.029198	393.589933	393.606653	393.33686	393.3274	
5.03938	393.661579	393.676466	393.408506	393.397213	
5.049475	393.732058	393.755006	393.478985	393.467027	
5.062214	393.819927	393.833546	393.566855	393.56302	
5.072279	393.888766	393.903359	393.635693	393.632833	
5.082471	393.957934	393.973172	393.704861	393.711373	
5.092634	394.026265	394.042985	393.773192	393.781186	
5.103393	394.097932	394.112798	393.844859	393.850999	
5.113367	394.163808	394.182612	393.910736	393.920812	
5.142252	394.348075	394.374598	394.095002	394.130252	
5.14699	394.378474	394.400778	394.125401	394.165158	
5.159281	394.456253	394.479318	394.20318	394.243698	
5.169335	394.519314	394.549131	394.266241	394.313511	
5.179533	394.582659	394.610217	394.329586	394.374598	
5.18965	394.644946	394.671304	394.391873	394.444411	
5.200266	394.709628	394.723664	394.456555	394.505497	
5.210061	394.768734	394.78475	394.515661	394.566584	
5.220098	394.828745	394.845837	394.575672	394.618944	
5.230372	394.889529	394.898197	394.636456	394.68003	
5.240431	394.948449	394.950556	394.695376	394.73239	
5.25056	395.007205	395.02037	394.754132	394.793477	
5.26195	395.072678	395.072729	394.819606	394.845837	
5.272058	395.129775	395.133816	394.876702	394.898197	
5.282197	395.18666	395.194903	394.933588	394.950556	
5.292308	395.242835	395.247262	394.989763	395.002916	
5.302474	395.298715	395.308349	395.045642	395.055276	
5.320766	395.396824	395.404342	395.143751	395.142543	
5.325346	395.42144	395.439249	395.168368	395.177449	
5.335526	395.475397	395.491609	395.222324	395.221082	
5.345631	395.528377	395.543968	395.275305	395.282169	
5.355972	395.581983	395.596328	395.328911	395.334529	
5.367049	395.638642	395.657415	395.385569	395.386889	
5.37679	395.687922	395.709775	395.434849	395.439249	
5.386911	395.738541	395.770861	395.485469	395.491609	
5.397057	395.788675	395.814494	395.535602	395.543968	
5.407287	395.838625	395.858128	395.585552	395.596328	
5.417409	395.887454	395.910488	395.634381	395.657415	
5.427579	395.935909	395.962847	395.682837	395.701048	
5.437689	395.983471	396.006481	395.730399	395.762135	
5.447855	396.030721	396.050114	395.777648	395.805768	
5.458049	396.077467	396.102474	395.824394	395.858128	
5.469413	396.128829	396.146107	395.875756	395.910488	
5.479501	396.173819	396.18974	395.920747	395.962847	
5.489639	396.218438	396.233373	395.965366	396.006481	
5.499828	396.262699	396.277007	396.009626	396.050114	
5.51032	396.307651	396.32064	396.054578	396.093747	
5.520022	396.348633	396.364273	396.09556	396.13738	
5.530281	396.391387	396.39918	396.138315	396.172287	
5.540409	396.432976	396.45154	396.179904	396.21592	
5.55054	396.474002	396.486446	396.220929	396.250827	
5.560731	396.514678	396.521353	396.261605	396.29446	
5.572102	396.559265	396.573713	396.306192	396.329367	
5.582189	396.598235	396.608619	396.345163	396.364273	
5.592334	396.636863	396.652252	396.38379	396.39918	
5.602451	396.674777	396.695886	396.421704	396.434086	
5.620979	396.741798	396.765699	396.488725	396.495173	
5.625574	396.758473	396.774426	396.5054	396.512626	
5.635715	396.79453	396.809332	396.541457	396.538806	
5.645869	396.830037	396.852965	396.576965	396.573713	
5.656015	396.86494	396.879145	396.611867	396.608619	
5.675278	396.928555	396.940232	396.675483	396.678432	
5.679919	396.943922	396.957685	396.690849	396.687159	
5.690106	396.976944	396.992592	396.723872	396.722066	
5.700167	397.008986	397.018772	396.755913	396.756972	
5.710307	397.040689	397.044952	396.787617	396.783152	
5.720568	397.072169	397.079858	396.819096	396.818059	
5.730628	397.102433	397.106038	396.84936	396.852965	
5.740781	397.132413	397.132218	396.87934	396.887872	
5.750919	397.161737	397.158398	396.908664	396.914052	
5.761118	397.190649	397.184578	396.937576	396.948958	
5.779658	397.240825	397.210758	396.987752	396.992592	
5.784278	397.253359	397.236938	397.000286	397.010045	
5.794426	397.280187	397.271844	397.027115	397.036225	
5.804558	397.306409	397.289298	397.053337	397.062405	
5.814692	397.33204	397.324204	397.078967	397.097311	
5.824924	397.35732	397.350384	397.104247	397.114765	
5.835016	397.38168	397.376564	397.128607	397.140945	
5.845183	397.405637	397.411471	397.152565	397.167125	
5.855354	397.429014	397.437651	397.175941	397.184578	
5.865452	397.451652	397.463831	397.198579	397.210758	
5.878327	397.479495	397.49001	397.226422	397.236938	
5.885821	397.495466	397.51619	397.242393	397.254391	
5.895979	397.516487	397.533644	397.263414	397.271844	
5.906175	397.536997	397.551097	397.283924	397.289298	
5.916318	397.556834	397.56855	397.303761	397.306751	
5.926485	397.576128	397.586004	397.323055	397.332931	
5.936697	397.594917	397.603457	397.341844	397.350384	
5.946739	397.612842	397.62091	397.359769	397.367837	
5.956889	397.630383	397.638363	397.37731	397.376564	
5.96711	397.647461	397.64709	397.394388	397.394017	
5.979206	397.666816	397.655817	397.413743	397.411471	
5.987433	397.679675	397.67327	397.426602	397.428924	
5.997539	397.69486	397.681997	397.441787	397.446377	
6.007716	397.709578	397.690723	397.456505	397.455104	
6.017873	397.723711	397.708177	397.470638	397.463831	
6.028015	397.737256	397.716903	397.484183	397.481284	
6.0382	397.750293	397.72563	397.49722	397.49001	
6.04835	397.762726	397.743083	397.509653	397.507464	
6.058505	397.774605	397.760537	397.521532	397.51619	
6.068669	397.78594	397.769263	397.532867	397.524917	
6.078993	397.796951	397.77799	397.543878	397.54237	
6.089049	397.807004	397.795443	397.553931	397.551097	
6.099174	397.816645	397.80417	397.563572	397.559824	
6.109256	397.825715	397.812896	397.572642	397.56855	
6.119508	397.834381	397.83035	397.581308	397.577277	
6.129592	397.842388	397.839076	397.589315	397.586004	
6.139821	397.849961	397.847803	397.596888	397.59473	
6.149921	397.856922	397.85653	397.603849	397.603457	
6.160075	397.863404	397.865256	397.610331	397.612184	
6.170233	397.869371	397.873983	397.616298	397.62091	
6.180508	397.874889	397.88271	397.621816	397.62091	
6.190649	397.879843	397.88271	397.62677	397.629637	
6.200756	397.884294	397.88271	397.631221	397.638363	
6.210839	397.888267	397.900163	397.635195	397.638363	
6.220949	397.891792	397.900163	397.638719	397.64709	
6.231784	397.895041	397.900163	397.641969	397.64709	
6.24137	397.897561	397.900163	397.644488	397.64709	
6.251493	397.899801	397.900163	397.646728	397.655817	
6.261592	397.901656	397.900163	397.648584	397.655817	
6.271696	397.907416	397.900163	397.654344	397.655817	
6.28201	397.907416	397.900163	397.654344	397.655817	
6.293314	397.907416	397.900163	397.654344	397.64709	
6.30327	397.907416	397.900163	397.654344	397.64709	
6.313397	397.907416	397.900163	397.654344	397.64709	
6.323528	397.907416	397.900163	397.654344	397.64709	
6.333733	397.907416	397.900163	397.654344	397.64709	
6.343913	397.907416	397.900163	397.654344	397.64709	
6.354138	397.907416	397.900163	397.654344	397.64709	
6.368132	397.907416	397.900163	397.654344	397.64709	
6.374883	397.907416	397.900163	397.654344	397.64709	
6.385048	397.907416	397.900163	397.654344	397.64709	
6.39517	397.907416	397.900163	397.654344	397.64709	
6.405399	397.907416	397.900163	397.654344	397.64709	
6.415559	397.907416	397.900163	397.654344	397.64709	
6.425752	397.907416	397.900163	397.654344	397.64709	
6.435822	397.907416	397.900163	397.654344	397.64709	
6.445961	397.907416	397.900163	397.654344	397.64709	
6.456101	397.907416	397.900163	397.654344	397.64709	
6.46631	397.907416	397.900163	397.654344	397.64709	
6.476461	397.907416	397.900163	397.654344	397.64709	
6.486589	397.907416	397.900163	397.654344	397.64709	
6.496814	397.907416	397.900163	397.654344	397.64709	
6.506912	397.907416	397.900163	397.654344	397.64709	
6.517095	397.907416	397.900163	397.654344	397.64709	
6.527455	397.907416	397.900163	397.654344	397.64709	
6.537593	397.907416	397.900163	397.654344	397.64709	
6.547738	397.907416	397.900163	397.654344	397.64709	
6.557892	397.907416	397.900163	397.654344	397.64709	
6.568065	397.907416	397.900163	397.654344	397.64709	
6.578282	397.907416	397.900163	397.654344	397.64709	
6.588475	397.907416	397.900163	397.654344	397.64709	
6.598654	397.907416	397.900163	397.654344	397.64709	
6.608783	397.907416	397.900163	397.654344	397.64709	
6.618956	397.907416	397.900163	397.654344	397.64709	
6.629113	397.907416	397.900163	397.654344	397.64709	
6.639306	397.907416	397.900163	397.654344	397.64709	
6.649396	397.907416	397.900163	397.654344	397.64709	
6.659537	397.907416	397.900163	397.654344	397.64709	
6.669698	397.907416	397.900163	397.654344	397.64709	
6.679885	397.907416	397.900163	397.654344	397.64709	
6.690056	397.907416	397.900163	397.654344	397.64709	
6.70201	397.907416	397.900163	397.654344	397.64709	
6.710282	397.907416	397.900163	397.654344	397.64709	
6.72052	397.907416	397.900163	397.654344	397.64709	
6.730591	397.907416	397.900163	397.654344	397.64709	
6.740753	397.907416	397.900163	397.654344	397.64709	
6.750909	397.907416	397.900163	397.654344	397.64709	
6.761146	397.907416	397.900163	397.654344	397.64709	
6.77128	397.907416	397.900163	397.654344	397.64709	
6.781382	397.907416	397.900163	397.654344	397.64709	
6.791566	397.907416	397.900163	397.654344	397.64709	
6.801648	397.907416	397.900163	397.654344	397.64709	
6.811817	397.907416	397.900163	397.654344	397.64709	
6.851636	397.907416	397.900163	397.654344	397.64709	
6.856454	397.907416	397.900163	397.654344	397.64709	
