0.03752234	
0.04212113	
0.05221868	
0.06249623	
0.07251278	
0.08269433	
0.09280288	
0.1029174	
0.1214556	
0.1257624	
0.135997	
0.1461025	
0.1562501	
0.1665146	
0.1766672	
0.1867817	
0.1968473	
0.2070138	
0.2171884	
0.2273049	
0.2374195	
0.247629	
0.2577736	
0.2679081	
0.2780497	
0.2882822	
0.2983498	
0.3185399	
0.3229617	
0.3409439	
0.3453587	
0.3560142	
0.3655378	
0.3756583	
0.3858229	
0.3959804	
0.406126	
0.4162895	
0.4264001	
0.4365966	
0.4467112	
0.4568787	
0.4670583	
0.4772618	
0.4873774	
0.4975559	
0.5076885	
0.517834	
0.5280306	
0.5381351	
0.5482747	
0.5584112	
0.5685888	
0.5787643	
0.5888789	
0.5990584	
0.609233	
0.6193485	
0.6295501	
0.6396336	
0.6498152	
0.6599247	
0.6700943	
0.6802488	
0.6903484	
0.7005959	
0.7106685	
0.72081	
0.7309896	
0.7410981	
0.7512737	
0.7614762	
0.7715348	
0.7817513	
0.7918379	
0.8020064	
0.812142	
0.8222595	
0.8324021	
0.8425336	
0.8526932	
0.8628677	
0.8731063	
0.8832818	
0.8932584	
0.9037269	
0.9136045	
0.923693	
0.9338306	
0.9440071	
0.9541217	
0.9643052	
0.9744398	
0.992452	
0.9967408	
1.006986	
1.017073	
1.027196	
1.037328	
1.047451	
1.057699	
1.067788	
1.077902	
1.088173	
1.098284	
1.110912	179.613277	179.611833	180.10197	180.100526	
1.120852	179.614912	179.611833	180.103604	180.100526	
1.130989	179.617209	179.62056	180.105901	180.100526	
1.141097	179.620113	179.629287	180.108806	180.100526	
1.151291	179.623666	179.638013	180.112358	180.109252	
1.161513	179.627856	179.64674	180.116549	180.117979	
1.17159	179.632593	179.64674	180.121285	180.117979	
1.181765	179.638003	179.64674	180.126695	180.135432	
1.192215	179.644219	179.638013	180.132911	180.144159	
1.20201	179.650601	179.629287	180.139293	180.152885	
1.213745	179.659149	179.629287	180.147841	180.161612	
1.223546	179.666801	179.638013	180.155493	180.161612	
1.233724	179.67538	179.64674	180.164072	180.161612	
1.244104	179.684786	179.64674	180.173478	180.170339	
1.254001	179.694326	179.655467	180.183019	180.170339	
1.264151	179.704737	179.67292	180.193429	180.179065	
1.274257	179.715717	179.681646	180.204409	180.187792	
1.284427	179.727386	179.6991	180.216078	180.196519	
1.302434	179.750414	179.734006	180.239106	180.222699	
1.307052	179.756259	179.742733	180.244951	180.222699	
1.317186	179.769881	179.760186	180.258573	180.240152	
1.327419	179.784271	179.77764	180.272963	180.257605	
1.337593	179.799176	179.795093	180.287869	180.275058	
1.34766	179.81455	179.80382	180.303242	180.292512	
1.358114	179.831177	179.821273	180.319869	180.309965	
1.367963	179.847394	179.838726	180.336086	180.327418	
1.37805	179.864634	179.856179	180.353327	180.344872	
1.388193	179.882584	179.873633	180.371277	180.362325	
1.398374	179.901226	179.882359	180.389919	180.379778	
1.408487	179.920358	179.899813	180.40905	180.397231	
1.419229	179.941404	179.917266	180.430096	180.423411	
1.428987	179.961045	179.934719	180.449737	180.449591	
1.439142	179.982114	179.952173	180.470807	180.467045	
1.449326	180.003873	179.978352	180.492566	180.493225	
1.459395	180.025993	179.995806	180.514686	180.519405	
1.469611	180.04907	180.013259	180.537762	180.536858	
1.479724	180.072519	180.030712	180.561211	180.563038	
1.489883	180.096695	180.056892	180.585388	180.589218	
1.500006	180.121407	180.074346	180.6101	180.606671	
1.510151	180.146781	180.100526	180.635473	180.632851	
1.529695	180.198544	180.135432	180.687236	180.685211	
1.534352	180.210775	180.170339	180.699467	180.693937	
1.544411	180.237996	180.196519	180.726688	180.720117	
1.554574	180.26614	180.231425	180.754833	180.746297	
1.565119	180.296008	180.266332	180.7847	180.781204	
1.575152	180.325013	180.301238	180.813705	180.807384	
1.585371	180.355185	180.327418	180.843878	180.833564	
1.595457	180.385587	180.362325	180.874279	180.86847	
1.605595	180.416741	180.397231	180.905433	180.89465	
1.615782	180.448699	180.432138	180.937391	180.929557	
1.626007	180.481401	180.467045	180.970093	180.964463	
1.636139	180.514393	180.501951	181.003086	180.99937	
1.646307	180.548124	180.536858	181.036816	181.034277	
1.656472	180.582481	180.571764	181.071173	181.069183	
1.666625	180.617416	180.606671	181.106108	181.10409	
1.676723	180.652761	180.641578	181.141453	181.138996	
1.686941	180.689295	180.667758	181.177987	181.173903	
1.697062	180.725831	180.693937	181.214524	181.217536	
1.707172	180.763073	180.728844	181.251765	181.252443	
1.717364	180.80125	180.763751	181.289942	181.287349	
1.727618	180.840312	180.798657	181.329004	181.322256	
1.737768	180.87953	180.833564	181.368222	181.365889	
1.747906	180.919369	180.877197	181.408062	181.400796	
1.758029	180.959736	180.92083	181.448428	181.444429	
1.768189	181.000879	180.964463	181.489571	181.479336	
1.77835	181.042666	181.008097	181.531358	181.514242	
1.78848	181.084916	181.05173	181.573608	181.557875	
1.79862	181.127832	181.095363	181.616525	181.601509	
1.808826	181.171664	181.147723	181.660357	181.645142	
1.819114	181.216468	181.200083	181.705161	181.688775	
1.829793	181.263708	181.252443	181.7524	181.732408	
1.839572	181.307462	181.304803	181.796154	181.776042	
1.849788	181.353853	181.348436	181.842545	181.828401	
1.860119	181.401411	181.400796	181.890103	181.880761	
1.869981	181.447347	181.453156	181.936039	181.933121	
1.880172	181.495463	181.496789	181.984155	181.976754	
1.890267	181.543734	181.549149	182.032426	182.029114	
1.900442	181.593016	181.601509	182.081708	182.081474	
1.910616	181.64292	181.653869	182.131612	182.133834	
1.920918	181.694572	181.706228	182.183264	182.186194	
1.932522	181.752603	181.767315	182.241295	182.24728	
1.94236	181.802697	181.810948	182.291389	182.29964	
1.952534	181.85516	181.863308	182.343852	182.352	
1.962636	181.90784	181.915668	182.396532	182.40436	
1.972802	181.961524	181.968028	182.450216	182.45672	
1.982967	182.015938	182.020388	182.50463	182.50908	
2.000958	182.114172	182.072748	182.602865	182.596346	
2.005469	182.138776	182.133834	182.627468	182.622526	
2.0156	182.194855	182.186194	182.683547	182.66616	
2.025805	182.251943	182.24728	182.740635	182.727246	
2.036024	182.309787	182.29964	182.798479	182.779606	
2.046121	182.367492	182.352	182.856184	182.840692	
2.056327	182.426494	182.413087	182.915186	182.893052	
2.066416	182.485363	182.474173	182.974055	182.954139	
2.076548	182.545148	182.53526	183.03384	183.015225	
2.086749	182.605984	182.596346	183.094676	183.076312	
2.096898	182.667072	182.66616	183.155764	183.137398	
2.107143	182.729413	182.718519	183.218106	183.198485	
2.117201	182.791188	182.788333	183.27988	183.259571	
2.127355	182.854217	182.849419	183.342909	183.329385	
2.137946	182.920645	182.919232	183.409337	183.399198	
2.147721	182.98243	182.980319	183.471122	183.469011	
2.157883	183.047371	183.050132	183.536064	183.530097	
2.168098	183.113234	183.119945	183.601926	183.599911	
2.178186	183.178903	183.189758	183.667595	183.669724	
2.188383	183.245923	183.250845	183.734615	183.739537	
2.198522	183.313156	183.320658	183.801848	183.80935	
2.20868	183.381135	183.381745	183.869827	183.879163	
2.218856	183.449856	183.460284	183.938548	183.948977	
2.228943	183.518598	183.521371	184.00729	184.01879	
2.248568	183.655249	183.599911	184.143941	184.149689	
2.253191	183.687306	183.695904	184.175998	184.175869	
2.263268	183.758062	183.75699	184.246754	184.245682	
2.273511	183.830654	183.83553	184.319346	184.315496	
2.294687	183.983995	183.905343	184.472687	184.463849	
2.299335	184.017504	184.01879	184.506196	184.498755	
2.309472	184.091464	184.09733	184.580156	184.568568	
2.319592	184.165951	184.167143	184.654644	184.638382	
2.329779	184.241526	184.254409	184.730219	184.716921	
2.341754	184.331383	184.324222	184.820076	184.795461	
2.350053	184.39383	184.402762	184.882522	184.865274	
2.360444	184.472913	184.481302	184.961605	184.952541	
2.370335	184.548652	184.551115	185.037344	185.022354	
2.380452	184.626773	184.638382	185.115465	185.10962	
2.390618	184.705902	184.708195	185.194595	185.18816	
2.400819	184.785953	184.795461	185.274645	185.275427	
2.418865	184.929909	184.935088	185.418601	185.42378	
2.4234	184.966051	184.969994	185.454743	185.458686	
2.433844	185.050078	185.048534	185.53877	185.545953	
2.445761	185.146893	185.144527	185.635585	185.641946	
2.455591	185.227171	185.223067	185.715863	185.720486	
2.467105	185.322182	185.301607	185.810874	185.807752	
2.475931	185.395354	185.388873	185.884046	185.886292	
2.486025	185.479673	185.467413	185.968365	185.973558	
2.4962	185.565326	185.554679	186.054018	186.052098	
2.506343	185.651318	185.641946	186.14001	186.139365	
2.516478	185.737875	185.720486	186.226567	186.226631	
2.526636	185.825231	185.807752	186.313923	186.305171	
2.536779	185.913109	185.895019	186.401802	186.392437	
2.548191	186.012822	185.999738	186.501514	186.488431	
2.558313	186.101729	186.087005	186.590422	186.575697	
2.568479	186.191742	186.174271	186.680434	186.654237	
2.578628	186.282186	186.261538	186.770878	186.75023	
2.588728	186.372795	186.348804	186.861487	186.837496	
2.598913	186.465138	186.444797	186.95383	186.924763	
2.609077	186.557263	186.54079	187.045955	187.020756	
2.61925	186.650382	186.628057	187.139074	187.116749	
2.629364	186.74361	186.72405	187.232302	187.204016	
2.639512	186.83778	186.811316	187.326472	187.308735	
2.650839	186.943764	186.916036	187.432456	187.413455	
2.660941	187.038682	187.012029	187.527374	187.509448	
2.671091	187.134784	187.099296	187.623476	187.614168	
2.681172	187.23086	187.204016	187.719553	187.710161	
2.691342	187.328379	187.291282	187.817071	187.814881	
2.701506	187.42644	187.396002	187.915133	187.910874	
2.711696	187.525386	187.500722	188.014078	188.006867	
2.721859	187.624718	187.596715	188.11341	188.111587	
2.731935	187.723786	187.701434	188.212478	188.216307	
2.742311	187.8265	187.806154	188.315192	188.3123	
2.75352	187.938238	187.919601	188.426931	188.425746	
2.763578	188.038969	188.033047	188.527661	188.530466	
2.773684	188.140844	188.146493	188.629536	188.635186	
2.783794	188.243445	188.251213	188.732137	188.739905	
2.794027	188.347875	188.355933	188.836567	188.844625	
2.804133	188.451565	188.460653	188.940257	188.949345	
2.814279	188.556347	188.574099	189.045039	189.054065	
2.824419	188.661674	188.678819	189.150366	189.158784	
2.842468	188.851557	188.870805	189.340249	189.350771	
2.847041	188.89957	188.923165	189.388263	189.394404	
2.857877	189.014442	189.036611	189.503134	189.499124	
2.867299	189.114639	189.141331	189.603332	189.61257	
2.877436	189.223127	189.246051	189.711819	189.71729	
2.887568	189.332209	189.350771	189.820901	189.822009	
2.897781	189.442792	189.464217	189.931484	189.935456	
2.907911	189.553088	189.568937	190.041781	190.048902	
2.918061	189.664222	189.682383	190.152914	190.162349	
2.928247	189.774496	189.79583	190.263188	190.275795	
2.938394	189.883743	189.900549	190.372435	190.380515	
2.948517	189.992118	190.013996	190.48081	190.485235	
2.959077	190.104912	190.118715	190.593604	190.607408	
2.968914	190.20861	190.232162	190.697302	190.712127	
2.979138	190.316219	190.336882	190.804911	190.816847	
2.989177	190.421221	190.441601	190.909913	190.921567	
2.999384	190.527424	190.555048	191.016116	191.035013	
3.009661	190.633669	190.659767	191.122361	191.139733	
3.019709	190.736938	190.764487	191.225631	191.244453	
3.029854	190.840586	190.869207	191.329278	191.349173	
3.039994	190.943597	190.973927	191.43229	191.462619	
3.050122	191.045853	191.078647	191.534545	191.567339	
3.061419	191.159148	191.192093	191.647841	191.680785	
3.071516	191.259779	191.288086	191.748471	191.776778	
3.081855	191.362224	191.392806	191.850916	191.881498	
3.09184	191.460557	191.497526	191.949249	191.986218	
3.102355	191.563449	191.584792	192.052142	192.090937	
3.11214	191.658591	191.680785	192.147283	192.186931	
3.12225	191.75631	191.776778	192.245003	192.282924	
3.132383	191.853647	191.872771	192.342339	192.37019	
3.142524	191.950407	191.968764	192.439099	192.466183	
3.152676	192.04673	192.056031	192.535423	192.562176	
3.172273	192.229764	192.160751	192.718456	192.736709	
3.176854	192.272575	192.274197	192.761267	192.771616	
3.194861	192.438377	192.440003	192.92707	192.928696	
3.199343	192.479707	192.483637	192.9684	192.963602	
3.209638	192.57382	192.57963	193.062512	193.059595	
3.219686	192.665077	192.675623	193.15377	193.146862	
3.229841	192.756723	192.771616	193.245416	193.242855	
3.239981	192.847584	192.858882	193.336276	193.330121	
3.250125	192.937875	192.954875	193.426567	193.417388	
3.262654	193.048436	193.042142	193.537128	193.513381	
3.270497	193.117754	193.138135	193.606446	193.609374	
3.280675	193.20601	193.225401	193.694702	193.69664	
3.290806	193.293697	193.312668	193.782389	193.792633	
3.300951	193.380925	193.399934	193.869617	193.8799	
3.311157	193.468095	193.478474	193.956787	193.975893	
3.321208	193.553258	193.565741	194.04195	194.06316	
3.331379	193.638835	193.644281	194.127527	194.150426	
3.341514	193.723496	193.731547	194.212188	194.237692	
3.35163	193.807438	193.818813	194.29613	194.324959	
3.362303	193.895302	193.90608	194.383994	194.412225	
3.371992	193.974504	193.993346	194.463196	194.490765	
3.382073	194.056235	194.071886	194.544927	194.569305	
3.392296	194.138563	194.159153	194.627255	194.656571	
3.402379	194.219137	194.237692	194.707829	194.735111	
3.412559	194.299897	194.324959	194.788589	194.813651	
3.422697	194.379672	194.412225	194.868365	194.883464	
3.432848	194.458966	194.482039	194.947659	194.970731	
3.443102	194.538411	194.569305	195.027104	195.040544	
3.453172	194.615824	194.647845	195.104516	195.119084	
3.463675	194.69594	194.726385	195.184632	195.197624	
3.474332	194.776518	194.804924	195.26521	195.276163	
3.484606	194.853575	194.874738	195.342267	195.354703	
3.494662	194.928371	194.953277	195.417063	195.424516	
3.504706	195.002536	195.023091	195.491229	195.503056	
3.515204	195.079382	195.092904	195.568074	195.581596	
3.525338	195.152912	195.162717	195.641604	195.651409	
3.53547	195.225852	195.23253	195.714544	195.721222	
3.545716	195.29897	195.302343	195.787662	195.791035	
3.555754	195.370031	195.372156	195.858723	195.860849	
3.565939	195.441489	195.44197	195.930181	195.939388	
3.576217	195.513015	195.511783	196.001708	196.009202	
3.586296	195.58247	195.590323	196.071162	196.079015	
3.59642	195.651672	195.660136	196.140364	196.157555	
3.606582	195.720511	195.729949	196.209203	196.227368	
3.616702	195.788458	195.808489	196.27715	196.297181	
3.62689	195.856281	195.878302	196.344973	196.366994	
3.637047	195.923233	195.948115	196.411925	196.428081	
3.647221	195.989707	196.017928	196.478399	196.497894	
3.657369	196.055393	196.087741	196.544085	196.567707	
3.667474	196.120182	196.148828	196.608874	196.628794	
3.678058	196.187419	196.218641	196.676111	196.698607	
3.688224	196.251331	196.288454	196.740023	196.76842	
3.69834	196.314329	196.349541	196.803021	196.829506	
3.708477	196.376866	196.410627	196.865558	196.89932	
3.718592	196.438659	196.471714	196.927352	196.960406	
3.728968	196.501418	196.5328	196.99011	197.021493	
3.738979	196.561356	196.593887	197.050048	197.082579	
3.749128	196.621539	196.646247	197.110232	197.134939	
3.759245	196.68088	196.698607	197.169573	197.187299	
3.769377	196.739729	196.759693	197.228421	197.248385	
3.781184	196.807447	196.82078	197.29614	197.318199	
3.791003	196.863182	196.87314	197.351875	197.361832	
3.801142	196.920178	196.9255	197.40887	197.422918	
3.811309	196.976672	196.986586	197.465365	197.475278	
3.821422	197.032317	197.038946	197.521009	197.527638	
3.8316	197.08766	197.100032	197.576352	197.579998	
3.841837	197.142696	197.152392	197.631389	197.632358	
3.851955	197.196517	197.204752	197.685209	197.684718	
3.862231	197.250557	197.257112	197.739249	197.745804	
3.872474	197.303773	197.309472	197.792465	197.798164	
3.883864	197.362163	197.370558	197.850855	197.850524	
3.893649	197.411787	197.414192	197.900479	197.911611	
3.903794	197.462617	197.466552	197.951309	197.955244	
3.913927	197.512781	197.518911	198.001473	198.01633	
3.924089	197.562497	197.571271	198.051189	198.059964	
3.934232	197.611503	197.623631	198.100195	198.12105	
3.94446	197.660294	197.675991	198.148986	198.164683	
3.954609	197.708112	197.719624	198.196805	198.217043	
3.964661	197.754875	197.763258	198.243567	198.269403	
3.975332	197.803831	197.815617	198.292523	198.313036	
3.986575	197.854659	197.867977	198.343351	198.365396	
3.996455	197.898738	197.902884	198.38743	198.409029	
4.006606	197.943452	197.955244	198.432144	198.452663	
4.016758	197.987554	197.998877	198.476247	198.496296	
4.026891	198.030979	198.04251	198.519671	198.539929	
4.037083	198.074038	198.077417	198.56273	198.583562	
4.047274	198.11649	198.12105	198.605182	198.618469	
4.057448	198.158247	198.164683	198.646939	198.653375	
4.067595	198.199288	198.19959	198.68798	198.688282	
4.077679	198.239491	198.234496	198.728183	198.731915	
4.097114	198.314239	198.27813	198.802931	198.801728	
4.101747	198.332104	198.321763	198.820796	198.819182	
4.111845	198.370329	198.356669	198.859021	198.854088	
4.121983	198.408109	198.391576	198.896802	198.888995	
4.132344	198.446092	198.435209	198.934784	198.923901	
4.142274	198.481909	198.478843	198.970601	198.958808	
4.152446	198.517994	198.513749	199.006686	198.993715	
4.162565	198.553306	198.557382	199.041999	199.028621	
4.172692	198.588037	198.592289	199.076729	199.063528	
4.182856	198.62229	198.627196	199.110982	199.098434	
4.200978	198.681033	198.662102	199.169725	199.159521	
4.205539	198.695852	198.705735	199.184544	199.176974	
4.215732	198.728254	198.740642	199.216946	199.211881	
4.225865	198.759857	198.775549	199.248549	199.246787	
4.236014	198.790922	198.810455	199.279614	199.281694	
4.246404	198.82209	198.836635	199.310782	199.316601	
4.256417	198.85155	198.862815	199.340242	199.351507	
4.266529	198.880693	198.897722	199.369385	199.386414	
4.276645	198.909274	198.923901	199.397967	199.42132	
4.298437	198.967364	198.984988	199.456056	199.482407	
4.303076	198.979913	198.984988	199.468605	199.491134	
4.313201	199.006262	199.011168	199.494954	199.52604	
4.323377	199.032258	199.037348	199.52095	199.55222	
4.333436	199.05737	199.054801	199.546063	199.5784	
4.343866	199.082778	199.072254	199.57147	199.60458	
4.353822	199.106484	199.089708	199.595176	199.63076	
4.364098	199.130311	199.115888	199.619003	199.648213	
4.3742	199.153169	199.133341	199.641861	199.674393	
4.384377	199.175604	199.159521	199.664296	199.700573	
4.40295	199.21414	199.194428	199.702832	199.73548	
4.40754	199.223703	199.203154	199.712396	199.744206	
4.417776	199.244315	199.220607	199.733007	199.76166	
4.427815	199.263969	199.246787	199.752661	199.770386	
4.43796	199.283244	199.264241	199.771936	199.770386	
4.448134	199.301979	199.281694	199.790672	199.787839	
4.458478	199.320432	199.307874	199.809124	199.796566	
4.46844	199.337641	199.325327	199.826333	199.805293	
4.478631	199.354667	199.351507	199.84336	199.822746	
4.488752	199.370995	199.36896	199.859688	199.840199	
4.500928	199.389761	199.386414	199.878453	199.857653	
4.509053	199.401981	199.403867	199.890673	199.875106	
4.519216	199.416696	199.42132	199.905388	199.883833	
4.529376	199.430749	199.430047	199.919441	199.901286	
4.539502	199.444233	199.438774	199.932925	199.918739	
4.549683	199.457222	199.456227	199.945914	199.936192	
4.55983	199.469601	199.464954	199.958293	199.953646	
4.570017	199.481457	199.47368	199.970149	199.971099	
4.580153	199.492697	199.491134	199.981389	199.979826	
4.59025	199.503346	199.49986	199.992038	200.006006	
4.603113	199.515932	199.508587	200.004624	200.014732	
4.610653	199.523105	199.517313	200.011797	200.032186	
4.620781	199.53213	199.52604	200.020822	200.040912	
4.630878	199.540596	199.543493	200.029288	200.049639	
4.641106	199.54862	199.543493	200.037312	200.049639	
4.651279	199.556063	199.560947	200.044755	200.049639	
4.66144	199.562968	199.560947	200.05166	200.049639	
4.671562	199.56933	199.5784	200.058022	200.040912	
4.681838	199.575257	199.5784	200.06395	200.040912	
4.69186	199.580547	199.587127	200.069239	200.040912	
4.704624	199.586413	199.595853	200.075105	200.049639	
4.712462	199.589818	199.595853	200.078511	200.049639	
4.722368	199.593622	199.60458	200.082314	200.049639	
4.732489	199.597043	199.613307	200.085735	200.067092	
4.742617	199.600021	199.613307	200.088713	200.067092	
4.752801	199.602585	199.613307	200.091277	200.075819	
4.762936	199.604732	199.613307	200.093424	200.084545	
4.781055	199.60707	199.613307	200.095763	200.101999	
4.785643	199.611833	199.613307	200.100526	200.101999	
4.795699	199.611833	199.613307	200.100526	200.110725	
4.80996	199.611833	199.613307	200.100526	200.110725	
4.81609	199.611833	199.613307	200.100526	200.110725	
4.826245	199.611833	199.613307	200.100526	200.110725	
4.836375	199.611833	199.613307	200.100526	200.110725	
4.846491	199.611833	199.613307	200.100526	200.110725	
4.856704	199.611833	199.613307	200.100526	200.110725	
4.866833	199.611833	199.613307	200.100526	200.110725	
4.876974	199.611833	199.613307	200.100526	200.101999	
4.887094	199.611833	199.613307	200.100526	200.101999	
4.897237	199.611833	199.613307	200.100526	200.101999	
4.907445	199.611833	199.613307	200.100526	200.101999	
4.917593	199.611833	199.613307	200.100526	200.101999	
4.927729	199.611833	199.613307	200.100526	200.101999	
4.93793	199.611833	199.613307	200.100526	200.101999	
4.948045	199.611833	199.613307	200.100526	200.101999	
4.958181	199.611833	199.613307	200.100526	200.101999	
4.968374	199.611833	199.613307	200.100526	200.101999	
4.978522	199.611833	199.613307	200.100526	200.101999	
4.988683	199.611833	199.613307	200.100526	200.101999	
4.998798	199.611833	199.613307	200.100526	200.101999	
5.008927	199.611833	199.613307	200.100526	200.101999	
5.019161	199.611833	199.613307	200.100526	200.101999	
5.029254	199.611833	199.613307	200.100526	200.101999	
5.039411	199.611833	199.613307	200.100526	200.101999	
5.049568	199.611833	199.613307	200.100526	200.101999	
5.05971	199.611833	199.613307	200.100526	200.101999	
5.069862	199.611833	199.613307	200.100526	200.101999	
5.079966	199.611833	199.613307	200.100526	200.101999	
5.090213	199.611833	199.613307	200.100526	200.101999	
5.100378	199.611833	199.613307	200.100526	200.101999	
5.110587	199.611833	199.613307	200.100526	200.101999	
5.120729	199.611833	199.613307	200.100526	200.101999	
5.130799	199.611833	199.613307	200.100526	200.101999	
5.141	199.611833	199.613307	200.100526	200.101999	
5.151108	199.611833	199.613307	200.100526	200.101999	
5.161284	199.611833	199.613307	200.100526	200.101999	
5.171448	199.611833	199.613307	200.100526	200.101999	
5.181591	199.611833	199.613307	200.100526	200.101999	
5.191756	199.611833	199.613307	200.100526	200.101999	
5.201943	199.611833	199.613307	200.100526	200.101999	
5.212023	199.611833	199.613307	200.100526	200.101999	
5.222156	199.611833	199.613307	200.100526	200.101999	
5.232336	199.611833	199.613307	200.100526	200.101999	
5.242515	199.611833	199.613307	200.100526	200.101999	
5.252678	199.611833	199.613307	200.100526	200.101999	
5.26281	199.611833	199.613307	200.100526	200.101999	
5.272933	199.611833	199.613307	200.100526	200.101999	
5.283308	199.611833	199.613307	200.100526	200.101999	
5.293274	199.611833	199.613307	200.100526	200.101999	
5.303429	199.611833	199.613307	200.100526	200.101999	
5.313517	199.611833	199.613307	200.100526	200.101999	
5.323708	199.611833	199.613307	200.100526	200.101999	
5.333835	199.611833	199.613307	200.100526	200.101999	
5.34399	199.611833	199.613307	200.100526	200.101999	
5.354191	199.611833	199.613307	200.100526	200.101999	
5.364797	199.611833	199.613307	200.100526	200.101999	
5.374917	199.611833	199.613307	200.100526	200.101999	
5.385039	199.611833	199.613307	200.100526	200.101999	
5.403157	199.611833	199.613307	200.100526	200.101999	
5.407693	199.611833	199.613307	200.100526	200.101999	
5.417932	199.611833	199.613307	200.100526	200.101999	
5.427992	199.611833	199.613307	200.100526	200.101999	
5.438105	199.611833	199.613307	200.100526	200.101999	
5.448329	199.611833	199.613307	200.100526	200.101999	
5.458461	199.611833	199.613307	200.100526	200.101999	
5.468596	199.611833	199.613307	200.100526	200.101999	
5.479463	199.611833	199.613307	200.100526	200.101999	
5.489574	199.611833	199.613307	200.100526	200.101999	
5.499723	199.611833	199.613307	200.100526	200.101999	
5.526887	199.611833	199.613307	200.100526	200.101999	
5.53815	199.611833	199.613307	200.100526	200.101999	
