0.03643449	
0.04119329	
0.05118888	
0.06131846	
0.07154303	
0.08167961	
0.09185919	
0.1019488	
0.1136443	
0.1222159	
0.1325775	
0.1425171	
0.1526747	
0.1628002	
0.1730148	
0.1910131	
0.1953449	
0.2055245	
0.2156231	
0.2258376	
0.2359312	
0.2461128	
0.2562584	
0.266362	
0.2765555	
0.2867201	
0.2968787	
0.3069943	
0.3171598	
0.3273544	
0.337464	
0.3476096	
0.3578482	
0.3679297	
0.3780623	
0.3882269	
0.3983745	
0.4085151	
0.4186546	
0.4326781	
0.4394588	
0.4495994	
0.4597589	
0.4699745	
0.4800721	
0.4902167	
0.5004532	
0.5114608	
0.5206444	
0.530748	
0.5408976	
0.5510981	
0.5612097	
0.5713593	
0.5815629	
0.5916625	
0.601834	
0.6119506	
0.6221372	
0.6322608	
0.6424084	
0.6525809	
0.6626885	
0.6728241	
0.6830377	
0.6931833	
0.7034398	
0.7135444	
0.723693	
0.7339426	
0.7439681	
0.7541697	
0.7643573	
0.7744709	
0.7845895	
0.794718	
0.8076375	
0.8177331	
0.8278697	
0.8380452	
0.8481378	
0.8583284	
0.868541	
0.8787506	
0.8888031	
0.8989037	
0.9091293	
0.9193429	
0.9293905	
0.939528	
0.9499296	
0.9599702	
0.9701858	
0.9802703	
0.9904079	
1.00051	
1.011016	
1.020925	
1.03101	
1.041199	
1.051288	
1.069823	
1.074137	
1.084469	
1.094552	
1.104661	
1.11485	
1.125027	
1.135276	
1.145327	
1.155498	
1.165642	
1.175778	
1.185921	
1.196072	
1.206255	
1.216378	
1.226587	
1.236756	
1.247313	
1.257411	
1.267507	
1.277768	
1.287821	
1.307861	
1.312192	
1.322394	
1.332541	
1.342649	
1.352794	
1.362991	
1.373134	
1.383344	
1.393428	
1.403564	
1.413779	
1.423847	
1.434095	
1.444141	
1.454283	
1.464417	
1.474585	
1.484791	
1.494878	
1.505071	
1.515826	
1.525967	
1.536093	
1.546225	
1.556447	
1.566554	
1.576667	
1.586859	
1.597016	
1.60721	
1.617308	
1.62744	
1.637647	
1.647802	
1.657928	
1.66808	
1.678274	
1.688379	
1.698526	
1.708697	
1.718846	
1.729017	
1.739133	
1.749315	
1.759517	
1.769637	
1.779747	
1.78996	
1.800053	
1.810232	
1.820448	
1.83046	
1.840866	
1.850798	
1.860939	
1.871066	
1.881271	
1.891368	
1.901572	
1.91166	
1.921839	
1.931931	
1.942107	
1.952215	
1.962384	
1.972577	
1.982677	
1.992771	
2.003022	
2.020673	474.994162	474.991356	476.722038	476.719232	
2.025314	474.994847	474.991356	476.722723	476.719232	
2.035376	474.997114	474.991356	476.72499	476.719232	
2.045513	474.999997	474.991356	476.727873	476.719232	
2.05567	475.003513	475.000083	476.731389	476.727959	
2.065874	475.007674	475.008809	476.73555	476.736685	
2.07602	475.012428	475.008809	476.740304	476.736685	
2.086199	475.017817	475.017536	476.745692	476.745412	
2.096326	475.023793	475.026263	476.751669	476.745412	
2.10644	475.030376	475.034989	476.758252	476.754138	
2.116653	475.037655	475.043716	476.765531	476.754138	
2.127807	475.046382	475.043716	476.774258	476.771592	
2.137547	475.054524	475.052442	476.7824	476.771592	
2.147657	475.063605	475.061169	476.791481	476.780318	
2.15784	475.073374	475.061169	476.80125	476.789045	
2.167993	475.083735	475.061169	476.81161	476.797772	
2.178124	475.09468	475.069896	476.822556	476.806498	
2.188289	475.106296	475.078622	476.834172	476.823952	
2.198456	475.118524	475.078622	476.8464	476.823952	
2.20856	475.131291	475.087349	476.859167	476.841405	
2.218756	475.144803	475.096076	476.872679	476.858858	
2.2304	475.161104	475.096076	476.88898	476.876312	
2.240187	475.175309	475.113529	476.903185	476.885038	
2.250232	475.19051	475.122256	476.918386	476.902491	
2.260393	475.206512	475.130982	476.934388	476.919945	
2.278746	475.23789	475.157162	476.965766	476.946125	
2.283414	475.245866	475.165889	476.973742	476.954851	
2.293541	475.263764	475.183342	476.99164	476.972305	
2.303736	475.282468	475.200795	477.010344	476.998485	
2.313835	475.301604	475.226975	477.02948	477.015938	
2.32402	475.321533	475.253155	477.049409	477.033391	
2.334411	475.342532	475.279335	477.070408	477.059571	
2.34453	475.363555	475.305515	477.091431	477.077024	
2.35468	475.385284	475.340422	477.11316	477.103204	
2.364845	475.407655	475.375328	477.135531	477.129384	
2.390832	475.470167	475.453868	477.198043	477.199197	
2.395407	475.480988	475.462595	477.208864	477.207924	
2.405539	475.505779	475.497501	477.233655	477.242831	
2.415648	475.531097	475.532408	477.258973	477.269011	
2.425798	475.557164	475.567315	477.28504	477.295191	
2.437825	475.588982	475.602221	477.316858	477.330097	
2.4476	475.615333	475.637128	477.343209	477.365004	
2.457728	475.643269	475.654581	477.371145	477.391184	
2.467869	475.671862	475.689488	477.399738	477.42609	
2.478255	475.701806	475.706941	477.429682	477.45227	
2.488209	475.731068	475.741848	477.458944	477.487177	
2.498318	475.761426	475.759301	477.489302	477.522083	
2.508544	475.792753	475.785481	477.520629	477.548263	
2.518683	475.824444	475.811661	477.55232	477.574443	
2.528777	475.856578	475.829114	477.584454	477.60935	
2.540514	475.894867	475.855294	477.622742	477.644256	
2.550237	475.92705	475.881474	477.654926	477.66171	
2.560412	475.961386	475.91638	477.689262	477.696616	
2.570526	475.996138	475.94256	477.724014	477.731523	
2.580917	476.032502	475.96874	477.760378	477.757703	
2.59086	476.067854	476.003647	477.79573	477.792609	
2.600988	476.104495	476.038553	477.832371	477.818789	
2.611129	476.1418	476.07346	477.869676	477.853696	
2.621263	476.179711	476.117093	477.907587	477.888602	
2.641256	476.257508	476.160727	477.985384	477.958416	
2.645912	476.27549	476.213086	478.003366	477.975869	
2.656006	476.315343	476.265446	478.043219	478.010776	
2.66614	476.355975	476.317806	478.083851	478.054409	
2.676261	476.397162	476.370166	478.125038	478.098042	
2.68649	476.439444	476.422526	478.16732	478.141675	
2.696611	476.481849	476.474886	478.209725	478.185308	
2.706756	476.524985	476.527246	478.252861	478.237668	
2.716914	476.568818	476.579606	478.296694	478.290028	
2.727046	476.613136	476.631965	478.341012	478.333661	
2.73721	476.658242	476.684325	478.386118	478.386021	
2.747449	476.704474	476.727959	478.43235	478.429655	
2.75756	476.750358	476.780318	478.478234	478.482014	
2.767717	476.797274	476.823952	478.52515	478.534374	
2.777865	476.844743	476.876312	478.572619	478.586734	
2.787982	476.892713	476.928671	478.620589	478.639094	
2.798223	476.941904	476.963578	478.66978	478.691454	
2.808316	476.990957	477.015938	478.718833	478.743814	
2.818466	477.040936	477.059571	478.768812	478.787447	
2.828656	477.091712	477.103204	478.819588	478.839807	
2.838785	477.142838	477.146838	478.870714	478.88344	
2.849706	477.198707	477.190471	478.926583	478.9358	
2.859553	477.249567	477.242831	478.977443	478.979433	
2.86968	477.302514	477.277737	479.03039	479.023067	
2.879821	477.356172	477.330097	479.084048	479.075426	
2.889933	477.410327	477.382457	479.138203	479.127786	
2.900165	477.465691	477.434817	479.193567	479.171419	
2.910296	477.521155	477.487177	479.24903	479.223779	
2.920379	477.576947	477.539537	479.304823	479.276139	
2.930537	477.633786	477.600623	479.361662	479.328499	
2.940891	477.692401	477.66171	479.420277	479.389586	
2.952162	477.756986	477.731523	479.484862	479.450672	
2.962227	477.815182	477.792609	479.543058	479.511759	
2.972379	477.874524	477.853696	479.6024	479.572845	
2.982493	477.934299	477.923509	479.662175	479.633932	
2.992646	477.994871	477.993322	479.722747	479.695018	
3.00284	478.056348	478.063135	479.784223	479.756105	
3.013033	478.118417	478.132949	479.846293	479.825918	
3.023175	478.180804	478.194035	479.90868	479.895731	
3.033287	478.243613	478.263848	479.971489	479.965544	
3.043583	478.308206	478.333661	480.036082	480.035357	
3.055268	478.382447	478.412201	480.110323	480.122624	
3.065051	478.445021	478.473288	480.172897	480.192437	
3.075196	478.51058	478.534374	480.238456	480.26225	
3.085365	478.576955	478.604187	480.304831	480.332063	
3.095556	478.644037	478.674001	480.371913	480.401877	
3.105759	478.711917	478.735087	480.439793	480.47169	
3.115893	478.779845	478.796174	480.507721	480.532776	
3.126116	478.849067	478.85726	480.576943	480.593863	
3.136405	478.919353	478.927073	480.647229	480.663676	
3.146301	478.987495	478.98816	480.715371	480.733489	
3.157858	479.068066	479.057973	480.795942	480.803302	
3.167688	479.136971	479.127786	480.864847	480.873116	
3.177837	479.208812	479.188873	480.936687	480.934202	
3.187984	479.281278	479.258686	481.009153	481.004015	
3.198151	479.354493	479.328499	481.082369	481.065102	
3.208338	479.428505	479.407039	481.156381	481.134915	
3.218502	479.502918	479.476852	481.230793	481.204728	
3.228694	479.578167	479.546665	481.306042	481.283268	
3.238793	479.65336	479.633932	481.381236	481.353081	
3.248895	479.729189	479.703745	481.457065	481.431621	
3.26049	479.817128	479.791011	481.545004	481.518887	
3.27204	479.907682	479.878278	481.635558	481.588701	
3.280822	479.972981	479.965544	481.700857	481.675967	
3.290937	480.051436	480.044084	481.779312	481.754507	
3.301378	480.133179	480.122624	481.861055	481.841773	
3.311266	480.211072	480.20989	481.938948	481.920313	
3.321475	480.292106	480.297157	482.019982	482.00758	
3.331621	480.373286	480.384423	482.101162	482.094846	
3.341711	480.454628	480.47169	482.182504	482.182112	
3.352124	480.539258	480.558956	482.267134	482.269379	
3.363097	480.629206	480.646223	482.357082	482.374099	
3.37298	480.710693	480.733489	482.438569	482.461365	
3.383095	480.794748	480.803302	482.522624	482.548632	
3.393157	480.878986	480.890569	482.606862	482.635898	
3.403576	480.966865	480.977835	482.694741	482.723165	
3.413713	481.052958	481.047648	482.780834	482.810431	
3.423855	481.139744	481.134915	482.86762	482.897697	
3.436081	481.24536	481.213455	482.973236	482.993691	
3.444136	481.315177	481.291995	483.043053	483.054777	
3.454302	481.403974	481.379261	483.13185	483.142044	
3.465889	481.50615	481.475254	483.234026	483.22931	
3.475731	481.593344	481.562521	483.32122	483.316576	
3.487677	481.700214	481.658514	483.42809	483.41257	
3.497741	481.790739	481.74578	483.518614	483.491109	
3.507884	481.88263	481.841773	483.610506	483.578376	
3.518828	481.98256	481.937766	483.710436	483.674369	
3.528937	482.076431	482.025033	483.804307	483.770362	
3.539083	482.169228	482.121026	483.897104	483.857629	
3.54924	482.263758	482.217019	483.991634	483.944895	
3.559514	482.360052	482.313012	484.087928	484.049615	
3.569927	482.458312	482.409005	484.186188	484.145608	
3.57978	482.551761	482.513725	484.279637	484.241601	
3.589973	482.649128	482.609718	484.377004	484.346321	
3.600133	482.746778	482.714438	484.474654	484.442314	
3.610645	482.848545	482.819158	484.57642	484.547034	
3.620381	482.943279	482.923877	484.671155	484.66048	
3.630551	483.042931	483.037324	484.770807	484.7652	
3.640698	483.142915	483.142044	484.870791	484.869919	
3.650818	483.243257	483.25549	484.971133	484.983366	
3.660998	483.344877	483.368936	485.072753	485.096812	
3.671329	483.448649	483.482383	485.176525	485.201532	
3.681309	483.549383	483.595829	485.277259	485.306252	
3.69154	483.653718	483.700549	485.381594	485.419698	
3.701645	483.756643	483.805269	485.484518	485.533145	
3.712122	483.86442	483.909988	485.592296	485.637864	
3.721911	483.965633	484.014708	485.693509	485.742584	
3.732053	484.071241	484.119428	485.799117	485.847304	
3.742213	484.177487	484.224148	485.905363	485.943297	
3.7523	484.283726	484.320141	486.011602	486.03929	
3.762488	484.391558	484.424861	486.119434	486.14401	
3.773868	484.512925	484.538307	486.240801	486.257456	
3.783687	484.618066	484.6343	486.345942	486.353449	
3.79386	484.727664	484.73902	486.45554	486.449442	
3.803982	484.837359	484.84374	486.565235	486.545436	
3.814231	484.949052	484.939733	486.676928	486.650155	
3.824323	485.057805	485.044452	486.785681	486.754875	
3.834845	485.170592	485.149172	486.898468	486.859595	
3.844685	485.275458	485.262619	487.003334	486.964315	
3.854783	485.382488	485.367338	487.110364	487.077761	
3.864972	485.48986	485.480785	487.217736	487.191207	
3.876445	485.610039	485.602958	487.337915	487.31338	
3.886337	485.712985	485.716404	487.440861	487.426827	
3.896412	485.817297	485.829851	487.545173	487.540273	
3.906583	485.922012	485.943297	487.649888	487.65372	
3.916743	486.025967	486.056743	487.753843	487.775893	
3.926895	486.129296	486.161463	487.857172	487.889339	
3.937028	486.231759	486.283636	487.959634	487.994059	
3.947227	486.334356	486.388356	488.062232	488.107505	
3.957377	486.435796	486.501802	488.163672	488.220952	
3.967579	486.537193	486.606522	488.265069	488.334398	
3.979113	486.650988	486.719969	488.378864	488.447844	
3.989039	486.748321	486.824688	488.476197	488.552564	
3.999057	486.846043	486.920681	488.573919	488.657284	
4.009256	486.944826	487.016674	488.672702	488.753277	
4.019528	487.043839	487.103941	488.771715	488.84927	
4.029538	487.139605	487.191207	488.867481	488.936537	
4.039721	487.236498	487.278474	488.964374	489.03253	
4.049863	487.332352	487.36574	489.060228	489.11107	
4.060034	487.42789	487.453007	489.155766	489.198336	
4.070622	487.526693	487.531547	489.254569	489.285603	
4.081905	487.63121	487.62754	489.359086	489.372869	
4.091688	487.72126	487.714806	489.449136	489.451409	
4.101779	487.813568	487.802073	489.541444	489.529949	
4.111903	487.905585	487.880612	489.633461	489.608488	
4.122342	487.99986	487.959152	489.727736	489.687028	
4.1322	488.08824	488.046419	489.816116	489.774295	
4.142406	488.179199	488.133685	489.907075	489.852835	
4.152655	488.269924	488.229678	489.9978	489.948828	
4.162673	488.357979	488.316945	490.085855	490.036094	
4.172852	488.446872	488.412938	490.174748	490.123361	
4.184555	488.548216	488.517658	490.276092	490.22808	
4.194404	488.632906	488.604924	490.360782	490.324073	
4.204562	488.719702	488.692191	490.447578	490.420067	
4.214725	488.805986	488.79691	490.533862	490.524786	
4.224835	488.891146	488.884177	490.619022	490.612053	
4.235035	488.976495	488.988897	490.704371	490.716772	
4.245174	489.060708	489.076163	490.788584	490.812766	
4.25554	489.146219	489.180883	490.874095	490.908759	
4.265652	489.228995	489.268149	490.956871	491.004752	
4.275768	489.311204	489.364142	491.03908	491.100745	
4.286933	489.401263	489.460135	491.129139	491.196738	
4.297008	489.481847	489.547402	491.209723	491.275278	
4.307196	489.562788	489.634668	491.290664	491.362544	
4.317358	489.64291	489.713208	491.370786	491.441084	
4.32754	489.72256	489.791748	491.450436	491.519624	
4.337674	489.80128	489.879014	491.529156	491.589437	
4.347803	489.879323	489.948828	491.607199	491.65925	
4.358225	489.959047	490.018641	491.686923	491.729063	
4.368138	490.034214	490.088454	491.76209	491.798877	
4.378243	490.110295	490.158267	491.838171	491.86869	
4.389871	490.197043	490.22808	491.924918	491.938503	
4.407551	490.32669	490.3328	492.054566	492.051949	
4.412081	490.359949	490.367707	492.087825	492.078129	
4.42225	490.433884	490.428793	492.16176	492.147942	
4.432421	490.507258	490.48988	492.235134	492.209029	
4.44257	490.579822	490.559693	492.307698	492.270116	
4.452714	490.65177	490.629506	492.379646	492.339929	
4.46314	490.725096	490.699319	492.452972	492.409742	
4.480897	490.847734	490.821492	492.57561	492.531915	
4.487938	490.896302	490.856399	492.624178	492.566821	
4.495696	490.949378	490.926212	492.677254	492.645361	
4.505819	491.018044	491.004752	492.74592	492.723901	
4.51662	491.090639	491.083292	492.818515	492.802441	
4.526179	491.154299	491.161831	492.882175	492.880981	
4.53624	491.220773	491.240371	492.948649	492.959521	
4.546379	491.287146	491.310184	493.015022	493.03806	
4.556564	491.353181	491.388724	493.081057	493.107874	
4.566757	491.418713	491.467264	493.146589	493.186413	
4.576854	491.482985	491.537077	493.210861	493.264953	
4.58704	491.547242	491.60689	493.275118	493.334766	
4.59728	491.611257	491.676704	493.339133	493.40458	
4.607408	491.673916	491.729063	493.401792	493.465666	
4.617562	491.736171	491.798877	493.464047	493.526753	
4.62773	491.797903	491.859963	493.525779	493.587839	
4.63809	491.860187	491.912323	493.588063	493.648926	
4.648029	491.919354	491.97341	493.647229	493.701286	
4.658166	491.979083	492.025769	493.706959	493.753645	
4.668325	492.038364	492.078129	493.76624	493.814732	
4.67855	492.097413	492.121763	493.825289	493.858365	
4.688609	492.15492	492.165396	493.882796	493.910725	
4.698876	492.213051	492.217756	493.940927	493.963085	
4.709017	492.269781	492.270116	493.997657	494.015445	
4.719139	492.325853	492.313749	494.053729	494.059078	
4.729302	492.381523	492.357382	494.109399	494.102711	
4.739483	492.436737	492.409742	494.164613	494.155071	
4.74955	492.49071	492.462102	494.218586	494.207431	
4.759806	492.545075	492.514462	494.272951	494.251064	
4.769919	492.598112	492.566821	494.325988	494.303424	
4.780065	492.650743	492.619181	494.378619	494.347057	
4.790705	492.705237	492.671541	494.433113	494.408144	
4.800489	492.754816	492.732628	494.482692	494.451777	
4.810578	492.805306	492.793714	494.533182	494.512864	
4.820755	492.855678	492.846074	494.583554	494.565223	
4.830848	492.905036	492.907161	494.632912	494.62631	
4.84101	492.954144	492.959521	494.68202	494.67867	
4.851149	493.002527	493.020607	494.730403	494.73103	
4.861309	493.050407	493.072967	494.778283	494.792116	
4.871519	493.097922	493.125327	494.825798	494.844476	
4.881661	493.144562	493.177687	494.872438	494.896836	
4.892125	493.191994	493.22132	494.91987	494.949196	
4.902901	493.240198	493.264953	494.968073	495.001556	
4.912764	493.283717	493.317313	495.011593	495.045189	
4.922963	493.328149	493.35222	495.056025	495.097549	
4.933087	493.371663	493.387126	495.099539	495.141182	
4.943636	493.416344	493.430759	495.14422	495.184815	
4.953669	493.458313	493.465666	495.186189	495.228449	
4.963819	493.500104	493.509299	495.22798	495.272082	
4.973985	493.541388	493.544206	495.269264	495.306988	
4.984129	493.582025	493.579112	495.309901	495.350622	
4.994247	493.621921	493.614019	495.349797	495.385528	
5.00565	493.666137	493.648926	495.394013	495.429161	
5.01539	493.703385	493.683832	495.431261	495.455341	
5.025591	493.741753	493.718739	495.469629	495.490248	
5.035732	493.779339	493.753645	495.507215	495.525155	
5.04585	493.816251	493.788552	495.544127	495.551335	
5.056044	493.852851	493.823459	495.580727	495.586241	
5.066178	493.888615	493.858365	495.616491	495.612421	
5.076349	493.923929	493.901998	495.651805	495.647328	
5.08651	493.958616	493.936905	495.686492	495.673508	
5.096658	493.992677	493.980538	495.720553	495.708414	
5.10825	494.030779	494.024171	495.758655	495.743321	
5.118148	494.062766	494.050351	495.790642	495.769501	
5.128237	494.094796	494.085258	495.822672	495.795681	
5.13859	494.127049	494.120165	495.854925	495.830587	
5.148485	494.157322	494.155071	495.885198	495.865494	
5.15873	494.188065	494.189978	495.915941	495.891674	
5.168843	494.217817	494.216158	495.945693	495.92658	
5.17903	494.247205	494.242338	495.975081	495.95276	
5.189164	494.275847	494.277244	496.003723	495.987667	
5.199477	494.304405	494.303424	496.032281	496.022573	
5.210899	494.335243	494.338331	496.063119	496.05748	
5.220698	494.361186	494.364511	496.089062	496.08366	
5.230885	494.387559	494.390691	496.115435	496.10984	
5.240993	494.413148	494.416871	496.141024	496.144746	
5.251147	494.438287	494.44305	496.166163	496.170926	
5.261286	494.462787	494.46923	496.190663	496.197106	
5.27293	494.49071	494.486684	496.218586	496.232013	
5.281672	494.510268	494.512864	496.238144	496.258193	
5.291758	494.532911	494.530317	496.260787	496.284373	
5.311869	494.575234	494.54777	496.30311	496.336733	
5.316478	494.584993	494.57395	496.312869	496.345459	
5.32665	494.605835	494.591403	496.333711	496.371639	
5.336774	494.626004	494.617583	496.35388	496.389093	
5.346905	494.645618	494.635037	496.373494	496.406546	
5.357139	494.664843	494.65249	496.392719	496.406546	
5.367256	494.683281	494.669943	496.411157	496.415272	
5.377406	494.701207	494.687397	496.429083	496.423999	
5.387594	494.71868	494.713576	496.446556	496.423999	
5.397722	494.735375	494.73103	496.463251	496.432726	
5.407908	494.751642	494.739756	496.479518	496.441452	
5.418143	494.767416	494.75721	496.495292	496.458906	
5.42822	494.782386	494.765936	496.510262	496.467632	
5.440711	494.80002	494.78339	496.527896	496.476359	
5.448498	494.810762	494.800843	496.538638	496.493812	
5.458662	494.82418	494.80957	496.552056	496.511266	
5.468827	494.837036	494.818296	496.564912	496.528719	
5.479028	494.849368	494.83575	496.577244	496.546172	
5.489321	494.861246	494.83575	496.589122	496.554899	
5.499501	494.872441	494.853203	496.600317	496.572352	
5.509618	494.883019	494.861929	496.610895	496.589805	
5.527922	494.899992	494.879383	496.627868	496.624712	
5.532456	494.904252	494.888109	496.632128	496.633439	
5.542625	494.913123	494.905563	496.640999	496.650892	
5.552745	494.921427	494.905563	496.649303	496.668345	
5.571198	494.934437	494.931743	496.662313	496.685799	
5.575822	494.937752	494.940469	496.665628	496.685799	
5.585943	494.944372	494.940469	496.672247	496.694525	
5.596093	494.950506	494.957923	496.678382	496.694525	
5.606312	494.956176	494.966649	496.684052	496.694525	
5.61854	494.962196	494.975376	496.690072	496.685799	
5.626639	494.965957	494.984103	496.693833	496.685799	
5.636803	494.970159	494.992829	496.698035	496.677072	
5.646964	494.9739	495.001556	496.701775	496.677072	
5.657086	494.977185	495.010282	496.705061	496.677072	
5.667269	494.980056	495.010282	496.707932	496.677072	
5.67742	494.982506	495.010282	496.710382	496.685799	
5.68763	494.984576	495.001556	496.712452	496.685799	
5.697743	494.986266	494.992829	496.714142	496.694525	
5.70785	494.991356	494.992829	496.719232	496.703252	
5.721397	494.991356	494.992829	496.719232	496.711978	
5.728268	494.991356	494.992829	496.719232	496.720705	
5.738395	494.991356	494.992829	496.719232	496.720705	
5.748487	494.991356	494.992829	496.719232	496.720705	
5.758647	494.991356	494.992829	496.719232	496.720705	
5.769236	494.991356	494.992829	496.719232	496.720705	
5.77937	494.991356	494.992829	496.719232	496.720705	
5.789482	494.991356	494.992829	496.719232	496.720705	
5.79974	494.991356	494.992829	496.719232	496.720705	
5.809777	494.991356	494.992829	496.719232	496.720705	
5.81998	494.991356	494.992829	496.719232	496.720705	
5.830211	494.991356	494.992829	496.719232	496.720705	
5.840274	494.991356	494.992829	496.719232	496.720705	
5.850396	494.991356	494.992829	496.719232	496.720705	
5.860858	494.991356	494.992829	496.719232	496.720705	
5.870704	494.991356	494.992829	496.719232	496.720705	
5.880827	494.991356	494.992829	496.719232	496.720705	
5.891013	494.991356	494.992829	496.719232	496.720705	
5.901179	494.991356	494.992829	496.719232	496.720705	
5.911302	494.991356	494.992829	496.719232	496.720705	
5.921505	494.991356	494.992829	496.719232	496.720705	
5.931696	494.991356	494.992829	496.719232	496.720705	
5.941765	494.991356	494.992829	496.719232	496.720705	
5.952095	494.991356	494.992829	496.719232	496.720705	
5.962202	494.991356	494.992829	496.719232	496.720705	
5.972416	494.991356	494.992829	496.719232	496.720705	
5.982576	494.991356	494.992829	496.719232	496.720705	
5.992646	494.991356	494.992829	496.719232	496.720705	
6.002813	494.991356	494.992829	496.719232	496.720705	
6.01304	494.991356	494.992829	496.719232	496.720705	
6.023954	494.991356	494.992829	496.719232	496.720705	
6.034066	494.991356	494.992829	496.719232	496.720705	
6.04419	494.991356	494.992829	496.719232	496.720705	
6.054433	494.991356	494.992829	496.719232	496.720705	
6.064549	494.991356	494.992829	496.719232	496.720705	
6.074674	494.991356	494.992829	496.719232	496.720705	
6.08497	494.991356	494.992829	496.719232	496.720705	
6.095083	494.991356	494.992829	496.719232	496.720705	
6.105229	494.991356	494.992829	496.719232	496.720705	
6.115392	494.991356	494.992829	496.719232	496.720705	
6.125557	494.991356	494.992829	496.719232	496.720705	
6.135802	494.991356	494.992829	496.719232	496.720705	
6.145892	494.991356	494.992829	496.719232	496.720705	
6.156056	494.991356	494.992829	496.719232	496.720705	
6.166234	494.991356	494.992829	496.719232	496.720705	
6.176343	494.991356	494.992829	496.719232	496.720705	
6.186505	494.991356	494.992829	496.719232	496.720705	
6.196662	494.991356	494.992829	496.719232	496.720705	
6.206842	494.991356	494.992829	496.719232	496.720705	
6.216976	494.991356	494.992829	496.719232	496.720705	
6.227133	494.991356	494.992829	496.719232	496.720705	
6.23741	494.991356	494.992829	496.719232	496.720705	
6.2479	494.991356	494.992829	496.719232	496.720705	
6.258046	494.991356	494.992829	496.719232	496.720705	
6.268174	494.991356	494.992829	496.719232	496.720705	
6.278383	494.991356	494.992829	496.719232	496.720705	
6.288511	494.991356	494.992829	496.719232	496.720705	
6.298647	494.991356	494.992829	496.719232	496.720705	
6.308924	494.991356	494.992829	496.719232	496.720705	
6.319053	494.991356	494.992829	496.719232	496.720705	
6.329373	494.991356	494.992829	496.719232	496.720705	
6.339347	494.991356	494.992829	496.719232	496.720705	
6.349528	494.991356	494.992829	496.719232	496.720705	
