0.03676348	
0.04171627	
0.05150787	
0.06162145	
0.07178303	
0.08201761	
0.09213519	
0.1022638	
0.1124703	
0.1226109	
0.1328055	
0.1463739	
0.1565365	
0.1666031	
0.1767397	
0.1869513	
0.1970848	
0.2072834	
0.217422	
0.2275386	
0.2379881	
0.2477997	
0.2579193	
0.2680609	
0.2782535	
0.2883851	
0.2985216	
0.3087292	
0.3266825	
0.3310313	
0.3411789	
0.3513865	
0.361514	
0.3716936	
0.3818292	
0.3920308	
0.4021844	
0.4123309	
0.4224215	
0.4325641	
0.4427657	
0.4529503	
0.4630648	
0.4731954	
0.483348	
0.4958415	
0.5036742	
0.5138027	
0.5239283	
0.5341329	
0.5442465	
0.5543931	
0.5645926	
0.5746932	
0.5851328	
0.5972473	
0.6052229	
0.6153255	
0.6254711	
0.6356757	
0.6463922	
0.6560568	
0.6662314	
0.676299	
0.6864296	
0.6966922	
0.7067437	
0.7169363	
0.7270239	
0.7371875	
0.7552517	
0.7596336	
0.7697811	
0.7799507	
0.7901663	
0.8002199	
0.8104415	
0.820623	
0.8307306	
0.8408812	
0.8511058	
0.8612034	
0.8713499	
0.8815095	
0.8916681	
0.9018357	
0.9119802	
0.9221218	
0.9322774	
0.942409	
0.9624302	
0.966811	
0.9769406	
0.9871011	
0.9973057	
1.007575	
1.017584	
1.027712	
1.037852	
1.047986	
1.058164	
1.068276	
1.078713	
1.088581	
1.098767	
1.108958	
1.119033	
1.129175	
1.139812	
1.149483	
1.159592	
1.169717	
1.17991	
1.190054	
1.208854	
1.213204	
1.233642	
1.238027	
1.256054	455.010264	455.007336	456.71196	456.709032	
1.26072	455.010964	455.007336	456.71266	456.709032	
1.270755	455.013236	455.016063	456.714932	456.709032	
1.280883	455.016148	455.024789	456.717844	456.717759	
1.291023	455.019681	455.024789	456.721377	456.717759	
1.301229	455.023865	455.024789	456.725561	456.726485	
1.311352	455.028624	455.024789	456.73032	456.735212	
1.321507	455.03402	455.033516	456.735716	456.743939	
1.331659	455.040034	455.042243	456.74173	456.752665	
1.341799	455.046656	455.042243	456.748352	456.761392	
1.351987	455.053935	455.042243	456.755631	456.770119	
1.362199	455.061887	455.050969	456.763583	456.770119	
1.372373	455.070368	455.059696	456.772064	456.770119	
1.382508	455.07946	455.068423	456.781156	456.770119	
1.392632	455.089159	455.077149	456.790855	456.770119	
1.402755	455.099472	455.077149	456.801168	456.778845	
1.412995	455.110537	455.094602	456.812233	456.787572	
1.423052	455.122005	455.103329	456.823701	456.787572	
1.433417	455.13448	455.112056	456.836176	456.805025	
1.443446	455.147147	455.120782	456.848843	456.813752	
1.453543	455.160501	455.129509	456.862197	456.822478	
1.464014	455.175037	455.138236	456.876733	456.839932	
1.474206	455.189841	455.146962	456.891537	456.857385	
1.484316	455.205034	455.155689	456.90673	456.874838	
1.494456	455.220944	455.164416	456.92264	456.892292	
1.504562	455.237408	455.181869	456.939104	456.918472	
1.514812	455.254753	455.199322	456.956449	456.935925	
1.524951	455.272509	455.216776	456.974205	456.962105	
1.535259	455.291219	455.234229	456.992915	456.979558	
1.545233	455.3099	455.251682	457.011596	457.005738	
1.555355	455.329486	455.269135	457.031182	457.031918	
1.56667	455.35218	455.295315	457.053876	457.058098	
1.576804	455.373081	455.321495	457.074777	457.084278	
1.586939	455.394609	455.347675	457.096305	457.101731	
1.59711	455.416833	455.373855	457.118529	457.127911	
1.607426	455.440014	455.408762	457.14171	457.154091	
1.617425	455.463073	455.434942	457.164769	457.180271	
1.627559	455.487064	455.469848	457.18876	457.206451	
1.637693	455.511676	455.496028	457.213372	457.232631	
1.647848	455.536972	455.530935	457.238668	457.258811	
1.658206	455.563407	455.557115	457.265103	457.293717	
1.669359	455.592645	455.583295	457.294341	457.319897	
1.679543	455.619924	455.618201	457.32162	457.346077	
1.689675	455.647686	455.635655	457.349382	457.380984	
1.699811	455.676078	455.670561	457.377774	457.407164	
1.709959	455.705125	455.688014	457.406821	457.44207	
1.720136	455.734868	455.714194	457.436565	457.46825	
1.730311	455.765239	455.740374	457.466935	457.49443	
1.740463	455.796147	455.766554	457.497843	457.52061	
1.750626	455.827727	455.792734	457.529423	457.555517	
1.760785	455.859891	455.818914	457.561587	457.581697	
1.772047	455.896367	455.845094	457.598063	457.607877	
1.79012	455.957219	455.906181	457.658915	457.660236	
1.794701	455.972562	455.914907	457.674258	457.668963	
1.804933	456.00769	455.949814	457.709386	457.695143	
1.815178	456.043752	455.98472	457.745448	457.73005	
1.825135	456.078863	456.019627	457.780559	457.764956	
1.835316	456.11565	456.054534	457.817346	457.791136	
1.845437	456.152839	456.08944	457.854535	457.826043	
1.855641	456.190987	456.124347	457.892683	457.860949	
1.86572	456.229244	456.159253	457.93094	457.895856	
1.876008	456.268955	456.211613	457.970651	457.930762	
1.886187	456.308828	456.24652	458.010524	457.974396	
1.896248	456.34887	456.29888	458.050566	458.009302	
1.906372	456.389784	456.333786	458.09148	458.061662	
1.916673	456.432043	456.377419	458.133739	458.105295	
1.926667	456.473628	456.421053	458.175324	458.148929	
1.936807	456.516442	456.473413	458.218138	458.201289	
1.946941	456.559868	456.517046	458.261564	458.253648	
1.957648	456.606459	456.560679	458.308155	458.306008	
1.968119	456.652662	456.613039	458.354358	458.358368	
1.977879	456.696274	456.656672	458.39797	458.402001	
1.988125	456.742693	456.700305	458.444389	458.454361	
2.006114	456.826558	456.796298	458.528254	458.541628	
2.010653	456.847652	456.813752	458.549348	458.567808	
2.020903	456.896124	456.857385	458.59782	458.611441	
2.031016	456.944543	456.909745	458.646239	458.663801	
2.041171	456.993769	456.962105	458.695465	458.707434	
2.051367	457.043848	457.014465	458.745544	458.751067	
2.061591	457.094682	457.066825	458.796378	458.803427	
2.071747	457.145795	457.119184	458.847491	458.84706	
2.081961	457.197843	457.171544	458.89954	458.89942	
2.092104	457.250119	457.223904	458.951815	458.943053	
2.102365	457.303644	457.276264	459.00534	458.995413	
2.112423	457.356699	457.337351	459.058396	459.047773	
2.122538	457.410709	457.38971	459.112405	459.091406	
2.132806	457.466151	457.450797	459.167847	459.152493	
2.143868	457.526669	457.503157	459.228365	459.204853	
2.152995	457.576985	457.564243	459.278681	459.257213	
2.163123	457.633526	457.62533	459.335222	459.318299	
2.173255	457.690672	457.686416	459.392368	459.370659	
2.1835	457.749128	457.747503	459.450824	459.431746	
2.193668	457.80774	457.799863	459.509436	459.492832	
2.203832	457.866937	457.869676	459.568633	459.553919	
2.213981	457.926676	457.930762	459.628372	459.615005	
2.224088	457.986768	457.991849	459.688464	459.684818	
2.234287	458.048252	458.061662	459.749948	459.745905	
2.24442	458.109564	458.122749	459.81126	459.806991	
2.254578	458.171806	458.183835	459.873502	459.876805	
2.264714	458.23456	458.253648	459.936256	459.937891	
2.275144	458.300265	458.314735	460.001961	459.998978	
2.28545	458.364895	458.384548	460.066591	460.068791	
2.295596	458.429579	458.445635	460.131275	460.138604	
2.305721	458.494723	458.515448	460.196419	460.208417	
2.315844	458.560521	458.567808	460.262217	460.269504	
2.326424	458.629968	458.637621	460.331664	460.339317	
2.336154	458.694321	458.707434	460.396017	460.400403	
2.346293	458.762273	458.768521	460.46397	460.46149	
2.356464	458.830635	458.838334	460.532331	460.531303	
2.36657	458.899365	458.89942	460.601061	460.59239	
2.376751	458.969257	458.969233	460.670953	460.662203	
2.388041	459.047556	459.047773	460.749252	460.740743	
2.398232	459.118774	459.117586	460.82047	460.810556	
2.408317	459.189894	459.196126	460.89159	460.871642	
2.418437	459.26189	459.265939	460.963586	460.941455	
2.42863	459.335002	459.335753	461.036698	461.019995	
2.438839	459.408863	459.405566	461.110559	461.098535	
2.448968	459.482764	459.484106	461.18446	461.168348	
2.459115	459.557408	459.562645	461.259104	461.246888	
2.469253	459.632609	459.641185	461.334305	461.316701	
2.479581	459.709874	459.719725	461.41157	461.395241	
2.490721	459.793999	459.806991	461.495695	461.482508	
2.500951	459.871847	459.876805	461.573543	461.569774	
2.511018	459.949012	459.964071	461.650708	461.648314	
2.521166	460.027425	460.042611	461.729121	461.726854	
2.531305	460.106448	460.121151	461.808144	461.81412	
2.541496	460.18643	460.199691	461.888126	461.89266	
2.551651	460.266787	460.27823	461.968483	461.9712	
2.561791	460.347617	460.35677	462.049313	462.058466	
2.571967	460.429381	460.444037	462.131077	462.137006	
2.582329	460.51333	460.522576	462.215026	462.215546	
2.593326	460.60311	460.609843	462.304806	462.302812	
2.603516	460.686892	460.697109	462.388588	462.390079	
2.61363	460.770659	460.766923	462.472355	462.468619	
2.623767	460.855251	460.854189	462.556947	462.547158	
2.633986	460.941156	460.941455	462.642852	462.634425	
2.645125	461.035622	461.028722	462.737318	462.721691	
2.654287	461.113686	461.115988	462.815382	462.808958	
2.664352	461.200134	461.194528	462.90183	462.887498	
2.674484	461.287768	461.281795	462.989464	462.974764	
2.684651	461.376369	461.369061	463.078065	463.070757	
2.696201	461.477812	461.465054	463.179509	463.16675	
2.706303	461.567079	461.552321	463.268775	463.254017	
2.716423	461.657145	461.639587	463.358841	463.35001	
2.726553	461.747917	461.726854	463.449613	463.437276	
2.736738	461.839842	461.822847	463.541538	463.524543	
2.746871	461.931857	461.910113	463.633553	463.629262	
2.757058	462.025015	461.99738	463.726711	463.716529	
2.767163	462.118033	462.093373	463.819729	463.812522	
2.777351	462.212468	462.180639	463.914164	463.908515	
2.787918	462.31107	462.276632	464.012766	464.004508	
2.798894	462.414252	462.372625	464.115948	464.109228	
2.808975	462.50955	462.477345	464.211246	464.205221	
2.819115	462.606052	462.564612	464.307748	464.292488	
2.829258	462.703171	462.669331	464.404867	464.397207	
2.839442	462.801354	462.756598	464.50305	464.4932	
2.84963	462.9002	462.861318	464.601896	464.589194	
2.859786	462.999294	462.966037	464.70099	464.685187	
2.869917	463.098808	463.070757	464.800504	464.78118	
2.880032	463.198758	463.16675	464.900454	464.8859	
2.890208	463.299954	463.262743	465.00165	464.981893	
2.901502	463.413071	463.384916	465.114767	465.095339	
2.91164	463.515202	463.489636	465.216899	465.200059	
2.921745	463.617552	463.594356	465.319248	465.304779	
2.931925	463.721326	463.699076	465.423022	465.409498	
2.942057	463.825236	463.803795	465.526932	465.514218	
2.952236	463.930251	463.925968	465.631947	465.618938	
2.962441	464.036181	464.030688	465.737877	465.732384	
2.972542	464.141568	464.144135	465.843264	465.845831	
2.982673	464.247926	464.257581	465.949622	465.959277	
2.992794	464.354783	464.371027	466.056479	466.072723	
3.004071	464.47468	464.501927	466.176376	466.194897	
3.014274	464.583785	464.606647	466.285481	466.299616	
3.024387	464.692398	464.72882	466.394094	466.413063	
3.034509	464.801831	464.83354	466.503527	466.517782	
3.044627	464.911803	464.946986	466.613499	466.631229	
3.05483	465.023336	465.060432	466.725032	466.735949	
3.064966	465.13292	465.173879	466.834616	466.840668	
3.075099	465.241829	465.278599	466.943525	466.945388	
3.085345	465.351389	465.392045	467.053085	467.050108	
3.095383	465.458132	465.496765	467.159828	467.163554	
3.107027	465.581062	465.618938	467.282758	467.294454	
3.117202	465.687799	465.723658	467.389495	467.399174	
3.12733	465.793508	465.828377	467.495204	467.503893	
3.137456	465.898638	465.941824	467.600334	467.61734	
3.148026	466.007698	466.046544	467.709394	467.730786	
3.157751	466.107472	466.151263	467.809168	467.835506	
3.167865	466.210567	466.26471	467.912263	467.940226	
3.178049	466.313808	466.369429	468.015504	468.044946	
3.188162	466.415753	466.474149	468.117449	468.149665	
3.212613	466.657642	466.570142	468.359338	468.402738	
3.217291	466.703961	466.753402	468.405657	468.446371	
3.22744	466.803868	466.858122	468.505564	468.551091	
3.237538	466.902659	466.962841	468.604355	468.655811	
3.247635	467.000845	467.050108	468.702541	468.751804	
3.25806	467.101583	467.154828	468.803279	468.847797	
3.267947	467.19651	467.250821	468.898206	468.935063	
3.278093	467.293344	467.346814	468.99504	469.039783	
3.288238	467.389538	467.43408	469.091234	469.12705	
3.298367	467.484981	467.530073	469.186677	469.214316	
3.311103	467.60401	467.626066	469.305706	469.327763	
3.318754	467.675168	467.713333	469.376864	469.397576	
3.336655	467.839388	467.870413	469.541084	469.554655	
3.341241	467.881472	467.905319	469.583168	469.598289	
3.351438	467.974367	467.992586	469.676063	469.685555	
3.361538	468.065731	468.079852	469.767427	469.772821	
3.371728	468.157308	468.167119	469.859004	469.860088	
3.381846	468.247624	468.245658	469.94932	469.947354	
3.391999	468.337623	468.332925	470.039319	470.034621	
3.402112	468.426713	468.411465	470.128409	470.121887	
3.414886	468.538187	468.524911	470.239883	470.226607	
3.424974	468.625637	468.612178	470.327333	470.313874	
3.43515	468.713252	468.690717	470.414948	470.40114	
3.445341	468.800378	468.777984	470.502075	470.488406	
3.455408	468.88589	468.86525	470.587586	470.575673	
3.465609	468.971851	468.961243	470.673547	470.671666	
3.475744	469.056682	469.039783	470.758378	470.758932	
3.485946	469.141455	469.135776	470.843151	470.846199	
3.496038	469.22473	469.223043	470.926426	470.933465	
3.506506	469.310437	469.310309	471.012133	471.020732	
3.51752	469.399893	469.406302	471.101589	471.116725	
3.527688	469.481829	469.493569	471.183525	471.203991	
3.537782	469.562598	469.580835	471.264294	471.282531	
3.547902	469.642992	469.659375	471.344688	471.361071	
3.558208	469.724213	469.746642	471.425909	471.448338	
3.568212	469.802454	469.825181	471.50415	471.526877	
3.578385	469.881414	469.912448	471.58311	471.605417	
3.588506	469.959366	469.999714	471.661062	471.692684	
3.59883	470.038252	470.078254	471.739948	471.762497	
3.609356	470.118004	470.156794	471.8197	471.849763	
3.620213	470.199585	470.24406	471.901281	471.928303	
3.638433	470.334115	470.37496	472.035811	472.059203	
3.643321	470.370267	470.409867	472.071963	472.094109	
3.653206	470.442571	470.488406	472.144267	472.163923	
3.663266	470.515597	470.55822	472.217293	472.233736	
3.673424	470.588742	470.628033	472.290438	472.303549	
3.683646	470.6617	470.697846	472.363396	472.373362	
3.693777	470.733425	470.767659	472.435121	472.443175	
3.703921	470.804641	470.828746	472.506337	472.512988	
3.714034	470.875007	470.898559	472.576703	472.582802	
3.724291	470.948254	470.968372	472.64995	472.652615	
3.734527	471.015761	471.029459	472.717457	472.722428	
3.744581	471.083904	471.099272	472.7856	472.792241	
3.754736	471.152458	471.160358	472.854154	472.862054	
3.765156	471.222005	471.221445	472.923701	472.923141	
3.775063	471.286893	471.291258	472.988589	472.992954	
3.78518	471.353055	471.361071	473.054751	473.05404	
3.795333	471.418817	471.430884	473.120513	473.123854	
3.805491	471.484022	471.491971	473.185718	473.193667	
3.81559	471.548273	471.553057	473.249969	473.254753	
3.82582	471.612704	471.62287	473.3144	473.31584	
3.836001	471.676217	471.692684	473.377913	473.385653	
3.846184	471.739136	471.75377	473.440832	473.44674	
3.856346	471.801324	471.823583	473.50302	473.507826	
3.866608	471.863493	471.88467	473.565189	473.577639	
3.876577	471.923298	471.945756	473.624994	473.638726	
3.886716	471.983519	472.006843	473.685215	473.699812	
3.896871	472.04322	472.067929	473.744916	473.760899	
3.906978	472.102062	472.129016	473.803758	473.821985	
3.917175	472.160819	472.190102	473.862515	473.883072	
3.92808	472.222935	472.251189	473.924631	473.944158	
3.938239	472.280158	472.321002	473.981854	473.996518	
3.9484	472.336828	472.373362	474.038524	474.057605	
3.960652	472.404222	472.425722	474.105918	474.127418	
3.969072	472.450186	472.486808	474.151882	474.171051	
3.978938	472.503442	472.530442	474.205138	474.223411	
3.989048	472.557385	472.582802	474.259081	474.275771	
3.999132	472.610609	472.635161	474.312305	474.328131	
4.009265	472.663491	472.696248	474.365187	474.380491	
4.019893	472.718288	472.739881	474.419984	474.432851	
4.030813	472.773895	472.792241	474.475591	474.48521	
4.040951	472.824882	472.844601	474.526578	474.53757	
4.051118	472.875442	472.896961	474.577138	474.58993	
4.061616	472.927005	472.940594	474.628701	474.64229	
4.0714	472.974492	472.984227	474.676188	474.685923	
4.081628	473.023532	473.036587	474.725228	474.729557	
4.091801	473.071679	473.08022	474.773375	474.781916	
4.101919	473.118987	473.123854	474.820683	474.834276	
4.11209	473.165929	473.176214	474.867626	474.87791	
4.122195	473.211967	473.21112	474.913663	474.921543	
4.133434	473.262412	473.26348	474.964108	474.973903	
4.143537	473.307204	473.298387	475.0089	475.017536	
4.1537	473.351604	473.350746	475.0533	475.061169	
4.16391	473.395632	473.39438	475.097328	475.113529	
4.174	473.438543	473.438013	475.140239	475.148436	
4.1842	473.481315	473.481646	475.183011	475.200795	
4.194331	473.5232	473.525279	475.224896	475.244429	
4.204509	473.564669	473.568913	475.266365	475.288062	
4.214668	473.605462	473.612546	475.307158	475.322968	
4.225135	473.647157	473.647452	475.348853	475.366602	
4.236079	473.68941	473.691086	475.391106	475.418962	
4.246249	473.728377	473.734719	475.430073	475.453868	
4.256382	473.766591	473.769625	475.468287	475.497501	
4.266489	473.804237	473.804532	475.505933	475.532408	
4.276666	473.841323	473.848165	475.543019	475.567315	
4.286802	473.877747	473.891799	475.579443	475.610948	
4.296958	473.913664	473.926705	475.615361	475.645854	
4.307094	473.948921	473.961612	475.650617	475.689488	
4.317341	473.983937	473.996518	475.685633	475.724394	
4.327817	474.019094	474.031425	475.72079	475.759301	
4.338671	474.054835	474.066331	475.756531	475.794207	
4.356956	474.112702	474.118691	475.814398	475.855294	
4.361555	474.127291	474.136145	475.828987	475.872747	
4.371705	474.15879	474.171051	475.860486	475.898927	
4.381881	474.189773	474.197231	475.89147	475.933834	
4.392004	474.219996	474.223411	475.921692	475.96874	
4.402168	474.24973	474.258318	475.951426	475.986194	
4.412343	474.278919	474.284498	475.980615	476.003647	
4.422535	474.307553	474.310678	476.009249	476.0211	
4.432649	474.33538	474.336857	476.037076	476.04728	
4.442857	474.362877	474.363037	476.064573	476.07346	
4.461095	474.409649	474.380491	476.111345	476.108367	
4.465697	474.421498	474.415397	476.123194	476.12582	
4.47584	474.446888	474.432851	476.148584	476.143273	
4.486412	474.472714	474.450304	476.17441	476.169453	
4.496182	474.49604	474.48521	476.197736	476.195633	
4.506253	474.519505	474.502664	476.221201	476.213086	
4.516416	474.54259	474.520117	476.244286	476.239266	
4.526605	474.565141	474.53757	476.266837	476.265446	
4.536726	474.586974	474.555024	476.28867	476.291626	
4.547114	474.608766	474.581204	476.310462	476.317806	
4.557159	474.629253	474.607383	476.330949	476.335259	
4.567311	474.649384	474.624837	476.35108	476.361439	
4.577399	474.668813	474.651017	476.370509	476.387619	
4.587948	474.688494	474.677197	476.39019	476.413799	
4.597677	474.706127	474.69465	476.407823	476.439979	
4.607797	474.723888	474.72083	476.425584	476.457433	
4.617936	474.741105	474.74701	476.442801	476.474886	
4.628057	474.757721	474.764463	476.459417	476.483612	
4.638363	474.774043	474.790643	476.475739	476.492339	
4.648736	474.789872	474.816823	476.491568	476.501066	
4.658951	474.804882	474.82555	476.506578	476.501066	
4.676715	474.828865	474.860456	476.530561	476.509792	
4.681258	474.835051	474.869183	476.536747	476.509792	
4.691445	474.848197	474.87791	476.549893	476.527246	
4.701612	474.860758	474.886636	476.562454	476.535972	
4.711714	474.872678	474.904089	476.574374	476.544699	
4.721911	474.884156	474.912816	476.585852	476.562152	
4.732035	474.894998	474.921543	476.596694	476.579606	
4.742219	474.905345	474.930269	476.607041	476.597059	
4.752432	474.915175	474.938996	476.616871	476.605785	
4.762609	474.924409	474.938996	476.626105	476.623239	
4.772733	474.933065	474.947723	476.634761	476.631965	
4.782838	474.941172	474.956449	476.642868	476.649419	
4.793036	474.948816	474.965176	476.650512	476.666872	
4.803194	474.9559	474.973903	476.657596	476.675599	
4.813368	474.962471	474.973903	476.664167	476.684325	
4.823497	474.968501	474.991356	476.670197	476.684325	
4.833617	474.974022	474.991356	476.675718	476.684325	
4.843846	474.979093	474.991356	476.680789	476.675599	
4.854202	474.983716	474.991356	476.685412	476.666872	
4.864316	474.987755	474.991356	476.689451	476.666872	
4.874472	474.991348	474.991356	476.693044	476.658145	
4.884643	474.994492	474.991356	476.696188	476.649419	
4.894742	474.997263	474.991356	476.698959	476.649419	
4.904968	474.999493	475.000083	476.701189	476.658145	
4.915098	475.001395	475.000083	476.703091	476.658145	
4.92524	475.00294	475.000083	476.704636	476.666872	
4.935393	475.007336	475.000083	476.709032	476.675599	
4.945494	475.007336	475.000083	476.709032	476.684325	
4.956022	475.007336	475.000083	476.709032	476.693052	
4.965982	475.007336	475.000083	476.709032	476.710505	
4.976052	475.007336	475.000083	476.709032	476.719232	
4.986224	475.007336	475.000083	476.709032	476.719232	
4.99662	475.007336	474.991356	476.709032	476.727959	
5.006562	475.007336	474.991356	476.709032	476.727959	
5.016626	475.007336	474.991356	476.709032	476.727959	
5.026768	475.007336	474.991356	476.709032	476.727959	
5.036945	475.007336	474.991356	476.709032	476.727959	
5.047055	475.007336	474.991356	476.709032	476.727959	
5.058528	475.007336	474.991356	476.709032	476.727959	
5.068635	475.007336	474.991356	476.709032	476.719232	
5.078966	475.007336	474.991356	476.709032	476.719232	
5.088933	475.007336	474.991356	476.709032	476.719232	
5.099379	475.007336	474.991356	476.709032	476.719232	
5.109535	475.007336	474.991356	476.709032	476.719232	
5.119704	475.007336	474.991356	476.709032	476.719232	
5.129848	475.007336	474.991356	476.709032	476.719232	
5.140002	475.007336	474.991356	476.709032	476.719232	
5.150183	475.007336	474.991356	476.709032	476.719232	
5.160276	475.007336	474.991356	476.709032	476.719232	
5.170425	475.007336	474.991356	476.709032	476.719232	
5.180617	475.007336	474.991356	476.709032	476.719232	
5.190983	475.007336	474.991356	476.709032	476.719232	
5.210134	475.007336	474.991356	476.709032	476.719232	
5.214797	475.007336	474.991356	476.709032	476.719232	
5.22493	475.007336	474.991356	476.709032	476.719232	
5.235258	475.007336	474.991356	476.709032	476.719232	
5.245287	475.007336	474.991356	476.709032	476.719232	
5.255345	475.007336	474.991356	476.709032	476.719232	
5.265534	475.007336	474.991356	476.709032	476.719232	
5.275708	475.007336	474.991356	476.709032	476.719232	
5.285875	475.007336	474.991356	476.709032	476.719232	
5.295999	475.007336	474.991356	476.709032	476.719232	
5.306191	475.007336	474.991356	476.709032	476.719232	
5.316278	475.007336	474.991356	476.709032	476.719232	
5.326404	475.007336	474.991356	476.709032	476.719232	
5.336541	475.007336	474.991356	476.709032	476.719232	
5.346684	475.007336	474.991356	476.709032	476.719232	
5.356887	475.007336	474.991356	476.709032	476.719232	
5.36701	475.007336	474.991356	476.709032	476.719232	
5.377159	475.007336	474.991356	476.709032	476.719232	
5.395192	475.007336	474.991356	476.709032	476.719232	
5.399908	475.007336	474.991356	476.709032	476.719232	
5.409921	475.007336	474.991356	476.709032	476.719232	
5.420056	475.007336	474.991356	476.709032	476.719232	
5.430238	475.007336	474.991356	476.709032	476.719232	
5.440351	475.007336	474.991356	476.709032	476.719232	
5.450583	475.007336	474.991356	476.709032	476.719232	
5.460713	475.007336	474.991356	476.709032	476.719232	
5.47087	475.007336	474.991356	476.709032	476.719232	
5.481016	475.007336	474.991356	476.709032	476.719232	
5.491142	475.007336	474.991356	476.709032	476.719232	
5.501369	475.007336	474.991356	476.709032	476.719232	
5.511497	475.007336	474.991356	476.709032	476.719232	
5.521641	475.007336	474.991356	476.709032	476.719232	
5.531826	475.007336	474.991356	476.709032	476.719232	
5.541967	475.007336	474.991356	476.709032	476.719232	
5.552097	475.007336	474.991356	476.709032	476.719232	
5.562257	475.007336	474.991356	476.709032	476.719232	
5.572416	475.007336	474.991356	476.709032	476.719232	
5.582658	475.007336	474.991356	476.709032	476.719232	
5.592723	475.007336	474.991356	476.709032	476.719232	
5.602883	475.007336	474.991356	476.709032	476.719232	
5.613132	475.007336	474.991356	476.709032	476.719232	
5.623197	475.007336	474.991356	476.709032	476.719232	
5.63335	475.007336	474.991356	476.709032	476.719232	
5.643517	475.007336	474.991356	476.709032	476.719232	
5.65369	475.007336	474.991356	476.709032	476.719232	
5.663795	475.007336	474.991356	476.709032	476.719232	
5.673931	475.007336	474.991356	476.709032	476.719232	
5.684076	475.007336	474.991356	476.709032	476.719232	
5.69426	475.007336	474.991356	476.709032	476.719232	
5.704403	475.007336	474.991356	476.709032	476.719232	
5.714714	475.007336	474.991356	476.709032	476.719232	
5.724709	475.007336	474.991356	476.709032	476.719232	
5.736306	475.007336	474.991356	476.709032	476.719232	
5.746156	475.007336	474.991356	476.709032	476.719232	
5.770605	475.007336	474.991356	476.709032	476.719232	
5.780781	475.007336	474.991356	476.709032	476.719232	
