0.03713139	
0.0416542	
0.05181376	
0.06192932	
0.07213588	
0.08225044	
0.092405	
0.1026616	
0.1126941	
0.1228137	
0.1329992	
0.1431258	
0.1536194	
0.1634299	
0.1735665	
0.1838261	
0.1938706	
0.2040062	
0.2141757	
0.2243263	
0.2344259	
0.2445954	
0.254732	
0.2651375	
0.2750311	
0.2852357	
0.2953362	
0.3054778	
0.3156104	
0.3257499	
0.3359905	
0.346106	
0.3562256	
0.3664132	
0.3765147	
0.3866863	
0.3968388	
0.4069464	
0.417072	
0.4278035	
0.4488556	
0.4531894	
0.46334	
0.4734885	
0.4835721	
0.4937466	
0.5038672	
0.5140248	
0.5241593	
0.5343589	
0.5444705	
0.554605	
0.5647596	
0.5749081	
0.5850657	
0.5952213	
0.6053838	
0.6154974	
0.6256239	
0.6358085	
0.6459611	
0.6560696	
0.6661932	
0.6762948	
0.6865953	
0.6967559	
0.7067924	
0.716931	
0.7270906	
0.7372181	
0.7474337	
0.7575222	
0.7676678	
0.7780904	
0.7879319	
0.7980915	
0.808258	
0.8183906	
0.8285242	
0.8386867	
0.8593698	
0.8637926	
0.8738532	
0.8839708	
0.8941073	
0.9043149	
0.9144545	
0.925307	
0.9347156	
0.9448941	
0.9549697	
0.9651553	
0.9753098	
0.9854094	
0.9955419	
1.005692	
1.015996	
1.026065	
1.036188	
1.046394	
1.056443	
1.066596	
1.076739	
1.086885	
1.097027	
1.107193	
1.117426	
1.127508	
1.137639	
1.147737	
1.158145	
1.168027	
1.178148	
1.18839	
1.206704	
1.211052	
1.221225	
1.231363	
1.241487	
1.251659	
1.261809	
1.271976	
1.282106	
1.299259	
1.30943	
1.326218	
1.331828	
1.341289	
1.351272	
1.361464	
1.371734	
1.3819	
1.392139	
1.402294	
1.412568	
1.42283	
1.432984	
1.443192	
1.45344	
1.463639	
1.473871	
1.484055	
1.494292	
1.504483	
1.514721	
1.524979	
1.543564	
1.548144	
1.558413	
1.568581	
1.578805	
1.59706	302.075859	302.07286	303.27141	303.268411	
1.601852	302.076591	302.07286	303.272141	303.268411	
1.612058	302.07894	302.07286	303.274491	303.268411	
1.622306	302.08193	302.081587	303.27748	303.268411	
1.632487	302.08552	302.081587	303.281071	303.277137	
1.642711	302.089753	302.081587	303.285304	303.285864	
1.652927	302.09461	302.090314	303.290161	303.285864	
1.663141	302.100093	302.09904	303.295644	303.294591	
1.673348	302.106194	302.09904	303.301745	303.303317	
1.683563	302.112928	302.09904	303.308478	303.303317	
1.69544	302.121664	302.107767	303.317215	303.312044	
1.704071	302.128372	302.116494	303.323923	303.320771	
1.714209	302.136917	302.116494	303.332468	303.320771	
1.724409	302.146143	302.133947	303.341694	303.329497	
1.734765	302.156231	302.133947	303.351782	303.338224	
1.744998	302.166674	302.142673	303.362225	303.346951	
1.755138	302.177711	302.1514	303.373261	303.355677	
1.765421	302.189541	302.160127	303.385091	303.373131	
1.775611	302.201885	302.168853	303.397436	303.373131	
1.785837	302.214901	302.186307	303.410452	303.390584	
1.798407	302.231945	302.195033	303.427496	303.408037	
1.806362	302.242991	302.212487	303.438541	303.416764	
1.816474	302.257714	302.221213	303.453265	303.434217	
1.826693	302.273228	302.238667	303.468779	303.442944	
1.836899	302.289347	302.25612	303.484898	303.460397	
1.847327	302.306473	302.273573	303.502023	303.47785	
1.857418	302.323649	302.291026	303.519199	303.495304	
1.867623	302.341646	302.30848	303.537196	303.512757	
1.877859	302.360321	302.325933	303.555872	303.53021	
1.888055	302.379562	302.343386	303.575112	303.547664	
1.907215	302.418411	302.378293	303.613961	303.58257	
1.912077	302.428202	302.395746	303.623752	303.600023	
1.922189	302.449349	302.413199	303.6449	303.617477	
1.932403	302.471334	302.439379	303.666885	303.643657	
1.942681	302.494089	302.465559	303.689639	303.669837	
1.961108	302.537376	302.509193	303.732926	303.722196	
1.965899	302.548567	302.517919	303.744118	303.730923	
1.984387	302.594591	302.570279	303.790142	303.783283	
1.989319	302.60681	302.587732	303.80236	303.79201	
2.00831	302.656838	302.640092	303.852389	303.844369	
2.01317	302.669567	302.657546	303.865118	303.861823	
2.023326	302.69697	302.692452	303.89252	303.896729	
2.033541	302.725148	302.718632	303.920699	303.922909	
2.043756	302.753949	302.744812	303.9495	303.957816	
2.053975	302.7834	302.779719	303.978951	303.983996	
2.064272	302.813714	302.805899	304.009265	304.018902	
2.074447	302.84429	302.840805	304.039841	304.053809	
2.08467	302.875629	302.866985	304.07118	304.079989	
2.095161	302.908462	302.901892	304.104013	304.114896	
2.105138	302.940265	302.919345	304.135816	304.141075	
2.115268	302.973166	302.954252	304.168716	304.175982	
2.125445	303.006876	302.989158	304.202426	304.210889	
2.135672	303.041346	303.024065	304.236897	304.245795	
2.14586	303.076328	303.050245	304.271878	304.280702	
2.156139	303.112251	303.085151	304.307802	304.315608	
2.166336	303.148517	303.120058	304.344067	304.350515	
2.176553	303.18547	303.154964	304.38102	304.376695	
2.186748	303.222962	303.189871	304.418512	304.411601	
2.197515	303.263264	303.233504	304.458815	304.446508	
2.207208	303.30012	303.268411	304.49567	304.490141	
2.22559	303.372469	303.312044	304.568019	304.551228	
2.230364	303.391185	303.373131	304.586735	304.577408	
2.240551	303.431943	303.408037	304.627494	304.612314	
2.250708	303.473196	303.460397	304.668746	304.655948	
2.261006	303.515678	303.50403	304.711229	304.699581	
2.271209	303.558382	303.547664	304.753933	304.734487	
2.281401	303.601655	303.591297	304.797205	304.786847	
2.29166	303.64585	303.63493	304.8414	304.830481	
2.303504	303.697771	303.68729	304.893321	304.88284	
2.312804	303.738974	303.722196	304.934524	304.926474	
2.323033	303.784973	303.774556	304.980524	304.978833	
2.333288	303.831721	303.826916	305.027272	305.031193	
2.343488	303.878813	303.861823	305.074364	305.074827	
2.353654	303.926391	303.914183	305.121941	305.127186	
2.363858	303.974994	303.966543	305.170545	305.179546	
2.374099	304.023969	304.010176	305.219519	305.22318	
2.384316	304.073637	304.053809	305.269187	305.275539	
2.394698	304.124819	304.106169	305.320369	305.327899	
2.405624	304.179355	304.158529	305.374905	305.380259	
2.415524	304.229345	304.210889	305.424895	305.432619	
2.425732	304.28154	304.263249	305.477091	305.484979	
2.436235	304.335899	304.315608	305.53145	305.537339	
2.446393	304.389087	304.367968	305.584637	305.589699	
2.456417	304.442177	304.420328	305.637727	305.642059	
2.466622	304.496856	304.472688	305.692406	305.694418	
2.476849	304.552281	304.525048	305.747831	305.746778	
2.487085	304.608384	304.586134	305.803934	305.799138	
2.497321	304.665087	304.647221	305.860638	305.851498	
2.50792	304.724522	304.699581	305.920073	305.912585	
2.51774	304.780151	304.751941	305.975701	305.956218	
2.527925	304.838422	304.813027	306.033973	306.026031	
2.538013	304.896769	304.865387	306.092319	306.078391	
2.548157	304.956052	304.926474	306.151603	306.139477	
2.558165	305.015161	304.978833	306.210711	306.200564	
2.568309	305.075682	305.048647	306.271232	306.26165	
2.578467	305.136955	305.109733	306.332505	306.322737	
2.588575	305.198464	305.17082	306.394015	306.383824	
2.608649	305.323768	305.292993	306.519319	306.514723	
2.613248	305.352332	305.319173	306.547883	306.54963	
2.623346	305.415905	305.380259	306.611456	306.610716	
2.633508	305.480534	305.450072	306.676085	306.671803	
2.643598	305.545282	305.519886	306.740833	306.741616	
2.653796	305.61139	305.589699	306.80694	306.802703	
2.663992	305.678095	305.650785	306.873646	306.872516	
2.674047	305.744447	305.711872	306.939998	306.933602	
2.68427	305.812594	305.781685	307.008144	307.003415	
2.694418	305.880816	305.851498	307.076367	307.073229	
2.706673	305.96426	305.921311	307.159811	307.143042	
2.714759	306.0199	305.991124	307.215451	307.212855	
2.724903	306.089569	306.060938	307.285119	307.282668	
2.735045	306.160229	306.139477	307.35578	307.352481	
2.745191	306.231556	306.218017	307.427107	307.422294	
2.755313	306.303336	306.28783	307.498887	307.492108	
2.765481	306.376021	306.357644	307.571572	307.561921	
2.775625	306.44918	306.436183	307.64473	307.631734	
2.78582	306.523346	306.505997	307.718897	307.710274	
2.795976	306.597825	306.584536	307.793375	307.780087	
2.806434	306.675154	306.65435	307.870704	307.858627	
2.816274	306.748526	306.741616	307.944077	307.937167	
2.826377	306.824435	306.811429	308.019985	308.00698	
2.836524	306.901331	306.898696	308.096881	308.08552	
2.846682	306.978884	306.968509	308.174434	308.164059	
2.856806	307.056852	307.055775	308.252403	308.242599	
2.866946	307.135515	307.134315	308.331066	308.329866	
2.877206	307.21576	307.212855	308.41131	308.399679	
2.88735	307.295727	307.300121	308.491278	308.486945	
2.897467	307.376071	307.378661	308.571622	308.574212	
2.907906	307.459936	307.457201	308.655487	308.652752	
2.917808	307.53954	307.544467	308.735091	308.731291	
2.928025	307.622612	307.631734	308.818163	308.818558	
2.938042	307.704515	307.710274	308.900066	308.897098	
2.948174	307.788061	307.788814	308.983612	308.984364	
2.958319	307.872357	307.87608	309.067908	309.062904	
2.96846	307.957203	307.963347	309.152754	309.158897	
2.978741	308.043885	308.050613	309.239435	309.237437	
2.988903	308.130188	308.129153	309.325738	309.324703	
2.998999	308.216506	308.216419	309.412056	309.41197	
3.009402	308.306125	308.294959	309.501675	309.507963	
3.019651	308.395087	308.382226	309.590637	309.586503	
3.029807	308.483743	308.478219	309.679294	309.682496	
3.040034	308.573738	308.565485	309.769289	309.769762	
3.050082	308.662723	308.644025	309.858274	309.857029	
3.060279	308.75371	308.740018	309.94926	309.944295	
3.070481	308.845294	308.836011	310.040844	310.040288	
3.08058	308.936598	308.923278	310.132148	310.127555	
3.090749	309.029185	309.019271	310.224735	310.214821	
3.100893	309.122161	309.115264	310.317712	310.310814	
3.111076	309.216062	309.20253	310.411613	310.406807	
3.121828	309.315962	309.30725	310.511512	310.502801	
3.131636	309.407584	309.403243	310.603134	310.598794	
3.141789	309.503125	309.49051	310.698676	310.694787	
3.159764	309.6746	309.665043	310.87015	310.86932	
3.164223	309.717056	309.708676	310.912607	310.912953	
3.174409	309.814913	309.804669	311.010463	311.008946	
3.184552	309.912943	309.900662	311.108494	311.104939	
3.194694	310.011562	309.996655	311.207112	311.200932	
3.20484	310.110866	310.101375	311.306417	311.296925	
3.215181	310.213463	310.197368	311.409013	311.401645	
3.225241	310.312459	310.293361	311.50801	311.506365	
3.235327	310.41295	310.389354	311.608501	311.611085	
3.245509	310.515073	310.494074	311.710623	311.707078	
3.255607	310.616972	310.598794	311.812523	311.811798	
3.265718	310.719647	310.703513	311.915198	311.916517	
3.275882	310.82343	310.808233	312.018981	312.021237	
3.286064	310.928051	310.912953	312.123602	312.125957	
3.296184	311.032637	311.017673	312.228187	312.230677	
3.306637	311.141362	311.122392	312.336912	312.335396	
3.316673	311.246332	311.227112	312.441883	312.440116	
3.327022	311.355207	311.340559	312.550758	312.553562	
3.336824	311.458813	311.445278	312.654364	312.658282	
3.349131	311.590077	311.549998	312.785628	312.763002	
3.357114	311.67537	311.654718	312.870921	312.876448	
3.367448	311.786636	311.768164	312.982187	312.989895	
3.377444	311.8948	311.872884	313.090351	313.103341	
3.387825	312.007811	311.98633	313.203361	313.216788	
3.397952	312.118631	312.099777	313.314181	313.321507	
3.408127	312.228706	312.204497	313.424257	313.426227	
3.418281	312.338046	312.317943	313.533596	313.539673	
3.429806	312.46133	312.440116	313.65688	313.661847	
3.43953	312.564647	312.553562	313.760197	313.75784	
3.449648	312.671648	312.658282	313.867198	313.871286	
3.459787	312.778265	312.763002	313.973816	313.976006	
3.469932	312.884319	312.876448	314.07987	314.089452	
3.480176	312.990788	312.989895	314.186339	314.194172	
3.490239	313.094756	313.112068	314.290306	314.298892	
3.500372	313.19883	313.216788	314.39438	314.412338	
3.510644	313.303717	313.330234	314.499268	314.525785	
3.520712	313.405932	313.44368	314.601482	314.630504	
3.532396	313.523696	313.565853	314.719247	314.752677	
3.542212	313.622038	313.670573	314.817589	314.857397	
3.55236	313.723092	313.775293	314.918643	314.962117	
3.562493	313.823413	313.880013	315.018964	315.066837	
3.572619	313.923033	313.976006	315.118584	315.171556	
3.582859	314.023193	314.071999	315.218744	315.267549	
3.59295	314.121253	314.167992	315.316804	315.363543	
3.603103	314.219298	314.263985	315.414849	315.459536	
3.613304	314.317202	314.351252	315.512753	315.555529	
3.623408	314.413597	314.447245	315.609148	315.651522	
3.635134	314.524562	314.543238	315.720113	315.756242	
3.644913	314.616526	314.639231	315.812076	315.834781	
3.655051	314.711262	314.735224	315.906812	315.930775	
3.665208	314.805614	314.82249	316.001165	316.009314	
3.675337	314.899131	314.909757	316.094681	316.105307	
3.685541	314.992578	314.997023	316.188129	316.192574	
3.695638	315.084503	315.093017	316.280054	316.288567	
3.705768	315.176107	315.180283	316.371657	316.375834	
3.715944	315.26756	315.276276	316.463111	316.4631	
3.726601	315.362658	315.363543	316.558209	316.559093	
3.737958	315.46317	315.468262	316.658721	316.663813	
3.747707	315.548837	315.555529	316.744388	316.751079	
3.757837	315.637327	315.642795	316.832878	316.838346	
3.768027	315.725694	315.730062	316.921244	316.934339	
3.778156	315.81293	315.826055	317.00848	317.021605	
3.788274	315.899461	315.922048	317.095011	317.117598	
3.79842	315.985608	316.009314	317.181158	317.204865	
3.808575	316.071216	316.096581	317.266766	317.300858	
3.818737	316.156292	316.183847	317.351842	317.388124	
3.829354	316.244555	316.271114	317.440106	317.475391	
3.840617	316.33729	316.35838	317.532841	317.571384	
3.850491	316.418045	316.445647	317.613596	317.649924	
3.860635	316.500396	316.532913	317.695947	317.73719	
3.870793	316.582261	316.611453	317.777812	317.81573	
3.88095	316.663536	316.689993	317.859086	317.89427	
3.89114	316.744438	316.768533	317.939989	317.981536	
3.901327	316.824683	316.847072	318.020233	318.05135	
3.911425	316.903629	316.925612	318.09918	318.138616	
3.92155	316.982167	317.004152	318.177718	318.208429	
3.932106	317.063691	317.073965	318.259242	318.286969	
3.943235	317.148304	317.161232	318.343855	318.365509	
3.953033	317.222425	317.231045	318.417976	318.444049	
3.963179	317.298611	317.309585	318.494162	318.513862	
3.973401	317.374765	317.379398	318.570316	318.592402	
3.983528	317.449596	317.457938	318.645147	318.662215	
3.993652	317.523774	317.527751	318.719324	318.732028	
4.003773	317.597313	317.597564	318.792863	318.801841	
4.013954	317.670712	317.667377	318.866263	318.871654	
4.024201	317.743925	317.745917	318.939476	318.941468	
4.034288	317.815408	317.81573	319.010959	319.011281	
4.046018	317.897708	317.89427	319.093258	319.098547	
4.055807	317.965794	317.964083	319.161344	319.16836	
4.066002	318.036137	318.042623	319.231687	319.238173	
4.076116	318.105484	318.112436	319.301034	319.307987	
4.086522	318.175797	318.182249	319.371347	319.3778	
4.096375	318.241985	318.252062	319.437535	319.447613	
4.106526	318.309574	318.321876	319.505124	319.5087	
4.116667	318.376446	318.382962	319.571996	319.578513	
4.126828	318.442856	318.452775	319.638406	319.639599	
4.147268	318.573429	318.522588	319.76898	319.779226	
4.151855	318.602742	318.618582	319.798293	319.805405	
4.161966	318.666718	318.688395	319.862268	319.875219	
4.172114	318.730315	318.749481	319.925866	319.936305	
4.182233	318.793143	318.819294	319.988694	319.997392	
4.192465	318.85603	318.889108	320.05158	320.058478	
4.202564	318.917516	318.941468	320.113067	320.128291	
4.212728	318.978754	319.011281	320.174304	320.180651	
4.222938	319.039673	319.063641	320.235224	320.250464	
4.232999	319.099096	319.124727	320.294647	320.302824	
4.243198	319.15872	319.185814	320.354271	320.372637	
4.25345	319.218052	319.238173	320.413603	320.424997	
4.263552	319.275877	319.290533	320.471427	320.486084	
4.273687	319.333304	319.35162	320.528854	320.54717	
4.28384	319.390205	319.40398	320.585756	320.59953	
4.293972	319.446393	319.465066	320.641943	320.65189	
4.304237	319.502707	319.517426	320.698257	320.712977	
4.314334	319.557474	319.569786	320.753025	320.774063	
4.324469	319.611845	319.622146	320.807396	320.826423	
4.334848	319.666906	319.674506	320.862457	320.878783	
4.345138	319.721361	319.735592	320.916912	320.931143	
4.356755	319.780927	319.796679	320.976477	320.983503	
4.366604	319.831303	319.849039	321.026854	321.035863	
4.376684	319.88226	319.901399	321.077811	321.088222	
4.386866	319.933143	319.953758	321.128693	321.140582	
4.39701	319.983224	320.006118	321.178774	321.184216	
4.407167	320.03275	320.058478	321.228301	321.236575	
4.41734	320.081744	320.110838	321.277295	321.280209	
4.427466	320.129908	320.163198	321.325459	321.332569	
4.448698	320.227581	320.206831	321.423131	321.428562	
4.456235	320.262232	320.285371	321.457782	321.454742	
4.463764	320.296449	320.320278	321.491999	321.498375	
4.473924	320.342007	320.372637	321.537558	321.542008	
4.484147	320.387231	320.407544	321.582781	321.594368	
4.494209	320.43113	320.459904	321.626681	321.638001	
4.504401	320.475016	320.494811	321.670567	321.681634	
4.514504	320.51788	320.54717	321.713431	321.725268	
4.524689	320.560506	320.582077	321.756056	321.768901	
4.534967	320.602897	320.616984	321.798448	321.803807	
4.545191	320.644748	320.660617	321.840298	321.847441	
4.557737	320.69446	320.695523	321.890011	321.891074	
4.565393	320.724695	320.739157	321.920246	321.934707	
4.575435	320.763755	320.774063	321.959306	321.97834	
4.585616	320.802696	320.80897	321.998246	322.013247	
4.595754	320.840901	320.852603	322.036451	322.048154	
4.605885	320.878476	320.88751	322.074026	322.091787	
4.623969	320.943223	320.948596	322.138774	322.152873	
4.628491	320.959461	320.966049	322.155011	322.170327	
4.638724	320.995447	321.000956	322.190997	322.205233	
4.648809	321.030323	321.044589	322.225874	322.24014	
4.661821	321.074256	321.088222	322.269806	322.283773	
4.669476	321.099827	321.123129	322.295378	322.31868	
4.679601	321.133021	321.158036	322.328571	322.353586	
4.689762	321.165733	321.192942	322.361284	322.388493	
4.699877	321.197698	321.227849	322.393249	322.423399	
4.71008	321.229352	321.254029	322.424902	322.458306	
4.720288	321.260394	321.280209	322.455944	322.493213	
4.730413	321.290603	321.315115	322.486154	322.519392	
4.740562	321.320292	321.350022	322.515842	322.554299	
4.750767	321.349522	321.376202	322.545072	322.589206	
4.763028	321.383737	321.402382	322.579288	322.615386	
4.771111	321.405964	321.437288	322.601515	322.641566	
4.781291	321.43334	321.454742	322.62889	322.676472	
4.791412	321.459951	321.489648	322.655502	322.702652	
4.801532	321.485985	321.507102	322.681536	322.728832	
4.81172	321.511589	321.533281	322.707139	322.746285	
4.821863	321.536491	321.559461	322.732042	322.763739	
4.832053	321.560905	321.585641	322.756456	322.772465	
4.842157	321.58453	321.611821	322.780081	322.781192	
4.852294	321.607646	321.629275	322.803197	322.798645	
4.862461	321.63024	321.646728	322.82579	322.816098	
4.872696	321.652398	321.664181	322.847948	322.824825	
4.882808	321.673668	321.690361	322.869218	322.842278	
4.892961	321.694464	321.716541	322.890014	322.859732	
4.903125	321.714682	321.733994	322.910232	322.877185	
4.913232	321.73421	321.742721	322.92976	322.894638	
4.923388	321.753256	321.760174	322.948807	322.920818	
4.933626	321.771861	321.768901	322.967411	322.938271	
4.943666	321.789525	321.786354	322.985076	322.955725	
4.953787	321.806758	321.803807	323.002309	322.973178	
4.963938	321.823468	321.821261	323.019018	322.990631	
4.974201	321.839779	321.838714	323.035329	323.016811	
4.984365	321.855331	321.847441	323.050882	323.034265	
4.99445	321.870208	321.864894	323.065758	323.051718	
5.004717	321.884758	321.873621	323.080308	323.077898	
5.015194	321.899083	321.891074	323.094634	323.095351	
5.025065	321.91188	321.908527	323.10743	323.121531	
5.035208	321.924553	321.925981	323.120103	323.138984	
5.045416	321.936728	321.943434	323.132279	323.165164	
5.05551	321.948216	321.95216	323.143767	323.173891	
5.0656	321.959151	321.969614	323.154702	323.182618	
5.075883	321.969714	321.97834	323.165264	323.191344	
5.086265	321.979795	321.995794	323.175345	323.200071	
5.104006	321.994981	322.021974	323.190532	323.200071	
5.108681	321.999036	322.0307	323.194587	323.191344	
5.118743	322.007089	322.0307	323.202639	323.191344	
5.13666	322.019396	322.0307	323.214947	323.191344	
5.141164	322.022547	322.0307	323.218098	323.191344	
5.151329	322.028995	322.0307	323.224546	323.200071	
5.161438	322.034904	322.0307	323.230454	323.200071	
5.173531	322.041208	322.0307	323.236758	323.208798	
5.181834	322.04528	322.039427	323.240831	323.217524	
5.191973	322.049729	322.039427	323.24528	323.226251	
5.202112	322.053708	322.039427	323.249258	323.234977	
5.212219	322.057226	322.048154	323.252777	323.243704	
5.222421	322.060311	322.048154	323.255861	323.261157	
5.23256	322.06296	322.048154	323.258511	323.269884	
5.242692	322.065203	322.048154	323.260754	323.269884	
5.252877	322.067072	322.048154	323.262623	323.269884	
5.263002	322.07286	322.048154	323.268411	323.269884	
5.273168	322.07286	322.048154	323.268411	323.261157	
5.283378	322.07286	322.05688	323.268411	323.252431	
5.293827	322.07286	322.05688	323.268411	323.252431	
5.303661	322.07286	322.065607	323.268411	323.252431	
5.313805	322.07286	322.065607	323.268411	323.243704	
5.323928	322.07286	322.05688	323.268411	323.243704	
5.334133	322.07286	322.05688	323.268411	323.243704	
5.34435	322.07286	322.048154	323.268411	323.243704	
5.363911	322.07286	322.048154	323.268411	323.252431	
5.368522	322.07286	322.048154	323.268411	323.252431	
5.383396	322.07286	322.048154	323.268411	323.261157	
5.388901	322.07286	322.048154	323.268411	323.261157	
5.399051	322.07286	322.05688	323.268411	323.269884	
5.40914	322.07286	322.065607	323.268411	323.269884	
5.419274	322.07286	322.065607	323.268411	323.269884	
5.429479	322.07286	322.065607	323.268411	323.278611	
5.439596	322.07286	322.065607	323.268411	323.278611	
5.449706	322.07286	322.065607	323.268411	323.269884	
5.459837	322.07286	322.05688	323.268411	323.269884	
5.470065	322.07286	322.05688	323.268411	323.269884	
5.480978	322.07286	322.048154	323.268411	323.269884	
5.490346	322.07286	322.048154	323.268411	323.269884	
5.500483	322.07286	322.048154	323.268411	323.269884	
5.510664	322.07286	322.05688	323.268411	323.269884	
5.520788	322.07286	322.065607	323.268411	323.269884	
5.530916	322.07286	322.065607	323.268411	323.269884	
5.541055	322.07286	322.065607	323.268411	323.269884	
5.551246	322.07286	322.065607	323.268411	323.269884	
5.56139	322.07286	322.065607	323.268411	323.269884	
5.571542	322.07286	322.065607	323.268411	323.269884	
5.581701	322.07286	322.05688	323.268411	323.269884	
5.591803	322.07286	322.05688	323.268411	323.269884	
5.601989	322.07286	322.05688	323.268411	323.269884	
5.61214	322.07286	322.05688	323.268411	323.269884	
5.622309	322.07286	322.05688	323.268411	323.269884	
5.632464	322.07286	322.05688	323.268411	323.269884	
5.6426	322.07286	322.05688	323.268411	323.269884	
5.65276	322.07286	322.05688	323.268411	323.269884	
5.662949	322.07286	322.05688	323.268411	323.269884	
5.673035	322.07286	322.05688	323.268411	323.269884	
5.683213	322.07286	322.05688	323.268411	323.269884	
5.693376	322.07286	322.05688	323.268411	323.269884	
5.703536	322.07286	322.05688	323.268411	323.269884	
5.713694	322.07286	322.05688	323.268411	323.269884	
5.723837	322.07286	322.05688	323.268411	323.269884	
5.733977	322.07286	322.05688	323.268411	323.269884	
5.744183	322.07286	322.05688	323.268411	323.269884	
5.754279	322.07286	322.05688	323.268411	323.269884	
5.764423	322.07286	322.05688	323.268411	323.269884	
5.774588	322.07286	322.05688	323.268411	323.269884	
5.78473	322.07286	322.05688	323.268411	323.269884	
5.794889	322.07286	322.05688	323.268411	323.269884	
5.805021	322.07286	322.05688	323.268411	323.269884	
5.815244	322.07286	322.05688	323.268411	323.269884	
5.825324	322.07286	322.05688	323.268411	323.269884	
5.835469	322.07286	322.05688	323.268411	323.269884	
5.845637	322.07286	322.05688	323.268411	323.269884	
5.855761	322.07286	322.05688	323.268411	323.269884	
5.865955	322.07286	322.05688	323.268411	323.269884	
5.876055	322.07286	322.05688	323.268411	323.269884	
5.886208	322.07286	322.05688	323.268411	323.269884	
5.896411	322.07286	322.05688	323.268411	323.269884	
5.906524	322.07286	322.05688	323.268411	323.269884	
5.916653	322.07286	322.05688	323.268411	323.269884	
5.926878	322.07286	322.05688	323.268411	323.269884	
5.936978	322.07286	322.05688	323.268411	323.269884	
5.947094	322.07286	322.05688	323.268411	323.269884	
5.957347	322.07286	322.05688	323.268411	323.269884	
5.967471	322.07286	322.05688	323.268411	323.269884	
5.977538	322.07286	322.05688	323.268411	323.269884	
5.987706	322.07286	322.05688	323.268411	323.269884	
5.997825	322.07286	322.05688	323.268411	323.269884	
6.007958	322.07286	322.05688	323.268411	323.269884	
6.018125	322.07286	322.05688	323.268411	323.269884	
6.028309	322.07286	322.05688	323.268411	323.269884	
6.038477	322.07286	322.05688	323.268411	323.269884	
6.048602	322.07286	322.05688	323.268411	323.269884	
6.058781	322.07286	322.05688	323.268411	323.269884	
6.069361	322.07286	322.05688	323.268411	323.269884	
6.079264	322.07286	322.05688	323.268411	323.269884	
6.08941	322.07286	322.05688	323.268411	323.269884	
6.099566	322.07286	322.05688	323.268411	323.269884	
6.109922	322.07286	322.05688	323.268411	323.269884	
6.11989	322.07286	322.05688	323.268411	323.269884	
6.130093	322.07286	322.05688	323.268411	323.269884	
6.140205	322.07286	322.05688	323.268411	323.269884	
6.150386	322.07286	322.05688	323.268411	323.269884	
6.160514	322.07286	322.05688	323.268411	323.269884	
6.170633	322.07286	322.05688	323.268411	323.269884	
6.180825	322.07286	322.05688	323.268411	323.269884	
6.191026	322.07286	322.05688	323.268411	323.269884	
6.201144	322.07286	322.05688	323.268411	323.269884	
6.211288	322.07286	322.05688	323.268411	323.269884	
6.239816	322.07286	322.05688	323.268411	323.269884	
6.244557	322.07286	322.05688	323.268411	323.269884	
6.256306	322.07286	322.05688	323.268411	323.269884	
