0.04707392	
0.05167372	
0.06180727	
0.07206481	
0.08216237	
0.09226492	
0.1023905	
0.112548	
0.1227316	
0.1329151	
0.1430067	
0.1531912	
0.1633308	
0.1735113	
0.1836539	
0.1937784	
0.203934	
0.2140845	
0.2242781	
0.2343746	
0.2445562	
0.2547587	
0.2648603	
0.2749938	
0.2851324	
0.2953409	
0.3054895	
0.3156	
0.3257386	
0.3359011	
0.3460147	
0.3561442	
0.3663218	
0.3765263	
0.3866289	
0.3967705	
0.406923	
0.4170756	
0.4272111	
0.4373577	
0.4476152	
0.4578148	
0.475766	
0.4801598	
0.4902813	
0.5004229	
0.5105884	
0.520767	
0.5308655	
0.5412581	
0.5512306	
0.5613742	
0.5715107	
0.5817133	
0.5918168	
0.6019314	
0.6120639	
0.6222575	
0.632426	
0.6425596	
0.6527321	
0.6629177	
0.6730302	
0.6831848	
0.6933153	
0.7034859	
0.7137194	
0.723824	
0.7339665	
0.7441721	
0.7542856	
0.7644462	
0.7745697	
0.7847413	
0.7948998	
0.8050174	
0.8151669	
0.8253605	
0.8354931	
0.8456366	
0.8560271	
0.8762532	
0.8806371	
0.8907816	
0.9009052	
0.9110987	
0.9212573	
0.9313978	
0.9415194	
0.9517379	
0.9618325	
0.97205	
0.9821716	
0.9923771	
1.002506	
1.012655	
1.022868	
1.032948	
1.043141	
1.053277	
1.063439	
1.073682	
1.084195	
1.09412	
1.104289	
1.114379	
1.124587	
1.136973	
1.144902	
1.155054	
1.165136	
1.175666	
1.185543	
1.195649	
1.205764	
1.215941	
1.226046	
1.236228	
1.246365	
1.256579	
1.266717	
1.276866	
1.287004	
1.297203	
1.307289	
1.317412	
1.32756	
1.338147	
1.348014	
1.358034	
1.368275	
1.378307	
1.388655	
1.398639	
1.408777	
1.418923	
1.429068	
1.439225	
1.457244	
1.461623	
1.471754	
1.481901	
1.492074	
1.502228	
1.512417	
1.522544	
1.532642	
1.542885	
1.553	
1.563109	
1.573258	
1.583837	
1.593622	
1.603671	
1.61382	
1.624014	
1.634124	
1.644312	
1.654447	
1.664632	
1.674763	
1.684883	
1.695125	
1.705256	
1.715374	
1.725519	
1.735674	
1.745808	
1.75597	
1.766106	
1.776309	
1.786393	
1.796562	
1.806808	
1.81683	
1.826986	
1.837145	
1.847275	
1.857429	
1.867574	
1.877714	
1.887931	
1.898011	
1.908318	
1.918341	
1.928531	
1.938601	
1.948776	
1.958953	
1.969081	
1.979204	
1.997231	
2.001611	
2.019764	
2.024161	
2.034276	
2.044409	
2.05456	
2.064733	
2.074873	
2.08569	
2.095762	
2.105912	
2.11608	
2.126466	
2.136574	
2.146791	
2.156831	
2.166992	
2.177096	
2.187317	
2.203183	-0.0500920227	-0.0523598776	-0.0413653764	-0.0436332313	
2.20827	-0.0493757389	-0.0523598776	-0.0406490926	-0.0436332313	
2.218219	-0.0472343125	-0.0523598776	-0.0385076662	-0.0436332313	
2.228142	-0.0445089443	-0.0436332313	-0.0357822981	-0.0436332313	
2.238225	-0.041124172	-0.0436332313	-0.0323975257	-0.0436332313	
2.248694	-0.0369405939	-0.0436332313	-0.0282139477	-0.0436332313	
2.258576	-0.032422116	-0.0436332313	-0.0236954697	-0.0436332313	
2.268703	-0.0271711616	-0.034906585	-0.0184445154	-0.0436332313	
2.278866	-0.0212757146	-0.034906585	-0.0125490683	-0.034906585	
2.288977	-0.0148053076	-0.034906585	-0.00607866137	-0.034906585	
2.299145	-0.00766822628	-0.034906585	0.00105841998	-0.034906585	
2.310083	0.000749447316	-0.034906585	0.00947609358	-0.034906585	
2.32028	0.00919013002	-0.034906585	0.0179167763	-0.034906585	
2.33034	0.0181303435	-0.034906585	0.0268569898	-0.034906585	
2.34046	0.0277333696	-0.034906585	0.0364600158	-0.034906585	
2.350592	0.0379692365	-0.034906585	0.0466958828	-0.034906585	
2.360815	0.0489224588	-0.034906585	0.057649105	-0.034906585	
2.37094	0.0603837582	-0.034906585	0.0691104044	-0.034906585	
2.381098	0.0725011255	-0.034906585	0.0812277718	-0.034906585	
2.391235	0.0852158337	-0.034906585	0.09394248	-0.034906585	
2.40137	0.0985390238	-0.034906585	0.10726567	-0.034906585	
2.413018	0.114734574	-0.034906585	0.12346122	-0.034906585	
2.422886	0.128965499	-0.034906585	0.137692145	-0.034906585	
2.433056	0.144269244	-0.034906585	0.15299589	-0.034906585	
2.443219	0.160178524	-0.034906585	0.16890517	-0.034906585	
2.453284	0.176545719	-0.034906585	0.185272365	-0.034906585	
2.463483	0.193757358	-0.0261799388	0.202484004	-0.034906585	
2.473692	0.211611521	-0.0261799388	0.220338167	-0.0261799388	
2.483806	0.229910417	-0.0174532925	0.238637063	-0.0174532925	
2.493947	0.248872101	-0.0174532925	0.257598747	-0.00872664626	
2.504076	0.268436425	-0.00872664626	0.277163072	0	
2.515696	0.291750781	0	0.300477427	0.00872664626	
2.525479	0.311870517	0.00872664626	0.320597163	0.0174532925	
2.535633	0.33340051	0.0261799388	0.342127156	0.034906585	
2.545896	0.355812875	0.034906585	0.364539521	0.0436332313	
2.556003	0.378475156	0.0523598776	0.387201802	0.0610865238	
2.566182	0.401910665	0.0698131701	0.410637311	0.0785398163	
2.576395	0.426072751	0.0872664626	0.434799398	0.104719755	
2.58661	0.450863556	0.104719755	0.459590202	0.122173048	
2.596766	0.476125935	0.130899694	0.484852581	0.148352986	
2.607214	0.502765592	0.157079633	0.511492238	0.174532925	
2.61831	0.53184506	0.191986218	0.540571707	0.200712864	
2.628208	0.558309142	0.20943951	0.567035788	0.226892803	
2.638318	0.585979214	0.244346095	0.594705861	0.261799388	
2.648448	0.614303236	0.27925268	0.623029883	0.296705973	
2.65875	0.643767689	0.314159265	0.652494335	0.322885912	
2.668732	0.672890552	0.34906585	0.681617199	0.357792497	
2.678902	0.703203377	0.375245789	0.711930023	0.392699082	
2.689018	0.733955358	0.410152374	0.742682004	0.436332313	
2.69917	0.765448801	0.453785606	0.774175448	0.471238898	
2.719714	0.832367881	0.523598776	0.841094527	0.549778714	
2.724266	0.847059374	0.541052068	0.85578602	0.567232007	
2.734403	0.880645736	0.593411946	0.889372383	0.610865238	
2.744599	0.915056705	0.628318531	0.923783351	0.654498469	
2.754716	0.949802494	0.671951762	0.958529141	0.698131701	
2.764848	0.985223257	0.715584993	0.993949903	0.733038286	
2.775043	1.02150087	0.759218225	1.03022751	0.785398163	
2.787042	1.06511343	0.802851456	1.07384007	0.837758041	
2.797212	1.10262847	0.855211333	1.11135511	0.881391272	
2.807326	1.14054857	0.890117919	1.14927521	0.925024504	
2.819147	1.18582021	0.942477796	1.19454686	0.968657735	
2.827705	1.21888753	0.986111027	1.22761417	1.01229097	
2.837899	1.25899148	1.02974426	1.26771812	1.06465084	
2.84799	1.29930216	1.07337749	1.3080288	1.10828408	
2.868786	1.38564369	1.11701072	1.39437034	1.20427718	
2.873296	1.40424656	1.18682389	1.41297321	1.22173048	
2.883437	1.44691114	1.23045712	1.45563779	1.26536371	
2.893606	1.4903061	1.27409035	1.49903275	1.30899694	
2.903736	1.53415772	1.32645023	1.54288436	1.36135682	
2.913915	1.57885358	1.37008346	1.58758023	1.40499005	
2.926217	1.6338747	1.42244334	1.64260134	1.46607657	
2.936005	1.6781037	1.46607657	1.68683034	1.5097098	
2.946108	1.72441091	1.51843645	1.73313756	1.56206968	
2.956308	1.77179949	1.56206968	1.78052614	1.60570291	
2.966811	1.82124797	1.60570291	1.82997462	1.65806279	
2.976709	1.86842241	1.64933614	1.87714906	1.71042267	
2.986748	1.91685322	1.69296937	1.92557987	1.7540559	
2.996887	1.96642077	1.74532925	1.97514742	1.80641578	
3.007046	2.01670113	1.79768913	2.02542778	1.85877565	
3.017222	2.06768756	1.84132236	2.07641421	1.91113553	
3.028898	2.12707518	1.90240888	2.13580183	1.97222205	
3.038662	2.1772001	1.94604212	2.18592674	2.02458193	
3.048815	2.23000054	1.98967535	2.23872719	2.07694181	
3.058971	2.28341973	2.04203522	2.29214638	2.12930169	
3.069138	2.33752803	2.0943951	2.34625468	2.18166156	
3.079318	2.39232783	2.14675498	2.40105447	2.23402144	
3.089505	2.44778275	2.19911486	2.45650939	2.29510797	
3.099599	2.50331754	2.25147474	2.51204419	2.34746784	
3.10978	2.55997789	2.30383461	2.56870454	2.39982772	
3.119995	2.61747174	2.35619449	2.62619838	2.46091425	
3.131394	2.68242495	2.41728101	2.6911516	2.52200077	
3.141538	2.74081714	2.46964089	2.74954379	2.58308729	
3.151704	2.79995094	2.52200077	2.80867758	2.63544717	
3.161946	2.8601645	2.58308729	2.86889115	2.69653369	
3.172008	2.91988592	2.63544717	2.92861256	2.75762022	
3.182203	2.98109121	2.68780705	2.98981786	2.81870674	
3.19245	3.04318546	2.75762022	3.05191211	2.87979327	
3.202521	3.10482197	2.8099801	3.11354862	2.93215314	
3.212709	3.16782589	2.87106662	3.17655253	3.00196631	
3.222797	3.23080033	2.93215314	3.23952697	3.06305284	
3.234338	3.30375958	3.00196631	3.31248622	3.13286601	
3.244133	3.36609231	3.06305284	3.37481895	3.19395253	
3.254398	3.4321428	3.12413936	3.44086945	3.25503905	
3.264524	3.49789714	3.17649924	3.50662378	3.32485223	
3.274551	3.56360223	3.24631241	3.57232887	3.38593875	
3.284916	3.63218409	3.30739893	3.64091073	3.45575192	
3.295146	3.70050323	3.36848546	3.70922988	3.52556509	
3.305252	3.76858985	3.43829863	3.77731649	3.58665161	
3.315424	3.83775076	3.49938515	3.84647741	3.65646478	
3.325806	3.90901362	3.56047167	3.91774026	3.72627795	
3.336951	3.98629047	3.63028484	3.99501711	3.80481777	
3.346783	4.05494461	3.70009801	4.06367126	3.87463094	
3.35685	4.12589792	3.76991118	4.13462456	3.94444411	
3.367344	4.20054919	3.83972435	4.20927583	4.01425728	
3.377244	4.27151786	3.90953752	4.28024451	4.08407045	
3.38729	4.3441211	3.97935069	4.35284775	4.15388362	
3.397421	4.41797895	4.04916386	4.4267056	4.23242344	
3.407598	4.49282467	4.11897703	4.50155132	4.31096325	
3.417823	4.56862242	4.1887902	4.57734907	4.38077642	
3.437918	4.72068077	4.25860337	4.72940742	4.52912941	
3.442471	4.75494045	4.36332313	4.7636671	4.57276264	
3.452607	4.83223687	4.4331363	4.84096351	4.64257581	
3.462779	4.91036801	4.50294947	4.91909465	4.72111563	
3.4731	4.99035788	4.58148929	4.99908453	4.79965544	
3.483104	5.068413	4.6600291	5.07713964	4.87819526	
3.493255	5.14823777	4.73856892	5.15696442	4.95673508	
3.503422	5.22883279	4.81710874	5.23755944	5.04400154	
3.513576	5.30994299	4.88692191	5.31866963	5.12254135	
3.523682	5.39127295	4.97418837	5.39999959	5.20108117	
3.534003	5.47502002	5.05272818	5.48374667	5.28834763	
3.544696	5.56248292	5.131268	5.57120957	5.3756141	
3.554321	5.64180542	5.21853446	5.65053207	5.44542727	
3.564889	5.72936475	5.30580093	5.7380914	5.53269373	
3.574844	5.81254761	5.39306739	5.82127426	5.61996019	
3.585236	5.9000859	5.48033385	5.90881254	5.70722665	
3.596316	5.99406494	5.57632696	6.00279159	5.80321976	
3.605231	6.07011324	5.66359342	6.07883989	5.88175958	
3.615386	6.15748688	5.75958653	6.16621352	5.96902604	
3.625595	6.24584756	5.84685299	6.25457421	6.0562925	
3.635824	6.33508845	5.9428461	6.34381509	6.14355897	
3.646204	6.42632449	6.03883921	6.43505114	6.23082543	
3.656071	6.51350764	6.13483232	6.52223428	6.31809189	
3.666203	6.60369306	6.23082543	6.61241971	6.414085	
3.676334	6.69453029	6.32681854	6.70325694	6.50135146	
3.686986	6.79073572	6.42281165	6.79946236	6.59734457	
3.69673	6.87924859	6.5275314	6.88797523	6.69333768	
3.706809	6.97143381	6.62352451	6.98016045	6.78933079	
3.716952	7.06482355	6.71951762	7.0735502	6.87659725	
3.727116	7.15906448	6.81551073	7.16779112	6.97259036	
3.737245	7.25360527	6.92023048	7.26233192	7.06858347	
3.747616	7.35104782	7.01622359	7.35977447	7.16457658	
3.757574	7.44509865	7.1122167	7.4538253	7.26056969	
3.76785	7.54286478	7.21693646	7.55159143	7.3565628	
3.777972	7.63975648	7.31292957	7.64848312	7.46128255	
3.788469	7.74095987	7.41764932	7.74968651	7.55727566	
3.798235	7.83566875	7.50491578	7.84439539	7.64454212	
3.808461	7.93540037	7.60963554	7.94412702	7.74926188	
3.818488	8.03383644	7.71435529	8.04256309	7.85398163	
3.828647	8.1342016	7.8103484	8.14292824	7.94997474	
3.838819	8.23533657	7.90634151	8.24406321	8.04596785	
3.849987	8.34712313	8.01978791	8.35584978	8.1681409	
3.859827	8.44609786	8.11578102	8.45482451	8.26413401	
3.870004	8.54916684	8.22050078	8.55789349	8.36012712	
3.880129	8.6523126	8.31649389	8.66103924	8.46484687	
3.890345	8.75705574	8.41248699	8.76578239	8.56956663	
3.90045	8.86118785	8.51720675	8.8699145	8.67428638	
3.910629	8.96675858	8.6219265	8.97548523	8.77900614	
3.920843	9.07329838	8.72664626	9.08202503	8.88372589	
3.930907	9.17890822	8.82263937	9.18763486	8.98844565	
3.941073	9.28616907	8.93608577	9.29489572	9.0931654	
3.952669	9.40949505	9.04080553	9.41822169	9.21533845	
3.962416	9.51350567	9.14552528	9.52223231	9.31133156	
3.972567	9.6225255	9.25897168	9.63125215	9.42477796	
3.98271	9.73209799	9.37241808	9.74082464	9.52949772	
3.992876	9.84262737	9.47713784	9.85135402	9.63421747	
4.00306	9.95382188	9.58185759	9.96254852	9.73893723	
4.013193	10.0632686	9.68657735	10.0719953	9.85238363	
4.023377	10.172724	9.7912971	10.1814507	9.96583003	
4.033536	10.2812454	9.89601686	10.289972	10.0705498	
4.043643	10.3885853	10.0094633	10.397312	10.1839962	
4.054931	10.5077806	10.1229097	10.5165072	10.2974426	
4.06514	10.6148984	10.2450827	10.6236251	10.410889	
4.07526	10.7210359	10.3498025	10.7297626	10.5243354	
4.08611	10.8330865	10.4632489	10.8418131	10.6377818	
4.095907	10.9341239	10.5766953	10.9428505	10.7425015	
4.105943	11.036981	10.681415	11.0457076	10.8559479	
4.116012	11.1395846	10.7861348	11.1483112	10.9606677	
4.126226	11.2430936	10.8908545	11.2518202	11.0653875	
4.136392	11.3455044	10.9955743	11.354231	11.1788339	
4.146999	11.4516758	11.1090207	11.4604025	11.2922803	
4.157896	11.5600654	11.2224671	11.568792	11.4144533	
4.167612	11.656078	11.3271868	11.6648046	11.5191731	
4.177871	11.7568983	11.4406332	11.7656249	11.6326195	
4.187948	11.8553235	11.5540796	11.8640502	11.7373392	
4.198447	11.9572326	11.6587994	11.9659592	11.8507856	
4.208265	12.0519239	11.7635192	12.0606505	11.9555054	
4.218395	12.1490173	11.8856922	12.1577439	12.0602251	
4.228524	12.2455402	11.990412	12.2542668	12.1736715	
4.23863	12.3411826	12.0951317	12.3499093	12.2783913	
4.24886	12.4374403	12.2085781	12.446167	12.3918377	
4.260278	12.5440769	12.3307512	12.5528035	12.5052841	
4.270383	12.6377621	12.4354709	12.6464888	12.6100038	
4.280627	12.7321575	12.5401907	12.7408842	12.7147236	
4.290709	12.8244989	12.6536371	12.8332255	12.8194434	
4.300828	12.9165801	12.7583568	12.9253067	12.9154365	
4.311114	13.0095395	12.8630766	13.0182662	13.0201562	
4.321202	13.1001126	12.9590697	13.1088392	13.1161493	
4.33135	13.1905859	13.0550628	13.1993125	13.2121424	
4.341489	13.280388	13.1597826	13.2891147	13.3168622	
4.351634	13.3696335	13.2557757	13.3783602	13.4041287	
4.363196	13.4705732	13.3692221	13.4792998	13.5088484	
4.37303	13.5557853	13.4564885	13.564512	13.5961149	
4.383234	13.6436472	13.5524816	13.6523738	13.6833813	
4.393333	13.7299873	13.6484748	13.7387139	13.7793744	
4.403485	13.8161689	13.7357412	13.8248956	13.8666409	
4.413686	13.902191	13.8230077	13.9109176	13.9539074	
4.423858	13.9873069	13.9102741	13.9960335	14.0411738	
4.434079	14.0722381	13.9975406	14.0809647	14.1284403	
4.444195	14.155678	14.0848071	14.1644047	14.2069801	
4.454318	14.2385855	14.1633469	14.2473121	14.2942466	
4.465851	14.3322286	14.2506133	14.3409553	14.3902397	
4.475642	14.4111435	14.3291532	14.4198702	14.4687795	
4.485772	14.4921994	14.4164196	14.500926	14.556046	
4.495933	14.5729156	14.4949594	14.5816422	14.6345858	
4.506074	14.6529043	14.5734993	14.6616309	14.7131256	
4.516268	14.7326321	14.6433124	14.7413588	14.7916654	
4.526397	14.8112318	14.7218522	14.8199585	14.8702052	
4.536637	14.8900933	14.8003921	14.89882	14.948745	
4.546897	14.9685164	14.8702052	14.977243	15.0272849	
4.557214	15.0467364	14.9400184	15.055463	15.1058247	
4.568495	15.1314793	15.0272849	15.1402059	15.1843645	
4.578229	15.2040361	15.097098	15.2127627	15.2629043	
4.58899	15.2836089	15.1756378	15.2923355	15.3414441	
4.608506	15.4250788	15.3152642	15.4338054	15.4897971	
4.61304	15.4579863	15.3501708	15.4667129	15.5159771	
4.623373	15.5322959	15.4287106	15.5410225	15.5945169	
4.633809	15.6067348	15.4985238	15.6154614	15.66433	
4.643715	15.6767338	15.5683369	15.6854605	15.7428699	
4.653799	15.7474145	15.6381501	15.7561412	15.812683	
4.666602	15.836176	15.7079633	15.8449027	15.8824962	
4.674222	15.8886788	15.7777764	15.8974054	15.9523094	
4.684355	15.9578686	15.838863	15.9665953	16.0221225	
4.694504	16.0265802	15.9086761	16.0353069	16.0919357	
4.704699	16.0949957	15.9697627	16.1037223	16.1617489	
4.714794	16.1621094	16.0395758	16.170836	16.231562	
4.725079	16.2299359	16.109389	16.2386625	16.2926486	
4.735197	16.2959725	16.1704755	16.3046992	16.3624617	
4.745264	16.3619809	16.231562	16.3707075	16.4235483	
4.75546	16.4264785	16.2926486	16.4352051	16.4933614	
4.765755	16.4923832	16.3537351	16.5011099	16.5631746	
4.775852	16.5554216	16.4235483	16.5641483	16.6242611	
4.794596	16.6708186	16.5369947	16.6795452	16.7377075	
4.799211	16.6992239	16.5631746	16.7079506	16.7726141	
4.817205	16.807651	16.6678944	16.8163776	16.8773339	
4.821742	16.8350243	16.7028009	16.843751	16.9122405	
4.839987	16.9425169	16.8075207	16.9512436	17.0169602	
4.844557	16.9694412	16.824974	16.9781678	17.0431401	
4.854664	17.0283564	16.8947872	17.037083	17.1042267	
4.884104	17.1932101	17.0082336	17.2019367	17.2700329	
4.889163	17.2216792	17.0867734	17.2304058	17.2962129	
4.899308	17.2781385	17.1391333	17.2868651	17.3572994	
4.909568	17.3346171	17.1914931	17.3433438	17.4183859	
4.919962	17.3912015	17.243853	17.3999282	17.4707458	
4.93018	17.4462159	17.3049395	17.4549426	17.5231057	
4.940333	17.5002679	17.3660261	17.5089946	17.5754656	
4.950524	17.5539338	17.4183859	17.5626605	17.6278254	
4.960682	17.606797	17.4707458	17.6155236	17.6801853	
4.970811	17.6589351	17.5231057	17.6676617	17.7325452	
4.989179	17.7510758	17.6103722	17.7598024	17.8285383	
4.993798	17.7742702	17.6365521	17.7829968	17.8459916	
5.003948	17.8245235	17.6976386	17.8332501	17.8983515	
5.014075	17.8740933	17.7499985	17.88282	17.9507114	
5.024248	17.9232723	17.8023584	17.931999	17.9943446	
5.03439	17.9716921	17.8547182	17.9804187	18.0467045	
5.044571	18.0196964	17.8983515	18.028423	18.0903377	
5.054716	18.066922	17.9507114	18.0756486	18.1426976	
5.064907	18.1137681	18.0030712	18.1224947	18.1863308	
5.077063	18.1687494	18.0554311	18.177476	18.229964	
5.086096	18.2091908	18.107791	18.2179174	18.2823239	
5.095391	18.2502506	18.1514242	18.2589772	18.3259571	
5.105489	18.2942735	18.2037841	18.3030002	18.3695904	
5.115623	18.3378416	18.256144	18.3465682	18.4132236	
5.125871	18.3814515	18.2997772	18.3901781	18.4655835	
5.136002	18.4236886	18.3434104	18.4324153	18.5004901	
5.14617	18.4656188	18.3957703	18.4743454	18.5528499	
5.15631	18.5068122	18.4394035	18.5155388	18.5877565	
5.1665	18.5476159	18.4830368	18.5563425	18.6401164	
5.177041	18.5891881	18.5353967	18.5979147	18.675023	
5.18683	18.6272562	18.5703032	18.6359828	18.7186562	
5.196964	18.6660251	18.6139365	18.6747518	18.7622895	
5.207121	18.7043092	18.6575697	18.7130358	18.8059227	
5.217219	18.7417737	18.7012029	18.7505004	18.8495559	
5.227379	18.7788789	18.7361095	18.7876055	18.8844625	
5.237519	18.8153015	18.7797428	18.8240281	18.9193691	
5.247702	18.8512908	18.8146493	18.8600175	18.9630023	
5.258061	18.8872619	18.8495559	18.8959885	18.9979089	
5.268073	18.9214615	18.8844625	18.9301882	19.0415421	
5.278617	18.9568295	18.9280957	18.9655561	19.0764487	
5.288504	18.9894511	18.9630023	18.9981777	19.1113553	
5.298563	19.0220189	18.9979089	19.0307455	19.1462619	
5.308705	19.0542913	19.0328155	19.063018	19.1811685	
5.318817	19.0858671	19.0677221	19.0945937	19.2160751	
5.329009	19.1171037	19.093902	19.1258304	19.2509816	
5.339108	19.1474588	19.1288086	19.1561855	19.2771616	
5.357249	19.1996885	19.1811685	19.2084152	19.3295215	
5.36185	19.2129761	19.1986218	19.2217027	19.3382481	
5.371946	19.2414202	19.2160751	19.2501468	19.3731547	
5.384614	19.2761232	19.2509816	19.2848498	19.3993346	
5.392324	19.2969733	19.2684349	19.3056999	19.4255146	
5.40249	19.3238339	19.3033415	19.3325606	19.4516945	
5.412626	19.3500214	19.3207948	19.358748	19.4778745	
5.422765	19.3756468	19.3469748	19.3843735	19.5040544	
5.432988	19.400871	19.3731547	19.4095977	19.5302343	
5.4431	19.4252466	19.3993346	19.4339733	19.5476876	
5.453259	19.4491422	19.4255146	19.4578688	19.5738676	
5.463421	19.4724711	19.4429679	19.4811977	19.5913209	
5.473556	19.4951508	19.4604212	19.5038774	19.6175008	
5.483738	19.5173356	19.4866011	19.5260623	19.6349541	
5.49416	19.5394461	19.5040544	19.5481727	19.6524074	
5.504291	19.5603332	19.5215077	19.5690598	19.6698607	
5.514475	19.5807569	19.538961	19.5894836	19.687314	
5.524594	19.6004752	19.5564143	19.6092018	19.7047673	
5.534697	19.6195903	19.5738676	19.6283169	19.7222205	
5.54504	19.6385587	19.5825942	19.6472853	19.7396738	
5.555049	19.656352	19.6000475	19.6650786	19.7571271	
5.565254	19.6739075	19.6175008	19.6826342	19.7658538	
5.575411	19.6908077	19.6262274	19.6995343	19.7833071	
5.586452	19.7084861	19.6349541	19.7172128	19.7920337	
5.595916	19.7231718	19.6524074	19.7318985	19.809487	
5.605831	19.7379903	19.661134	19.746717	19.8182137	
5.615979	19.7525893	19.6698607	19.761316	19.8269403	
5.62619	19.7667083	19.6785873	19.7754349	19.8443936	
5.636308	19.780139	19.687314	19.7888656	19.8531202	
5.646548	19.7931507	19.687314	19.8018773	19.8618469	
5.656728	19.8055209	19.7047673	19.8142475	19.8618469	
5.666838	19.81726	19.7047673	19.8259866	19.8793002	
5.676918	19.8284086	19.7134939	19.8371352	19.8880268	
5.687271	19.8392824	19.7222205	19.848009	19.8880268	
5.698071	19.8499921	19.7222205	19.8587187	19.8967535	
5.708104	19.8594142	19.7222205	19.8681409	19.8967535	
5.718231	19.8683865	19.7309472	19.8771132	19.9054801	
5.72835	19.8768186	19.7396738	19.8855453	19.9054801	
5.738667	19.8848568	19.7396738	19.8935834	19.9142068	
5.74866	19.8921333	19.7396738	19.90086	19.9142068	
5.758825	19.8990093	19.7484005	19.907736	19.9142068	
5.769183	19.9054655	19.7484005	19.9141922	19.9142068	
5.779085	19.9111607	19.7571271	19.9198873	19.9142068	
5.789642	19.9166706	19.7571271	19.9253973	19.9142068	
5.801585	19.922179	19.7571271	19.9309057	19.9142068	
5.811378	19.9262977	19.7571271	19.9350243	19.9142068	
5.821511	19.9300848	19.7571271	19.9388114	19.9142068	
5.831704	19.9334337	19.7571271	19.9421603	19.9142068	
5.841823	19.9363213	19.7571271	19.945048	19.9142068	
5.851997	19.9388003	19.7571271	19.947527	19.9142068	
5.862186	19.9408813	19.7571271	19.9496079	19.9142068	
5.872341	19.9426035	19.7571271	19.9513302	19.9142068	
5.882502	19.9476401	19.7571271	19.9563668	19.9142068	
5.892616	19.9476401	19.7571271	19.9563668	19.9142068	
5.903888	19.9476401	19.7571271	19.9563668	19.9142068	
5.914116	19.9476401	19.7571271	19.9563668	19.9142068	
5.924161	19.9476401	19.7571271	19.9563668	19.9142068	
5.934314	19.9476401	19.7571271	19.9563668	19.9142068	
5.944506	19.9476401	19.7571271	19.9563668	19.9142068	
5.954718	19.9476401	19.7571271	19.9563668	19.9142068	
5.964856	19.9476401	19.7571271	19.9563668	19.9142068	
5.974996	19.9476401	19.7571271	19.9563668	19.9142068	
5.985198	19.9476401	19.7571271	19.9563668	19.9142068	
5.995474	19.9476401	19.7571271	19.9563668	19.9142068	
6.006812	19.9476401	19.7571271	19.9563668	19.9142068	
6.016713	19.9476401	19.7571271	19.9563668	19.9142068	
6.026788	19.9476401	19.7571271	19.9563668	19.9142068	
6.036905	19.9476401	19.7571271	19.9563668	19.9142068	
6.047293	19.9476401	19.7571271	19.9563668	19.9142068	
6.057232	19.9476401	19.7571271	19.9563668	19.9142068	
6.067343	19.9476401	19.7571271	19.9563668	19.9142068	
6.07749	19.9476401	19.7571271	19.9563668	19.9142068	
6.088366	19.9476401	19.7571271	19.9563668	19.9142068	
6.107779	19.9476401	19.7571271	19.9563668	19.9142068	
6.112359	19.9476401	19.7571271	19.9563668	19.9142068	
6.122484	19.9476401	19.7571271	19.9563668	19.9142068	
6.132664	19.9476401	19.7571271	19.9563668	19.9142068	
6.142788	19.9476401	19.7571271	19.9563668	19.9142068	
6.153036	19.9476401	19.7571271	19.9563668	19.9142068	
6.163143	19.9476401	19.7571271	19.9563668	19.9142068	
6.173291	19.9476401	19.7571271	19.9563668	19.9142068	
6.183463	19.9476401	19.7571271	19.9563668	19.9142068	
6.193616	19.9476401	19.7571271	19.9563668	19.9142068	
6.203772	19.9476401	19.7571271	19.9563668	19.9142068	
6.214042	19.9476401	19.7571271	19.9563668	19.9142068	
6.224134	19.9476401	19.7571271	19.9563668	19.9142068	
6.234303	19.9476401	19.7571271	19.9563668	19.9142068	
6.244454	19.9476401	19.7571271	19.9563668	19.9142068	
6.254683	19.9476401	19.7571271	19.9563668	19.9142068	
6.264831	19.9476401	19.7571271	19.9563668	19.9142068	
6.274927	19.9476401	19.7571271	19.9563668	19.9142068	
6.285149	19.9476401	19.7571271	19.9563668	19.9142068	
6.295341	19.9476401	19.7571271	19.9563668	19.9142068	
6.305676	19.9476401	19.7571271	19.9563668	19.9142068	
6.315688	19.9476401	19.7571271	19.9563668	19.9142068	
6.325785	19.9476401	19.7571271	19.9563668	19.9142068	
6.335935	19.9476401	19.7571271	19.9563668	19.9142068	
6.346096	19.9476401	19.7571271	19.9563668	19.9142068	
6.356193	19.9476401	19.7571271	19.9563668	19.9142068	
6.366372	19.9476401	19.7571271	19.9563668	19.9142068	
6.376595	19.9476401	19.7571271	19.9563668	19.9142068	
6.386715	19.9476401	19.7571271	19.9563668	19.9142068	
6.396813	19.9476401	19.7571271	19.9563668	19.9142068	
6.407197	19.9476401	19.7571271	19.9563668	19.9142068	
6.41753	19.9476401	19.7571271	19.9563668	19.9142068	
6.427311	19.9476401	19.7571271	19.9563668	19.9142068	
6.437443	19.9476401	19.7571271	19.9563668	19.9142068	
6.44759	19.9476401	19.7571271	19.9563668	19.9142068	
6.458165	19.9476401	19.7571271	19.9563668	19.9142068	
6.467988	19.9476401	19.7571271	19.9563668	19.9142068	
6.478113	19.9476401	19.7571271	19.9563668	19.9142068	
6.488244	19.9476401	19.7571271	19.9563668	19.9142068	
6.498347	19.9476401	19.7571271	19.9563668	19.9142068	
6.508699	19.9476401	19.7571271	19.9563668	19.9142068	
6.519614	19.9476401	19.7571271	19.9563668	19.9142068	
6.52974	19.9476401	19.7571271	19.9563668	19.9142068	
6.539924	19.9476401	19.7571271	19.9563668	19.9142068	
6.550086	19.9476401	19.7571271	19.9563668	19.9142068	
6.560223	19.9476401	19.7571271	19.9563668	19.9142068	
6.570375	19.9476401	19.7571271	19.9563668	19.9142068	
6.58055	19.9476401	19.7571271	19.9563668	19.9142068	
6.590738	19.9476401	19.7571271	19.9563668	19.9142068	
6.602206	19.9476401	19.7571271	19.9563668	19.9142068	
6.610981	19.9476401	19.7571271	19.9563668	19.9142068	
6.622211	19.9476401	19.7571271	19.9563668	19.9142068	
6.632328	19.9476401	19.7571271	19.9563668	19.9142068	
6.642469	19.9476401	19.7571271	19.9563668	19.9142068	
6.652624	19.9476401	19.7571271	19.9563668	19.9142068	
6.662759	19.9476401	19.7571271	19.9563668	19.9142068	
6.672981	19.9476401	19.7571271	19.9563668	19.9142068	
6.683139	19.9476401	19.7571271	19.9563668	19.9142068	
6.693266	19.9476401	19.7571271	19.9563668	19.9142068	
6.703481	19.9476401	19.7571271	19.9563668	19.9142068	
6.713604	19.9476401	19.7571271	19.9563668	19.9142068	
6.725128	19.9476401	19.7571271	19.9563668	19.9142068	
6.734976	19.9476401	19.7571271	19.9563668	19.9142068	
6.745157	19.9476401	19.7571271	19.9563668	19.9142068	
6.755352	19.9476401	19.7571271	19.9563668	19.9142068	
6.765721	19.9476401	19.7571271	19.9563668	19.9142068	
6.775735	19.9476401	19.7571271	19.9563668	19.9142068	
6.785862	19.9476401	19.7571271	19.9563668	19.9142068	
6.796802	19.9476401	19.7571271	19.9563668	19.9142068	
6.80614	19.9476401	19.7571271	19.9563668	19.9142068	
6.816288	19.9476401	19.7571271	19.9563668	19.9142068	
6.82795	19.9476401	19.7571271	19.9563668	19.9142068	
6.837684	19.9476401	19.7571271	19.9563668	19.9142068	
6.847885	19.9476401	19.7571271	19.9563668	19.9142068	
6.868776	19.9476401	19.7571271	19.9563668	19.9142068	
6.87337	19.9476401	19.7571271	19.9563668	19.9142068	
6.883502	19.9476401	19.7571271	19.9563668	19.9142068	
6.893664	19.9476401	19.7571271	19.9563668	19.9142068	
6.903842	19.9476401	19.7571271	19.9563668	19.9142068	
6.914027	19.9476401	19.7571271	19.9563668	19.9142068	
6.926041	19.9476401	19.7571271	19.9563668	19.9142068	
6.934389	19.9476401	19.7571271	19.9563668	19.9142068	
6.944499	19.9476401	19.7571271	19.9563668	19.9142068	
6.954689	19.9476401	19.7571271	19.9563668	19.9142068	
6.9648	19.9476401	19.7571271	19.9563668	19.9142068	
7.001928	19.9476401	19.7571271	19.9563668	19.9142068	
7.020307	19.9476401	19.7571271	19.9563668	19.9142068	
