0.05511164	
0.05994043	
0.070078	
0.08028756	
0.09049712	
0.1006247	
0.1108672	
0.1210048	
0.1311784	
0.1414299	
0.1515535	
0.1618351	
0.1721356	
0.1823082	
0.1925108	
0.2027783	
0.2129589	
0.2231264	
0.233314	
0.2436406	
0.2538971	
0.2640687	
0.2745632	
0.2845988	
0.2949834	
0.3049829	
0.3153575	
0.3255101	
0.3356056	
0.3458062	
0.3561637	
0.3662963	
0.3763569	
0.3865804	
0.396919	
0.4071716	
0.4174091	
0.4360233	
0.4406261	
0.4510797	
0.4690979	
0.4737097	
0.4839943	
0.4941138	
0.5042834	
0.514459	
0.5247455	
0.5438807	
0.5484735	
0.5586891	
0.5687926	
0.5789472	
0.5891978	
0.5993663	
0.6095509	
0.6197554	
0.629987	
0.6401916	
0.6503671	
0.6605487	
0.6709553	
0.6809128	
0.6911414	
0.7014029	
0.7115405	
0.7217501	
0.7320156	
0.7421582	
0.7523548	
0.7625563	
0.7727919	
0.7830774	
0.793231	
0.8034586	
0.8136731	
0.8238267	
0.8344062	
0.8442708	
0.8544014	
0.864616	
0.8748855	
0.8851151	
0.8952166	
0.9054332	
0.9156208	
0.9258303	
0.9360039	
0.9548241	
0.9594279	
0.9695985	
0.979838	
0.9899726	
1.000185	
1.010354	
1.020551	
1.03075	
1.040967	
1.051124	
1.061344	
1.071515	
1.081682	
1.091955	
1.102083	
1.112282	
1.122462	
1.132695	
1.142897	
1.15307	
1.163437	
1.173653	
1.183675	
1.193859	
1.204113	
1.214256	
1.22442	
1.234721	
1.244842	
1.263268	
1.267875	
1.278048	
1.288318	
1.298458	
1.308694	
1.318944	
1.32901	
1.339248	
1.357678	
1.362247	
1.372478	
1.382634	
1.392838	
1.405221	
1.413231	
1.423472	
1.433618	
1.443891	
1.454009	
1.468013	359.836297	359.834532	359.644311	359.642546	
1.482942	359.839558	359.834532	359.647572	359.642546	
1.495912	359.843323	359.834532	359.651337	359.651272	
1.500651	359.844717	359.843259	359.652731	359.659999	
1.510878	359.848521	359.851985	359.656535	359.659999	
1.521053	359.852924	359.860712	359.660938	359.668726	
1.531223	359.857945	359.869438	359.665959	359.668726	
1.549768	359.869634	359.886892	359.677648	359.677452	
1.554607	359.872625	359.886892	359.680639	359.677452	
1.564814	359.87972	359.886892	359.687734	359.677452	
1.575059	359.887479	359.886892	359.695493	359.686179	
1.585117	359.895692	359.886892	359.703706	359.694906	
1.595311	359.904649	359.886892	359.712662	359.703632	
1.605607	359.914332	359.895618	359.722346	359.721085	
1.615728	359.924459	359.904345	359.732472	359.738539	
1.625907	359.935268	359.904345	359.743282	359.747265	
1.636228	359.946872	359.921798	359.754885	359.773445	
1.646334	359.958837	359.930525	359.766851	359.790899	
1.656579	359.971612	359.939252	359.779626	359.808352	
1.666706	359.984835	359.956705	359.792849	359.825805	
1.685383	360.011816	359.974158	359.81983	359.843259	
1.690162	360.018659	359.991612	359.826673	359.843259	
1.700319	360.033973	360.000338	359.841987	359.851985	
1.710492	360.049936	360.017791	359.857949	359.860712	
1.720681	360.066551	360.035245	359.874565	359.869438	
1.730969	360.08397	360.061425	359.891984	359.886892	
1.741067	360.101661	360.078878	359.909675	359.904345	
1.751232	360.120093	360.096331	359.928107	359.921798	
1.761502	360.139363	360.113785	359.947377	359.939252	
1.773863	360.16355	360.139965	359.971563	359.956705	
1.782009	360.179782	360.166144	359.987796	359.974158	
1.792188	360.200747	360.183598	360.008761	360.000338	
1.802395	360.222391	360.201051	360.030405	360.026518	
1.812605	360.244674	360.227231	360.052687	360.052698	
1.822832	360.267617	360.253411	360.075631	360.078878	
1.833031	360.291132	360.270864	360.099146	360.096331	
1.843331	360.315504	360.297044	360.123517	360.131238	
1.861832	360.361804	360.323224	360.169818	360.183598	
1.866924	360.374589	360.358131	360.182603	360.201051	
1.877834	360.402596	360.384311	360.210609	360.227231	
1.887768	360.428746	360.410491	360.236759	360.253411	
1.897931	360.456125	360.43667	360.264139	360.288317	
1.908148	360.484267	360.46285	360.29228	360.314497	
1.918394	360.513136	360.497757	360.32115	360.349404	
1.92855	360.542365	360.532664	360.350379	360.375584	
1.93871	360.57221	360.558844	360.380224	360.410491	
1.948981	360.603045	360.59375	360.411058	360.445397	
1.959291	360.63463	360.61993	360.442644	360.471577	
1.977091	360.691436	360.654837	360.49945	360.51521	
1.983108	360.710643	360.689743	360.518657	360.54139	
1.992094	360.73989	360.72465	360.547904	360.56757	
2.002326	360.77388	360.759556	360.581894	360.602477	
2.012528	360.808374	360.785736	360.616387	360.637383	
2.022706	360.843414	360.820643	360.651427	360.67229	
2.032891	360.87909	360.846823	360.687103	360.707197	
2.043166	360.915735	360.881729	360.723749	360.733376	
2.053334	360.952612	360.916636	360.760626	360.768283	
2.063656	360.990693	360.951543	360.798706	360.80319	
2.077317	361.042347	360.986449	360.85036	360.838096	
2.084057	361.067962	361.030082	360.875976	360.873003	
2.094195	361.107212	361.073716	360.915226	360.916636	
2.104467	361.14761	361.108622	360.955623	360.951543	
2.11465	361.188293	361.152255	360.996307	360.986449	
2.125103	361.230702	361.195889	361.038716	361.021356	
2.135191	361.272246	361.230795	361.08026	361.064989	
2.145339	361.314654	361.274429	361.122667	361.108622	
2.155555	361.35796	361.318062	361.165974	361.143529	
2.165997	361.402886	361.352968	361.2109	361.195889	
2.178526	361.457831	361.405328	361.265845	361.239522	
2.186287	361.492102	361.440235	361.300116	361.283155	
2.196428	361.537575	361.492595	361.345588	361.326788	
2.206656	361.584095	361.536228	361.392109	361.370422	
2.216867	361.631141	361.579861	361.439155	361.422782	
2.2271	361.678926	361.632221	361.48694	361.466415	
2.237726	361.729246	361.684581	361.53726	361.518775	
2.247501	361.776042	361.728214	361.584056	361.562408	
2.266133	361.867882	361.824207	361.675896	361.667128	
2.270909	361.891355	361.850387	361.699369	361.684581	
2.281116	361.942326	361.902747	361.75034	361.736941	
2.291348	361.994057	361.955107	361.80207	361.789301	
2.301695	362.047004	362.007467	361.855018	361.841661	
2.311783	362.099218	362.068553	361.907232	361.89402	
2.321794	362.151601	362.120913	361.959615	361.94638	
2.332254	362.207096	362.173273	362.01511	362.007467	
2.342383	362.261383	362.243086	362.069397	362.059827	
2.35258	362.316688	362.295446	362.124702	362.112187	
2.362803	362.372717	362.347806	362.180731	362.164546	
2.372782	362.427998	362.408893	362.236012	362.225633	
2.383301	362.486975	362.469979	362.294989	362.277993	
2.393401	362.544191	362.522339	362.352205	362.330353	
2.403607	362.602676	362.574699	362.410689	362.400166	
2.413727	362.661239	362.635785	362.469253	362.452526	
2.424021	362.721486	362.696872	362.5295	362.513612	
2.434037	362.780664	362.749232	362.588678	362.574699	
2.444208	362.841432	362.810318	362.649446	362.627059	
2.454322	362.902411	362.871405	362.710425	362.688145	
2.464459	362.964176	362.923765	362.77219	362.749232	
2.475085	363.029645	362.993578	362.837659	362.810318	
2.485118	363.092037	363.045938	362.90005	362.880131	
2.495023	363.15416	363.115751	362.962174	362.941218	
2.505078	363.217855	363.185564	363.025868	363.002304	
2.515197	363.282603	363.246651	363.090617	363.063391	
2.525419	363.348634	363.316464	363.156648	363.133204	
2.535519	363.414466	363.386277	363.22248	363.203017	
2.545662	363.481197	363.45609	363.28921	363.272831	
2.555829	363.548746	363.53463	363.35676	363.342644	
2.566023	363.617073	363.604443	363.425086	363.412457	
2.576577	363.688499	363.674256	363.496512	363.48227	
2.587581	363.763732	363.752796	363.571746	363.552083	
2.597417	363.83146	363.831336	363.639473	363.630623	
2.61536	363.957468	363.953509	363.765481	363.761523	
2.619821	363.988696	363.988416	363.79671	363.796429	
2.630031	364.06108	364.058229	363.869094	363.866242	
2.640161	364.133467	364.136768	363.941481	363.936056	
2.650314	364.20666	364.206582	364.014673	364.005869	
2.660514	364.280839	364.285121	364.088852	364.084409	
2.670608	364.354789	364.354935	364.162803	364.162948	
2.681104	364.432441	364.424748	364.240455	364.232762	
2.690989	364.506356	364.494561	364.31437	364.302575	
2.701129	364.582267	364.564374	364.390281	364.381115	
2.711253	364.658921	364.634187	364.466935	364.459654	
2.721402	364.736399	364.712727	364.544413	364.529468	
2.731521	364.814284	364.791267	364.622298	364.599281	
2.741742	364.893545	364.86108	364.701558	364.677821	
2.751847	364.972546	364.93962	364.78056	364.75636	
2.762025	365.052742	365.01816	364.860756	364.8349	
2.772244	365.133873	365.0967	364.941887	364.91344	
2.789725	365.274985	365.175239	365.082999	364.99198	
2.794878	365.316903	365.279959	365.124917	365.087973	
2.805127	365.399945	365.367226	365.207959	365.175239	
2.815397	365.484159	365.463219	365.292172	365.262506	
2.825621	365.568596	365.550485	365.37661	365.349772	
2.837204	365.665128	365.646478	365.473142	365.437039	
2.846175	365.740296	365.733745	365.54831	365.533032	
2.856372	365.826442	365.829738	365.634455	365.620298	
2.866553	365.912997	365.925731	365.721011	365.716291	
2.876555	365.99858	366.012997	365.806594	365.803558	
2.886873	366.087614	366.100264	365.895627	365.890824	
2.896842	366.174213	366.18753	365.982227	365.986817	
2.907006	366.263406	366.274797	366.07142	366.074084	
2.917119	366.352217	366.353337	366.160231	366.170077	
2.927262	366.442176	366.431876	366.250189	366.257344	
2.94567	366.607961	366.588956	366.415974	366.414423	
2.950184	366.648508	366.623863	366.456522	366.458056	
2.960317	366.740387	366.711129	366.5484	366.55405	
2.970503	366.833379	366.798396	366.641393	366.641316	
2.980612	366.926307	366.885662	366.734321	366.728582	
2.990817	367.020718	366.972929	366.828732	366.815849	
3.001016	367.115707	367.060195	366.92372	366.903115	
3.01115	367.210685	367.164915	367.018699	366.999108	
3.021326	367.306661	367.260908	367.114675	367.095102	
3.031429	367.402577	367.356901	367.210591	367.182368	
3.041642	367.500195	367.461621	367.308209	367.278361	
3.051777	367.597673	367.557614	367.405687	367.374354	
3.061927	367.695894	367.653607	367.503908	367.479074	
3.072114	367.795146	367.767053	367.60316	367.575067	
3.082218	367.894091	367.863046	367.702105	367.679787	
3.092457	367.995071	367.967766	367.803085	367.77578	
3.102625	368.096009	368.072486	367.904023	367.8805	
3.11273	368.196833	368.177206	368.004847	367.985219	
3.12287	368.298705	368.281925	368.106719	368.089939	
3.133051	368.401571	368.386645	368.209585	368.203386	
3.143167	368.504402	368.482638	368.312416	368.308105	
3.15336	368.608622	368.596085	368.416636	368.421552	
3.163466	368.713194	368.692078	368.521208	368.526272	
3.173711	368.818669	368.796798	368.626683	368.639718	
3.183803	368.923685	368.892791	368.731699	368.744438	
3.194018	369.030664	369.006237	368.838678	368.849157	
3.204237	369.138311	369.110957	368.946325	368.945151	
3.214343	369.245314	369.215677	369.053328	369.04987	
3.224468	369.353134	369.329123	369.161148	369.15459	
3.23465	369.462259	369.433843	369.270273	369.25931	
3.245154	369.575486	369.547289	369.3835	369.355303	
3.255019	369.682357	369.660736	369.490371	369.468749	
3.26508	369.791987	369.774182	369.600001	369.573469	
3.275226	369.901319	369.887628	369.709333	369.678189	
3.285421	370.01063	370.001075	369.818644	369.791635	
3.295532	370.118379	370.114521	369.926392	369.905082	
3.305741	370.226609	370.236694	370.034622	370.018528	
3.315844	370.333014	370.341414	370.141027	370.131974	
3.326057	370.440045	370.446134	370.248059	370.254148	
3.336848	370.552462	370.55958	370.360475	370.367594	
3.346619	370.653611	370.673027	370.461625	370.48104	
3.356478	370.755161	370.786473	370.563175	370.594487	
3.366764	370.860505	370.899919	370.668519	370.707933	
3.376748	370.962089	371.004639	370.770102	370.812653	
3.386885	371.064723	371.109359	370.872737	370.926099	
3.397059	371.167102	371.214079	370.975116	371.030819	
3.408644	371.282811	371.336252	371.090825	371.152992	
3.418419	371.379902	371.432245	371.187915	371.248985	
3.428591	371.480357	371.528238	371.288371	371.344978	
3.438738	371.579952	371.632958	371.387966	371.440971	
3.448863	371.678759	371.720224	371.486773	371.536965	
3.459071	371.778088	371.816217	371.586102	371.632958	
3.469215	371.875531	371.91221	371.683545	371.720224	
3.479385	371.972915	371.999477	371.780928	371.807491	
3.489576	372.069946	372.086743	371.87796	371.894757	
3.49965	372.165187	372.17401	371.973201	371.982023	
3.519067	372.346194	372.261276	372.154208	372.156556	
3.523638	372.388777	372.383449	372.196791	372.191463	
3.533811	372.482941	372.470716	372.290954	372.278729	
3.543917	372.575905	372.557982	372.383919	372.365996	
3.554027	372.668334	372.653975	372.476348	372.453262	
3.564196	372.760684	372.749968	372.568698	372.549255	
3.574367	372.852365	372.845961	372.660379	372.636522	
3.584497	372.943174	372.933228	372.751188	372.732515	
3.594724	373.034227	373.029221	372.842241	372.828508	
3.605143	373.126302	373.125214	372.934316	372.924501	
3.615354	373.215977	373.221207	373.023991	373.020494	
3.625452	373.303996	373.308474	373.11201	373.116487	
3.635628	373.392138	373.404467	373.200152	373.212481	
3.645762	373.479282	373.50046	373.287296	373.308474	
3.655896	373.565917	373.587726	373.37393	373.39574	
3.666121	373.652595	373.674993	373.460609	373.50046	
3.676221	373.737678	373.762259	373.545692	373.587726	
3.686334	373.822271	373.840799	373.630284	373.674993	
3.696495	373.906642	373.928066	373.714656	373.762259	
3.706856	373.99208	374.006605	373.800094	373.849526	
3.716875	374.074088	374.093872	373.882102	373.936792	
3.727009	374.156393	374.163685	373.964407	374.015332	
3.737105	374.237817	374.242225	374.045831	374.093872	
3.747204	374.318709	374.320765	374.126722	374.163685	
3.75768	374.401956	374.390578	374.20997	374.242225	
3.767584	374.480062	374.469118	374.288076	374.312038	
3.777678	374.559073	374.547657	374.367087	374.381851	
3.787877	374.638333	374.626197	374.446347	374.451664	
3.798009	374.716443	374.704737	374.524457	374.530204	
3.808154	374.794073	374.77455	374.602087	374.600017	
3.818644	374.873673	374.861817	374.681687	374.669831	
3.82885	374.950539	374.940357	374.758553	374.739644	
3.839326	375.028765	375.01017	374.836779	374.818184	
3.849101	375.101211	375.08871	374.909225	374.887997	
3.859223	375.175627	375.158523	374.983641	374.966536	
3.869399	375.249818	375.245789	375.057832	375.03635	
3.879558	375.323276	375.315602	375.13129	375.114889	
3.889722	375.396201	375.394142	375.204215	375.193429	
3.899858	375.468319	375.472682	375.276333	375.271969	
3.910022	375.540017	375.542495	375.348031	375.350509	
3.921328	375.619008	375.629762	375.427022	375.437775	
3.931486	375.689411	375.699575	375.497425	375.516315	
3.941704	375.759577	375.769388	375.567591	375.594855	
3.951779	375.828186	375.839201	375.6362	375.664668	
3.961892	375.896475	375.909014	375.704489	375.734481	
3.982594	376.033151	376.048641	375.841165	375.874108	
3.987137	376.063414	376.083547	375.871428	375.909014	
3.997276	376.129543	376.15336	375.937557	375.978827	
4.007443	376.195493	376.223174	376.003507	376.039914	
4.019812	376.274803	376.28426	376.082817	376.109727	
4.027981	376.326818	376.345347	376.134832	376.170814	
4.038113	376.390717	376.41516	376.198731	376.223174	
4.048263	376.454134	376.476246	376.262148	376.28426	
4.058392	376.516836	376.537333	376.324849	376.345347	
4.068581	376.579265	376.589693	376.387278	376.397706	
4.07872	376.640814	376.659506	376.448828	376.458793	
4.089008	376.702653	376.711866	376.510667	376.511153	
4.099182	376.763208	376.764226	376.571221	376.572239	
4.109284	376.822718	376.825312	376.630732	376.624599	
4.119504	376.882358	376.886399	376.690372	376.676959	
4.132227	376.955523	376.956212	376.763537	376.746772	
4.142324	377.013057	377.008572	376.821071	376.807859	
4.152468	377.070282	377.069658	376.878296	376.868945	
4.162572	377.126695	377.122018	376.934708	376.921305	
4.173736	377.188287	377.183105	376.996301	376.991118	
4.183756	377.242987	377.235465	377.051001	377.052205	
4.193888	377.297699	377.296551	377.105713	377.104565	
4.204045	377.351936	377.357638	377.15995	377.165651	
4.214201	377.40561	377.409997	377.213623	377.226738	
4.22651	377.469704	377.462357	377.277718	377.279098	
4.234568	377.511329	377.523444	377.319343	377.340184	
4.244718	377.563137	377.575804	377.371151	377.392544	
4.254918	377.614605	377.63689	377.422619	377.444904	
4.264985	377.664813	377.68925	377.472827	377.505991	
4.275378	377.71603	377.74161	377.524044	377.549624	
4.285285	377.764279	377.79397	377.572292	377.61071	
4.295435	377.813092	377.84633	377.621106	377.654344	
4.305571	377.861267	377.89869	377.669281	377.706703	
4.315687	377.908759	377.942323	377.716773	377.759063	
4.328804	377.969249	377.985956	377.777263	377.811423	
4.344547	378.040253	378.038316	377.848266	377.89869	
4.349446	378.062342	378.090676	377.870356	377.916143	
4.359558	378.107234	378.143036	377.915248	377.959776	
4.369689	378.151613	378.186669	377.959627	378.003409	
4.379874	378.195649	378.230302	378.003663	378.047043	
4.390073	378.239119	378.273935	378.047132	378.090676	
4.400172	378.281601	378.317569	378.089615	378.134309	
4.410325	378.323697	378.361202	378.131711	378.177942	
4.42047	378.365163	378.404835	378.173176	378.212849	
4.433571	378.417658	378.439742	378.225672	378.265209	
4.440774	378.446287	378.474648	378.2543	378.291389	
4.450938	378.48606	378.518282	378.294074	378.335022	
4.4611	378.525223	378.561915	378.333237	378.369929	
4.471259	378.563776	378.596821	378.37179	378.413562	
4.481448	378.601857	378.631728	378.40987	378.457195	
4.491609	378.639225	378.666635	378.447238	378.492102	
4.501825	378.676204	378.710268	378.484218	378.527008	
4.511903	378.712094	378.745174	378.520108	378.561915	
4.522019	378.747541	378.780081	378.555555	378.596821	
4.535115	378.792369	378.814987	378.600383	378.640455	
4.542392	378.817031	378.849894	378.625045	378.675361	
4.552517	378.850735	378.884801	378.658748	378.710268	
4.562632	378.883816	378.919707	378.69183	378.753901	
4.572788	378.916453	378.945887	378.724467	378.788808	
4.583025	378.948738	378.980794	378.756752	378.814987	
4.593529	378.981236	379.0157	378.78925	378.841167	
4.603283	379.010873	379.050607	378.818887	378.849894	
4.613439	379.041149	379.076787	378.849163	378.867347	
4.623866	379.071856	379.102967	378.87987	378.884801	
4.636138	379.106525	379.137873	378.914539	378.910981	
4.643956	379.128498	379.164053	378.936511	378.928434	
4.654111	379.156398	379.190233	378.964412	378.954614	
4.664244	379.183674	379.216413	378.991688	378.980794	
4.674369	379.210325	379.242593	379.018339	379.0157	
4.684498	379.23644	379.268773	379.044454	379.050607	
4.694798	379.262362	379.294953	379.070375	379.076787	
4.704824	379.287032	379.312406	379.095046	379.111693	
4.714972	379.311419	379.338586	379.119433	379.137873	
4.72509	379.335157	379.364766	379.14317	379.17278	
4.735432	379.358827	379.38222	379.166841	379.207687	
4.745493	379.381268	379.408399	379.189282	379.233867	
4.755597	379.403236	379.434579	379.21125	379.268773	
4.765809	379.424851	379.452033	379.232865	379.294953	
4.775872	379.445581	379.478213	379.253595	379.312406	
4.794411	379.481423	379.504393	379.289437	379.338586	
4.798957	379.490272	379.530572	379.298286	379.347313	
4.809252	379.509553	379.548026	379.317567	379.347313	
4.819438	379.528065	379.565479	379.336079	379.347313	
4.82958	379.545925	379.574206	379.353939	379.35604	
4.85635	379.587862	379.591659	379.395876	379.38222	
4.860883	379.595118	379.609112	379.403132	379.390946	
4.87106	379.610725	379.626566	379.418739	379.399673	
4.88115	379.625631	379.635292	379.433645	379.417126	
4.891338	379.640131	379.644019	379.448145	379.434579	
4.901504	379.654033	379.661472	379.462047	379.460759	
4.911638	379.667337	379.661472	379.47535	379.478213	
4.921778	379.680101	379.678925	379.488115	379.495666	
4.9319	379.692297	379.687652	379.500311	379.521846	
4.943899	379.705936	379.696379	379.51395	379.539299	
4.952637	379.715529	379.713832	379.523543	379.556752	
4.962412	379.72573	379.731285	379.533744	379.565479	
4.972558	379.735772	379.748739	379.543786	379.574206	
4.982701	379.745279	379.766192	379.553293	379.574206	
4.992896	379.754288	379.783645	379.562302	379.574206	
5.003019	379.762709	379.792372	379.570722	379.565479	
5.013208	379.770658	379.809825	379.578671	379.565479	
5.023359	379.77805	379.809825	379.586064	379.574206	
5.033464	379.785034	379.809825	379.593048	379.574206	
5.043662	379.791296	379.801099	379.59931	379.591659	
5.053953	379.797232	379.801099	379.605246	379.600386	
5.063967	379.802528	379.792372	379.610542	379.609112	
5.074147	379.807415	379.792372	379.615429	379.635292	
5.084329	379.811824	379.792372	379.619838	379.644019	
5.094408	379.815729	379.801099	379.623742	379.661472	
5.104592	379.819212	379.809825	379.627225	379.661472	
5.114742	379.822243	379.818552	379.630257	379.661472	
5.124887	379.824851	379.827278	379.632864	379.661472	
5.135044	379.827058	379.836005	379.635072	379.652746	
5.145381	379.82891	379.853458	379.636923	379.644019	
5.155385	379.834532	379.853458	379.642546	379.635292	
5.165518	379.834532	379.853458	379.642546	379.617839	
5.176374	379.834532	379.853458	379.642546	379.600386	
5.186449	379.834532	379.853458	379.642546	379.591659	
5.196855	379.834532	379.853458	379.642546	379.591659	
5.206765	379.834532	379.853458	379.642546	379.591659	
5.216911	379.834532	379.844732	379.642546	379.600386	
5.227055	379.834532	379.844732	379.642546	379.609112	
5.23718	379.834532	379.844732	379.642546	379.617839	
5.24737	379.834532	379.844732	379.642546	379.635292	
5.257649	379.834532	379.844732	379.642546	379.644019	
5.267764	379.834532	379.853458	379.642546	379.661472	
5.277937	379.834532	379.853458	379.642546	379.678925	
5.288023	379.834532	379.853458	379.642546	379.696379	
5.298215	379.834532	379.853458	379.642546	379.705105	
5.308366	379.834532	379.853458	379.642546	379.713832	
5.318524	379.834532	379.853458	379.642546	379.713832	
5.32868	379.834532	379.853458	379.642546	379.705105	
5.338833	379.834532	379.853458	379.642546	379.696379	
5.34898	379.834532	379.853458	379.642546	379.678925	
5.359134	379.834532	379.853458	379.642546	379.661472	
5.369465	379.834532	379.853458	379.642546	379.644019	
5.379396	379.834532	379.853458	379.642546	379.626566	
5.389564	379.834532	379.853458	379.642546	379.609112	
5.399702	379.834532	379.853458	379.642546	379.582932	
5.409822	379.834532	379.853458	379.642546	379.574206	
5.420032	379.834532	379.853458	379.642546	379.565479	
5.430175	379.834532	379.853458	379.642546	379.565479	
5.440323	379.834532	379.853458	379.642546	379.574206	
5.450472	379.834532	379.853458	379.642546	379.582932	
5.460609	379.834532	379.853458	379.642546	379.600386	
5.470799	379.834532	379.853458	379.642546	379.617839	
5.481138	379.834532	379.853458	379.642546	379.644019	
5.491274	379.834532	379.853458	379.642546	379.670199	
5.501435	379.834532	379.853458	379.642546	379.687652	
5.51159	379.834532	379.853458	379.642546	379.705105	
5.521729	379.834532	379.853458	379.642546	379.713832	
5.531895	379.834532	379.853458	379.642546	379.722559	
5.543858	379.834532	379.853458	379.642546	379.713832	
5.553954	379.834532	379.853458	379.642546	379.713832	
5.564104	379.834532	379.853458	379.642546	379.696379	
5.574262	379.834532	379.853458	379.642546	379.678925	
5.584472	379.834532	379.853458	379.642546	379.670199	
5.594594	379.834532	379.853458	379.642546	379.644019	
5.604769	379.834532	379.853458	379.642546	379.626566	
5.61491	379.834532	379.853458	379.642546	379.600386	
5.625047	379.834532	379.853458	379.642546	379.574206	
5.635227	379.834532	379.853458	379.642546	379.565479	
5.645332	379.834532	379.853458	379.642546	379.565479	
5.655642	379.834532	379.853458	379.642546	379.565479	
5.665637	379.834532	379.853458	379.642546	379.574206	
5.675767	379.834532	379.853458	379.642546	379.591659	
5.686039	379.834532	379.853458	379.642546	379.609112	
5.696359	379.834532	379.853458	379.642546	379.626566	
5.70623	379.834532	379.853458	379.642546	379.644019	
5.71639	379.834532	379.853458	379.642546	379.670199	
5.726512	379.834532	379.853458	379.642546	379.696379	
5.736642	379.834532	379.853458	379.642546	379.713832	
5.759593	379.834532	379.853458	379.642546	379.722559	
5.771241	379.834532	379.853458	379.642546	379.713832	
