0.5507183	
0.5594219	
0.5695465	
0.5797041	
0.5898566	
0.6000252	
0.6102308	
0.6203893	
0.6304899	
0.650535	
0.6549488	
0.6650744	
0.675219	
0.6853715	
0.6954961	
0.7056697	
0.7157712	
0.7259248	
0.7360803	
0.7541106	
0.7584974	
0.7686079	
0.7788395	
0.7889401	
0.7990816	
0.8092252	
0.8194368	
0.8295493	
0.8396899	
0.8498545	
0.860016	
0.8701626	
0.8802871	
0.8904357	
0.9005943	
0.9107318	
0.9208724	
0.931063	
0.9411715	
0.9520421	
0.9621046	
0.9722782	
0.9823458	
0.9925393	
1.002774	
1.012817	
1.023164	
1.033092	
1.043308	
1.053407	
1.063563	
1.073699	
1.083814	
1.093988	
1.104114	
1.114247	
1.124391	
1.134524	
1.145097	
1.154962	
1.165021	
1.175141	
1.185596	
1.19545	
1.205592	
1.215725	
1.225841	
1.236058	
1.247694	
1.257544	
1.267626	
1.277763	
1.287947	
1.298105	
1.308353	
1.318373	
1.328511	
1.338799	
1.348843	
1.35899	
1.369151	
1.379283	
1.389468	
1.3996	
1.409767	
1.419931	
1.430046	
1.440242	
1.450363	
1.461311	
1.470641	
1.48077	
1.490958	
1.501094	
1.511238	
1.521371	
1.531528	
1.541715	
1.55184	
1.568513	39.7000187	39.6975138	39.8309184	39.8284135	
1.573136	39.7006726	39.6975138	39.8315723	39.8284135	
1.583315	39.7029053	39.6975138	39.833805	39.8284135	
1.593473	39.7057534	39.6975138	39.8366531	39.8371402	
1.603917	39.7093456	39.6975138	39.8402453	39.8371402	
1.613723	39.7132725	39.7062405	39.8441722	39.8371402	
1.62384	39.7179502	39.7062405	39.8488498	39.8371402	
1.634008	39.7232739	39.7062405	39.8541736	39.8458668	
1.644171	39.7292147	39.7062405	39.8601144	39.8458668	
1.654324	39.735768	39.7062405	39.8666677	39.8458668	
1.664442	39.7429136	39.7062405	39.8738133	39.8458668	
1.682626	39.7581726	39.7062405	39.8890723	39.8458668	
1.687234	39.7619772	39.7062405	39.8928769	39.8458668	
1.697411	39.7711768	39.7062405	39.9020765	39.8458668	
1.707524	39.7809292	39.7062405	39.9118289	39.8458668	
1.717663	39.7913275	39.7062405	39.9222272	39.8458668	
1.727862	39.8024089	39.7062405	39.9333086	39.8458668	
1.738005	39.8140484	39.7149671	39.9449481	39.8545935	
1.748196	39.8263677	39.7236938	39.9572674	39.8633201	
1.758331	39.8392327	39.7236938	39.9701324	39.8720468	
1.770605	39.8558057	39.7411471	39.9867054	39.8895001	
1.778763	39.867103	39.7586004	39.9980027	39.8982267	
1.788837	39.8817311	39.7760537	40.0126308	39.91568	
1.798992	39.8970979	39.7935069	40.0279976	39.9418599	
1.8091	39.9130084	39.8196869	40.0439081	39.9680399	
1.819326	39.9297392	39.8458668	40.0606389	39.9854932	
1.829442	39.9468958	39.8633201	40.0777955	40.0116731	
1.839596	39.9647255	39.8982267	40.0956252	40.037853	
1.849775	39.98324	39.9244066	40.1141396	40.0727596	
1.860127	40.0027099	39.9505866	40.1336096	40.0989396	
1.87028	40.0224139	39.9854932	40.1533136	40.1338461	
1.880453	40.042799	40.0116731	40.1736987	40.1600261	
1.890627	40.0637759	40.037853	40.1946756	40.1949327	
1.900751	40.0852777	40.0727596	40.2161774	40.2298393	
1.910901	40.1074491	40.0902129	40.2383488	40.2560192	
1.92101	40.1301542	40.1163929	40.2610539	40.2821991	
1.931248	40.1537751	40.1425728	40.2846748	40.3171057	
1.94134	40.1776633	40.1687527	40.308563	40.3432857	
1.95228	40.2043326	40.186206	40.3352323	40.3694656	
1.962283	40.2292571	40.212386	40.3601568	40.3956455	
1.971778	40.253436	40.2298393	40.3843357	40.4218255	
1.981997	40.2801267	40.2560192	40.4110264	40.4480054	
1.99218	40.3073418	40.2734725	40.4382415	40.4741854	
2.002417	40.3353317	40.2996524	40.4662314	40.5003653	
2.012558	40.3636674	40.3171057	40.4945671	40.5265452	
2.022686	40.3925963	40.334559	40.523496	40.5439985	
2.032848	40.4222283	40.360739	40.553128	40.5701785	
2.043043	40.452584	40.3869189	40.5834837	40.5963584	
2.053149	40.4832909	40.4043722	40.6141906	40.6138117	
2.063338	40.5148851	40.4305521	40.6457848	40.631265	
2.073848	40.5481314	40.4567321	40.6790311	40.6574449	
2.083668	40.5797661	40.4916386	40.7106658	40.6836249	
2.093765	40.6128898	40.5178186	40.7437895	40.7010782	
2.103906	40.6467826	40.5439985	40.7776823	40.7272581	
2.114137	40.6816174	40.5789051	40.8125171	40.753438	
2.124344	40.7169985	40.6138117	40.8478982	40.7883446	
2.13443	40.7525563	40.6487183	40.883456	40.8145246	
2.144574	40.788934	40.6836249	40.9198337	40.8494311	
2.154862	40.8264861	40.7272581	40.9573858	40.8930644	
2.164873	40.8635943	40.7708913	40.994494	40.927971	
2.175484	40.9036641	40.8057979	41.0345638	40.9716042	
2.185576	40.9423519	40.8494311	41.0732516	41.0152374	
2.195389	40.9805003	40.8930644	41.1114	41.050144	
2.205523	41.020555	40.927971	41.1514547	41.0937772	
2.215618	41.0610699	40.9716042	41.1919696	41.1461371	
2.225829	41.1026838	41.0152374	41.2335835	41.1897703	
2.235943	41.1444924	41.0588707	41.2753921	41.2421302	
2.246154	41.1873473	41.1025039	41.318247	41.2944901	
2.256329	41.2306671	41.1548638	41.3615668	41.3381233	
2.266384	41.2740746	41.1897703	41.4049743	41.3904832	
2.276864	41.320025	41.2421302	41.4509247	41.4428431	
2.287946	41.36933	41.2857635	41.5002297	41.5039296	
2.297794	41.4136798	41.3293967	41.5445795	41.5475628	
2.30791	41.4598821	41.3817566	41.5907817	41.5911961	
2.318025	41.5066795	41.4253898	41.6375792	41.643556	
2.328205	41.5544156	41.469023	41.6853153	41.6959158	
2.338367	41.6026865	41.5213829	41.7335862	41.7395491	
2.348564	41.651734	41.5737428	41.7826337	41.7919089	
2.358708	41.701147	41.617376	41.8320467	41.8355422	
2.368849	41.7511773	41.6697359	41.882077	41.887902	
2.379037	41.8020639	41.7133691	41.9329636	41.9402619	
2.390588	41.8606102	41.765729	41.9915099	41.9926218	
2.400377	41.9108663	41.8180889	42.041766	42.036255	
2.410548	41.9634292	41.8704488	42.0943288	42.0886149	
2.420687	42.0165772	41.9228086	42.1474769	42.1322481	
2.430793	42.0701905	41.9751685	42.2010902	42.184608	
2.440988	42.1249026	42.0275284	42.2558023	42.2369679	
2.451192	42.1802495	42.0973416	42.3111492	42.2806011	
2.461606	42.2374821	42.1497014	42.3683818	42.332961	
2.471402	42.2917567	42.2020613	42.4226564	42.3853209	
2.481577	42.3488391	42.2631478	42.4797388	42.4376808	
2.492815	42.4126777	42.3242344	42.5435774	42.4987673	
2.502985	42.471027	42.3853209	42.6019267	42.5511272	
2.513105	42.5296907	42.4464074	42.6605904	42.6209403	
2.523431	42.5918086	42.5074939	42.7227083	42.6820269	
2.533997	42.6528485	42.5685805	42.7837482	42.7431134	
2.54358	42.710093	42.629667	42.8409926	42.7954733	
2.553738	42.7715029	42.6907535	42.9024026	42.8652864	
2.563874	42.8333469	42.7605667	42.9642466	42.926373	
2.574002	42.8957696	42.8303798	43.0266693	42.9874595	
2.584144	42.9589087	42.900193	43.0898084	43.0572726	
2.595887	43.0329099	42.9787328	43.1638096	43.1358125	
2.605705	43.0952162	43.048546	43.2261159	43.196899	
2.615846	43.1602717	43.1183592	43.2911714	43.2579855	
2.625958	43.2257605	43.1794457	43.3566602	43.3277987	
2.645738	43.3567787	43.3277987	43.4876784	43.4586984	
2.650343	43.3871675	43.3539786	43.5180672	43.493605	
2.660574	43.4555491	43.4237918	43.5864488	43.5634181	
2.670697	43.5238001	43.493605	43.6546998	43.6332313	
2.680796	43.5925209	43.5634181	43.7234206	43.7030445	
2.691034	43.6628417	43.6332313	43.7937414	43.7728576	
2.701216	43.7333496	43.7117711	43.8642493	43.8426708	
2.711324	43.8039696	43.7815843	43.9348693	43.912484	
2.721467	43.8754452	43.8426708	44.0063449	43.9822972	
2.73159	43.9474226	43.912484	44.0783223	44.0521103	
2.741771	44.0204363	43.9822972	44.1513359	44.1219235	
2.75191	44.0937499	44.0521103	44.2246496	44.1917367	
2.762102	44.1680569	44.1306501	44.2989566	44.2702765	
2.772329	44.2432847	44.20919	44.3741844	44.3400896	
2.782605	44.3200489	44.2702765	44.4509486	44.4186295	
2.792545	44.3937709	44.3488163	44.5246706	44.4884426	
2.802856	44.4715083	44.4186295	44.602408	44.5669824	
2.812915	44.5479077	44.4971693	44.6788074	44.6455223	
2.823074	44.6256656	44.5757091	44.7565653	44.7153354	
2.8332	44.7038469	44.6455223	44.8347466	44.8026019	
2.843809	44.7864395	44.7240621	44.9173391	44.8811417	
2.853496	44.8623681	44.8026019	44.9932678	44.9596815	
2.863662	44.9426862	44.8811417	45.0735859	45.0294947	
2.873775	45.0232136	44.9596815	45.1541133	45.1167612	
2.883902	45.1044764	45.046948	45.2353761	45.195301	
2.894085	45.1867718	45.1342145	45.3176715	45.2738408	
2.912404	45.3376591	45.2738408	45.4685588	45.4309204	
2.917024	45.3752126	45.317474	45.5061123	45.465827	
2.927221	45.4596982	45.4047405	45.5905979	45.5530935	
2.937318	45.5439223	45.492007	45.674822	45.6403599	
2.947539	45.6298963	45.5705468	45.760796	45.7276264	
2.957998	45.7184157	45.6578132	45.8493154	45.8148929	
2.968157	45.8050901	45.7538063	45.9359898	45.9021593	
2.978269	45.8918981	45.8410728	46.0227978	45.9894258	
2.988457	45.9800358	45.9370659	46.1109355	46.0766923	
2.99858	46.0682243	46.0156057	46.199124	46.1639587	
3.008802	46.157914	46.1028722	46.2888137	46.2512252	
3.019023	46.2481507	46.1988653	46.3790504	46.3384916	
3.029092	46.3376925	46.2861318	46.4685922	46.4257581	
3.039205	46.4282676	46.3733982	46.5591673	46.5217512	
3.049383	46.5200394	46.4606647	46.6509391	46.6177443	
3.059554	46.6123871	46.5479312	46.7432868	46.7050108	
3.06971	46.705162	46.6351976	46.8360617	46.8010039	
3.079849	46.7984068	46.7224641	46.9293065	46.896997	
3.089996	46.8923897	46.8097305	47.0232894	46.9842635	
3.100182	46.9873578	46.896997	47.1182575	47.0802566	
3.118568	47.1612557	47.0715299	47.2921554	47.2547895	
3.123175	47.2047071	47.1064365	47.3356068	47.2984227	
3.133364	47.3016749	47.193703	47.4325746	47.3944158	
3.143474	47.3985109	47.2896961	47.5294106	47.4904089	
3.153959	47.4996884	47.3856892	47.6305881	47.5864021	
3.163735	47.594464	47.4729557	47.7253637	47.6823952	
3.17387	47.6934177	47.5776754	47.8243174	47.7871149	
3.184025	47.7931662	47.6649419	47.9240659	47.883108	
3.194203	47.8937928	47.7696616	48.0246925	47.9791011	
3.204397	47.9952118	47.8656547	48.1261115	48.0838209	
3.217075	48.1223857	47.9965544	48.2532854	48.2059939	
3.227249	48.2249093	48.0925475	48.355809	48.3107137	
3.237332	48.3271833	48.1972673	48.458083	48.4154335	
3.247462	48.4305923	48.301987	48.561492	48.5201532	
3.25768	48.5354564	48.4067068	48.6663561	48.624873	
3.267825	48.6402381	48.5201532	48.7711378	48.7295927	
3.27796	48.7454909	48.624873	48.8763906	48.8343125	
3.288119	48.8516127	48.7383194	48.9825124	48.9390322	
3.298301	48.9586397	48.8517658	49.0895394	49.043752	
3.311045	49.0936965	48.9652122	49.2245962	49.1571984	
3.318652	49.1745112	49.0786586	49.3054109	49.2706448	
3.328785	49.2827897	49.192105	49.4136894	49.3753645	
3.339015	49.3928114	49.3055514	49.5237111	49.4888109	
3.349054	49.5013345	49.4277244	49.6322342	49.6022573	
3.359255	49.6122932	49.5498975	49.7431929	49.7069771	
3.369409	49.7233472	49.6720705	49.8542469	49.8204235	
3.379528	49.8327728	49.7855169	49.9636725	49.9338699	
3.389727	49.9424625	49.90769	50.0733622	50.0473163	
3.399846	50.0506838	50.0211364	50.1815835	50.1607627	
3.412228	50.1821918	50.1433094	50.3130915	50.2654825	
3.420251	50.2669676	50.2654825	50.3978673	50.3789289	
3.4304	50.3736396	50.3789289	50.5045393	50.4923753	
3.440547	50.4796875	50.4923753	50.6105872	50.6058217	
3.45066	50.5847511	50.597095	50.7156508	50.7192681	
3.461216	50.6938938	50.7105414	50.8247935	50.8239878	
3.47098	50.7940669	50.8239878	50.9249666	50.9287076	
3.481098	50.8974084	50.9287076	51.0283081	51.042154	
3.491267	51.000552	51.0334273	51.1314517	51.1468737	
3.501377	51.1025604	51.1381471	51.2334601	51.2515935	
3.511548	51.2045562	51.2428668	51.3354559	51.3475866	
3.521785	51.3066173	51.3388599	51.437517	51.4523063	
3.531934	51.4071607	51.4348531	51.5380604	51.5570261	
3.542085	51.5070809	51.5308462	51.6379806	51.6617459	
3.552229	51.6063686	51.6268393	51.7372683	51.757739	
3.562632	51.7075478	51.7141057	51.8384475	51.8537321	
3.580483	51.8788041	51.8624587	52.0097038	52.028265	
3.58506	51.9227467	51.906092	52.0536464	52.0718982	
3.595273	52.0201087	51.9846318	52.1510084	52.1678913	
3.605315	52.1151801	52.0718982	52.2460798	52.2551578	
3.617399	52.2287497	52.1591647	52.3596494	52.3511509	
3.62588	52.3080396	52.2464312	52.4389393	52.4384174	
3.636799	52.4093517	52.3424243	52.5402514	52.5344105	
3.646311	52.4970992	52.4296907	52.6279989	52.6216769	
3.656421	52.5897392	52.5169572	52.7206389	52.7176701	
3.666842	52.6846467	52.6216769	52.8155464	52.8136632	
3.676962	52.7761328	52.7089434	52.9070325	52.9009296	
3.687175	52.8678907	52.7962099	52.9987904	52.9881961	
3.697293	52.9581714	52.9009296	53.0890711	53.0841892	
3.707433	53.0480187	52.9881961	53.1789184	53.1714557	
3.719918	53.1577476	53.0841892	53.2886473	53.2587221	
3.727821	53.2268034	53.1801823	53.3577031	53.3547152	
3.737985	53.315077	53.2761754	53.4459767	53.4419817	
3.748118	53.4023862	53.3721685	53.5332859	53.5292482	
3.758239	53.489035	53.459435	53.6199347	53.6165146	
3.768387	53.5755626	53.5467015	53.7064623	53.7037811	
3.778563	53.6611655	53.6339679	53.7920652	53.7910475	
3.788737	53.746414	53.7212344	53.8773137	53.8870407	
3.798878	53.8307678	53.8085008	53.9616675	53.9743071	
3.809008	53.9144455	53.8957673	54.0453452	54.0615736	
3.819222	53.9981539	53.9655805	54.1290536	54.1401134	
3.829598	54.0826106	54.0528469	54.2135103	54.2361065	
3.839704	54.1641919	54.1401134	54.2950916	54.3146463	
3.849943	54.2462927	54.2186532	54.3771924	54.4019128	
3.86001	54.3263706	54.297193	54.4572703	54.4891792	
3.870214	54.4069243	54.3757328	54.537824	54.5677191	
3.880473	54.4873169	54.4542727	54.6182166	54.6462589	
3.890495	54.5652327	54.5240858	54.6961324	54.7335253	
3.900709	54.6440013	54.6026256	54.774901	54.8033385	
3.910829	54.7214629	54.6811655	54.8523626	54.8818783	
3.920985	54.7986095	54.7509786	54.9295092	54.9604181	
3.931258	54.8760221	54.8295185	55.0069218	55.0302313	
3.941348	54.9513688	54.9080583	55.0822685	55.1087711	
3.95153	55.0268888	54.9778714	55.1577885	55.1785843	
3.961948	55.1034921	55.0564113	55.2343918	55.2483975	
3.971838	55.1755704	55.1349511	55.3064701	55.3269373	
3.982254	55.2509119	55.2047642	55.3818116	55.3967505	
3.992338	55.3231889	55.2833041	55.4540886	55.457837	
4.004214	55.4074602	55.3705705	55.5383599	55.5363768	
4.014308	55.4785232	55.4491103	55.6094229	55.60619	
4.024479	55.5495201	55.5189235	55.6804198	55.6760031	
4.042602	55.6736787	55.5974633	55.8045784	55.7981762	
4.047229	55.7053745	55.6934564	55.8362742	55.8243561	
4.05742	55.7745359	55.7632696	55.9054356	55.8941693	
4.067536	55.842598	55.8418094	55.9734977	55.9552558	
4.077735	55.9105536	55.9203492	56.0414533	56.025069	
4.087878	55.9775422	55.9901624	56.1084419	56.0948822	
4.09807	56.0442514	56.0599756	56.1751511	56.1646953	
4.10821	56.110007	56.1297887	56.2409067	56.2345085	
4.118323	56.1749835	56.1996019	56.3058832	56.295595	
4.130143	56.2501227	56.2694151	56.3810224	56.3654082	
4.138702	56.3040596	56.3305016	56.4349593	56.4352214	
4.14883	56.3672742	56.3915881	56.4981739	56.5050345	
4.159006	56.4302305	56.443948	56.5611302	56.5661211	
4.169135	56.4922545	56.5050345	56.6231542	56.6359342	
4.179353	56.5542282	56.5661211	56.6851279	56.6970208	
4.189464	56.6149344	56.6184809	56.7458341	56.7581073	
4.199596	56.6751658	56.6708408	56.8060655	56.8279204	
4.209804	56.7352372	56.7232007	56.8661369	56.889007	
4.219899	56.7940223	56.7842872	56.924922	56.9500935	
4.232768	56.8679791	56.8366471	56.9988788	57.0024534	
4.240482	56.9119727	56.8977336	57.0428724	57.0635399	
4.250594	56.9690253	56.9500935	57.099925	57.1246264	
4.260972	57.0270075	57.0024534	57.1579072	57.1769863	
4.270927	57.0819577	57.0548132	57.2128574	57.2293462	
4.281033	57.1371795	57.1071731	57.2680792	57.2817061	
4.291269	57.1924848	57.1682596	57.3233845	57.3427926	
4.301379	57.2465108	57.2206195	57.3774105	57.3864258	
4.311548	57.3002674	57.2817061	57.431167	57.4387857	
4.32171	57.3533322	57.3340659	57.4842319	57.4911456	
4.33181	57.4055156	57.3864258	57.5364153	57.5435054	
4.342465	57.4598745	57.4387857	57.5907742	57.5958653	
4.352612	57.5110216	57.4911456	57.6419213	57.6482252	
4.362844	57.5620331	57.5435054	57.6929328	57.7005851	
4.372901	57.6115049	57.5958653	57.7424046	57.7442183	
4.382988	57.6605932	57.6482252	57.7914929	57.7965782	
4.393171	57.7095214	57.7005851	57.8404211	57.8402114	
4.403864	57.7602067	57.7442183	57.8911064	57.8838446	
4.41358	57.805721	57.7965782	57.9366207	57.9362045	
4.423638	57.8522202	57.8402114	57.9831198	57.9798378	
4.434102	57.8999873	57.8925713	58.030887	58.0321976	
4.444021	57.944688	57.9362045	58.0755877	58.0758309	
4.454119	57.9895656	57.9798378	58.1204653	58.1194641	
4.464349	58.0344646	58.023471	58.1653643	58.171824	
4.474441	58.078118	58.0671042	58.2090177	58.2154572	
4.492924	58.1556501	58.1107374	58.2865498	58.293997	
4.497484	58.1748156	58.1543707	58.3057153	58.320177	
4.507677	58.2169528	58.2067306	58.3478525	58.3638102	
4.517821	58.2582668	58.2416371	58.3891664	58.4074434	
4.527953	58.2989321	58.2765437	58.4298318	58.4510766	
4.540348	58.3477357	58.320177	58.4786353	58.4947099	
4.54848	58.3794222	58.3638102	58.5103219	58.5383431	
4.558527	58.4179472	58.3987168	58.5488469	58.5732497	
4.568709	58.4564035	58.44235	58.5873032	58.6168829	
4.578863	58.4941387	58.4772566	58.6250384	58.6517895	
4.589031	58.5313264	58.5121632	58.6622261	58.6954227	
4.599197	58.5679152	58.5470698	58.6988149	58.7303293	
4.609345	58.6038121	58.590703	58.7347118	58.7652359	
4.619537	58.6392831	58.6256096	58.7701828	58.8001425	
4.629606	58.6737264	58.6517895	58.8046261	58.8350491	
4.650931	58.7433857	58.7216027	58.8742854	58.9048623	
4.655566	58.7585722	58.739056	58.8894719	58.9223155	
4.665764	58.7913285	58.7739626	58.9222282	58.9484955	
4.675855	58.8231419	58.8001425	58.9540416	58.9834021	
4.685959	58.8544141	58.8350491	58.9853138	59.009582	
4.704462	58.9093434	58.887409	59.0402431	59.0619419	
4.709141	58.9231531	58.9048623	59.0540528	59.0706685	
4.719246	58.9524763	58.9223155	59.083376	59.0968485	
4.729434	58.9814454	58.9572221	59.1123451	59.1317551	
4.739577	59.0096978	58.9834021	59.1405975	59.157935	
4.751974	59.0432596	59.0183087	59.1741593	59.1841149	
4.762566	59.071343	59.0444886	59.2022427	59.2190215	
4.772708	59.0976611	59.0706685	59.2285608	59.2364748	
4.78303	59.1238246	59.0968485	59.2547243	59.2713814	
4.792987	59.1485008	59.1230284	59.2794005	59.2888347	
4.8033	59.1734451	59.1492084	59.3043448	59.3150146	
4.813362	59.1972086	59.1753883	59.3281083	59.3411946	
4.823465	59.2204875	59.2015682	59.3513872	59.3673745	
4.833633	59.2433226	59.2277482	59.3742223	59.3935544	
4.844031	59.2660582	59.2539281	59.3969579	59.4110077	
4.856039	59.2914424	59.2713814	59.4223421	59.4371877	
4.865949	59.3118709	59.2975613	59.4427706	59.4633676	
4.876036	59.3321051	59.3150146	59.4630048	59.4808209	
4.886365	59.3522155	59.3324679	59.4831152	59.4982742	
4.896787	59.3718761	59.3586479	59.5027758	59.5244541	
4.906699	59.390037	59.3673745	59.5209367	59.5419074	
4.916837	59.408033	59.3848278	59.5389327	59.5593607	
4.927023	59.4255336	59.3935544	59.5564333	59.5855407	
4.937139	59.4423364	59.4110077	59.5732361	59.602994	
4.947353	59.4587255	59.428461	59.5896252	59.6204472	
4.959515	59.4773492	59.4371877	59.6082489	59.6379005	
4.96862	59.4909462	59.4459143	59.6218459	59.6553538	
4.978754	59.5053818	59.4633676	59.6362815	59.6640805	
4.988887	59.5192996	59.4808209	59.6501993	59.6815338	
4.999035	59.532676	59.4895476	59.6635757	59.6902604	
5.009225	59.5455367	59.4982742	59.6764364	59.7077137	
5.019425	59.5578379	59.5070008	59.6887376	59.725167	
5.029532	59.5694717	59.5157275	59.7003714	59.7338936	
5.039668	59.580585	59.5331808	59.7114847	59.7426203	
5.049837	59.5911764	59.5419074	59.7220761	59.7426203	
5.061461	59.6025196	59.5506341	59.7334193	59.7513469	
5.071217	59.6115727	59.5680874	59.7424724	59.7513469	
5.081372	59.6204474	59.5680874	59.7513471	59.7600736	
5.091563	59.6288048	59.576814	59.7597045	59.7688002	
5.101677	59.6365721	59.5855407	59.7674718	59.7775269	
5.111841	59.6438434	59.5942673	59.774743	59.7775269	
5.121953	59.6505556	59.602994	59.7814553	59.7862535	
5.132092	59.6567684	59.602994	59.7876681	59.7949802	
5.142304	59.6625053	59.6117206	59.793405	59.7949802	
5.152592	59.6678111	59.6117206	59.7987108	59.7949802	
5.16396	59.6729317	59.6204472	59.8038314	59.8037068	
5.173767	59.6769737	59.6204472	59.8078734	59.8124335	
5.18392	59.6806802	59.6204472	59.8115799	59.8124335	
5.19407	59.6839301	59.6204472	59.8148298	59.8211601	
5.204234	59.6867464	59.6204472	59.8176461	59.8211601	
5.214364	59.6891355	59.6291739	59.8200352	59.8298868	
5.224509	59.691139	59.6291739	59.8220387	59.8298868	
5.234747	59.6927759	59.6379005	59.8236756	59.8298868	
5.244861	59.6975138	59.6379005	59.8284135	59.8211601	
5.255304	59.6975138	59.6379005	59.8284135	59.8124335	
5.274413	59.6975138	59.6379005	59.8284135	59.8037068	
5.279042	59.6975138	59.6379005	59.8284135	59.8037068	
5.289187	59.6975138	59.6379005	59.8284135	59.8037068	
5.299339	59.6975138	59.6379005	59.8284135	59.7949802	
5.309543	59.6975138	59.6379005	59.8284135	59.8037068	
5.319631	59.6975138	59.6379005	59.8284135	59.8037068	
5.329858	59.6975138	59.6379005	59.8284135	59.8037068	
5.339973	59.6975138	59.6379005	59.8284135	59.8124335	
5.35009	59.6975138	59.6379005	59.8284135	59.8124335	
5.360282	59.6975138	59.6379005	59.8284135	59.8211601	
5.370712	59.6975138	59.6379005	59.8284135	59.8211601	
5.380849	59.6975138	59.6379005	59.8284135	59.8298868	
5.390997	59.6975138	59.6379005	59.8284135	59.8298868	
5.401163	59.6975138	59.6379005	59.8284135	59.8298868	
5.411372	59.6975138	59.6379005	59.8284135	59.8298868	
5.421534	59.6975138	59.6379005	59.8284135	59.8298868	
5.431673	59.6975138	59.6379005	59.8284135	59.8298868	
5.441857	59.6975138	59.6379005	59.8284135	59.8211601	
5.451963	59.6975138	59.6379005	59.8284135	59.8211601	
5.462086	59.6975138	59.6379005	59.8284135	59.8211601	
5.473398	59.6975138	59.6379005	59.8284135	59.8211601	
5.48337	59.6975138	59.6379005	59.8284135	59.8211601	
5.49341	59.6975138	59.6379005	59.8284135	59.8211601	
5.503452	59.6975138	59.6379005	59.8284135	59.8211601	
5.513985	59.6975138	59.6379005	59.8284135	59.8211601	
5.523772	59.6975138	59.6379005	59.8284135	59.8211601	
5.534031	59.6975138	59.6379005	59.8284135	59.8211601	
5.544073	59.6975138	59.6379005	59.8284135	59.8211601	
5.554206	59.6975138	59.6379005	59.8284135	59.8211601	
5.564358	59.6975138	59.6379005	59.8284135	59.8211601	
5.574666	59.6975138	59.6379005	59.8284135	59.8211601	
5.58477	59.6975138	59.6379005	59.8284135	59.8211601	
5.59489	59.6975138	59.6379005	59.8284135	59.8211601	
5.605025	59.6975138	59.6379005	59.8284135	59.8211601	
5.615491	59.6975138	59.6379005	59.8284135	59.8211601	
5.625255	59.6975138	59.6379005	59.8284135	59.8211601	
5.635469	59.6975138	59.6379005	59.8284135	59.8211601	
5.645614	59.6975138	59.6379005	59.8284135	59.8211601	
5.655711	59.6975138	59.6379005	59.8284135	59.8211601	
5.665912	59.6975138	59.6379005	59.8284135	59.8211601	
5.676908	59.6975138	59.6379005	59.8284135	59.8211601	
5.686686	59.6975138	59.6379005	59.8284135	59.8211601	
5.696802	59.6975138	59.6379005	59.8284135	59.8211601	
5.706948	59.6975138	59.6379005	59.8284135	59.8211601	
5.717092	59.6975138	59.6379005	59.8284135	59.8211601	
5.727296	59.6975138	59.6379005	59.8284135	59.8211601	
5.73743	59.6975138	59.6379005	59.8284135	59.8211601	
5.747639	59.6975138	59.6379005	59.8284135	59.8211601	
5.757707	59.6975138	59.6379005	59.8284135	59.8211601	
5.767874	59.6975138	59.6379005	59.8284135	59.8211601	
5.77916	59.6975138	59.6379005	59.8284135	59.8211601	
5.789237	59.6975138	59.6379005	59.8284135	59.8211601	
5.799381	59.6975138	59.6379005	59.8284135	59.8211601	
5.809555	59.6975138	59.6379005	59.8284135	59.8211601	
5.819704	59.6975138	59.6379005	59.8284135	59.8211601	
5.829879	59.6975138	59.6379005	59.8284135	59.8211601	
5.84002	59.6975138	59.6379005	59.8284135	59.8211601	
5.85019	59.6975138	59.6379005	59.8284135	59.8211601	
5.860347	59.6975138	59.6379005	59.8284135	59.8211601	
5.870468	59.6975138	59.6379005	59.8284135	59.8211601	
5.881979	59.6975138	59.6379005	59.8284135	59.8211601	
5.891799	59.6975138	59.6379005	59.8284135	59.8211601	
5.901993	59.6975138	59.6379005	59.8284135	59.8211601	
5.912189	59.6975138	59.6379005	59.8284135	59.8211601	
5.922588	59.6975138	59.6379005	59.8284135	59.8211601	
5.932477	59.6975138	59.6379005	59.8284135	59.8211601	
5.942583	59.6975138	59.6379005	59.8284135	59.8211601	
5.952708	59.6975138	59.6379005	59.8284135	59.8211601	
5.96289	59.6975138	59.6379005	59.8284135	59.8211601	
5.973064	59.6975138	59.6379005	59.8284135	59.8211601	
5.984484	59.6975138	59.6379005	59.8284135	59.8211601	
5.994317	59.6975138	59.6379005	59.8284135	59.8211601	
6.004481	59.6975138	59.6379005	59.8284135	59.8211601	
6.014638	59.6975138	59.6379005	59.8284135	59.8211601	
6.033056	59.6975138	59.6379005	59.8284135	59.8211601	
6.045711	59.6975138	59.6379005	59.8284135	59.8211601	
6.050295	59.6975138	59.6379005	59.8284135	59.8211601	
6.060457	59.6975138	59.6379005	59.8284135	59.8211601	
6.070576	59.6975138	59.6379005	59.8284135	59.8211601	
6.08275	59.6975138	59.6379005	59.8284135	59.8211601	
6.090998	59.6975138	59.6379005	59.8284135	59.8211601	
6.101147	59.6975138	59.6379005	59.8284135	59.8211601	
6.111273	59.6975138	59.6379005	59.8284135	59.8211601	
6.121373	59.6975138	59.6379005	59.8284135	59.8211601	
6.131528	59.6975138	59.6379005	59.8284135	59.8211601	
6.141742	59.6975138	59.6379005	59.8284135	59.8211601	
6.151874	59.6975138	59.6379005	59.8284135	59.8211601	
6.16204	59.6975138	59.6379005	59.8284135	59.8211601	
6.172103	59.6975138	59.6379005	59.8284135	59.8211601	
6.182529	59.6975138	59.6379005	59.8284135	59.8211601	
6.192533	59.6975138	59.6379005	59.8284135	59.8211601	
6.202671	59.6975138	59.6379005	59.8284135	59.8211601	
6.212876	59.6975138	59.6379005	59.8284135	59.8211601	
6.223005	59.6975138	59.6379005	59.8284135	59.8211601	
6.233087	59.6975138	59.6379005	59.8284135	59.8211601	
6.2434	59.6975138	59.6379005	59.8284135	59.8211601	
6.253439	59.6975138	59.6379005	59.8284135	59.8211601	
6.26359	59.6975138	59.6379005	59.8284135	59.8211601	
6.2737	59.6975138	59.6379005	59.8284135	59.8211601	
6.284058	59.6975138	59.6379005	59.8284135	59.8211601	
6.294088	59.6975138	59.6379005	59.8284135	59.8211601	
6.304197	59.6975138	59.6379005	59.8284135	59.8211601	
6.31437	59.6975138	59.6379005	59.8284135	59.8211601	
6.324466	59.6975138	59.6379005	59.8284135	59.8211601	
6.342973	59.6975138	59.6379005	59.8284135	59.8211601	
6.347589	59.6975138	59.6379005	59.8284135	59.8211601	
6.357729	59.6975138	59.6379005	59.8284135	59.8211601	
6.367879	59.6975138	59.6379005	59.8284135	59.8211601	
6.378042	59.6975138	59.6379005	59.8284135	59.8211601	
6.390343	59.6975138	59.6379005	59.8284135	59.8211601	
6.398411	59.6975138	59.6379005	59.8284135	59.8211601	
6.443735	59.6975138	59.6379005	59.8284135	59.8211601	
6.45052	59.6975138	59.6379005	59.8284135	59.8211601	
