0.04237214	
0.04981682	
0.06186529	
0.06992594	
0.0800415	
0.09017005	
0.1003116	
0.1104962	
0.1206217	
0.1308023	
0.1409408	
0.1510514	
0.1612409	
0.1713545	
0.1815801	
0.1916906	
0.2018372	
0.2120447	
0.2221043	
0.2323068	
0.2424374	
0.2525969	
0.2627265	
0.2728441	
0.2830426	
0.2934112	
0.3035137	
0.3136393	
0.3238658	
0.3339314	
0.3440679	
0.3542145	
0.3644071	
0.3744846	
0.3846592	
0.3948017	
0.4052633	
0.4161118	
0.4251454	
0.4367699	
0.4545821	
0.4589379	
0.4690785	
0.479233	
0.4896966	
0.4995521	
0.5096957	
0.5198333	
0.5299578	
0.5401834	
0.5502819	
0.5603905	
0.570612	
0.5807056	
0.5908641	
0.6010497	
0.6115062	
0.6214388	
0.6315534	
0.6416929	
0.6518965	
0.661988	
0.6721376	
0.6822721	
0.6924297	
0.7026083	
0.7127308	
0.7228784	
0.7330429	
0.7432505	
0.753407	
0.7658765	
0.7736931	
0.7838117	
0.7939073	
0.8042578	
0.8142454	
0.8244109	
0.8345545	
0.844636	
0.8550836	
0.8649362	
0.8750477	
0.8852643	
0.8956068	
0.9054794	
0.9156029	
0.9280854	
0.935946	
0.9461026	
0.9562182	
0.9663167	
0.9766963	
0.9868138	
0.9969634	
1.0071	
1.017309	
1.027832	
1.037836	
1.047993	
1.058125	
1.068305	
1.078401	
1.08854	
1.098761	
1.108887	
1.119054	
1.129164	
1.139336	
1.149475	
1.159665	
1.169766	
1.185075	361.939766	361.937654	363.292396	363.290284	
1.195174	361.941609	361.937654	363.294239	363.290284	
1.205376	361.944102	361.94638	363.296732	363.290284	
1.21542	361.947155	361.94638	363.299785	363.290284	
1.225619	361.950888	361.94638	363.303518	363.290284	
1.235888	361.955276	361.955107	363.307906	363.29901	
1.245914	361.960159	361.963834	363.312789	363.307737	
1.256059	361.965719	361.981287	363.318349	363.307737	
1.266159	361.971867	361.981287	363.324497	363.316464	
1.276578	361.978873	361.99874	363.331503	363.32519	
1.287866	361.987256	362.007467	363.339886	363.333917	
1.298035	361.995392	362.016193	363.348022	363.342644	
1.308258	362.004199	362.016193	363.356829	363.342644	
1.318336	362.013485	362.007467	363.366115	363.360097	
1.328483	362.023461	362.007467	363.376091	363.368824	
1.338698	362.034125	362.016193	363.386755	363.37755	
1.348846	362.045336	362.016193	363.397967	363.37755	
1.35965	362.058	362.033647	363.41063	363.386277	
1.369763	362.070441	362.033647	363.423071	363.395004	
1.379958	362.083607	362.0511	363.436238	363.412457	
1.390548	362.097978	362.068553	363.450608	363.421183	
1.400704	362.112357	362.07728	363.464988	363.42991	
1.410837	362.127322	362.086007	363.479952	363.447363	
1.420945	362.142858	362.10346	363.495488	363.45609	
1.431149	362.159176	362.120913	363.511806	363.473543	
1.441359	362.176186	362.138366	363.528817	363.48227	
1.45151	362.1936	362.15582	363.54623	363.50845	
1.461655	362.211668	362.173273	363.564299	363.525903	
1.471782	362.230325	362.190726	363.582955	363.543357	
1.481919	362.249631	362.20818	363.602261	363.569536	
1.493262	362.272038	362.23436	363.624668	363.595716	
1.503387	362.292607	362.26054	363.645237	363.621896	
1.513491	362.313752	362.277993	363.666382	363.648076	
1.523659	362.335646	362.304173	363.688276	363.674256	
1.541804	362.377145	362.330353	363.729775	363.717889	
1.546365	362.387516	362.365259	363.740146	363.726616	
1.556504	362.411344	362.391439	363.763974	363.761523	
1.566654	362.435821	362.417619	363.788451	363.787703	
1.576751	362.460785	362.452526	363.813415	363.813883	
1.586937	362.4866	362.478706	363.839231	363.840063	
1.597469	362.513982	362.504886	363.866613	363.866242	
1.60733	362.540131	362.539792	363.892761	363.901149	
1.617489	362.56774	362.565972	363.92037	363.936056	
1.627574	362.595735	362.592152	363.948366	363.962236	
1.637912	362.625106	362.618332	363.977736	363.997142	
1.647997	362.654334	362.644512	364.006964	364.023322	
1.658209	362.684593	362.670692	364.037223	364.049502	
1.66835	362.715226	362.696872	364.067856	364.075682	
1.678467	362.746409	362.714325	364.09904	364.110589	
1.688645	362.77842	362.749232	364.13105	364.136768	
1.698871	362.811201	362.775412	364.163831	364.162948	
1.70906	362.844475	362.810318	364.197105	364.197855	
1.719184	362.878143	362.836498	364.230773	364.224035	
1.729388	362.912853	362.871405	364.265484	364.250215	
1.739472	362.947492	362.906311	364.300122	364.285121	
1.749679	362.983338	362.941218	364.335968	364.320028	
1.759799	363.019457	362.976125	364.372088	364.354935	
1.769947	363.056314	363.011031	364.408944	364.389841	
1.78016	363.094038	363.045938	364.446668	364.424748	
1.790225	363.131793	363.089571	364.484423	364.468381	
1.801118	363.173444	363.133204	364.526074	364.512014	
1.811288	363.212892	363.176837	364.565522	364.546921	
1.821501	363.25313	363.220471	364.60576	364.599281	
1.831605	363.293552	363.272831	364.646182	364.634187	
1.841709	363.334602	363.316464	364.687232	364.686547	
1.852018	363.377138	363.360097	364.729768	364.73018	
1.862069	363.419187	363.412457	364.771817	364.773814	
1.872191	363.462146	363.464817	364.814776	364.826174	
1.882324	363.505776	363.50845	364.858406	364.869807	
1.892477	363.550116	363.552083	364.902746	364.91344	
1.903801	363.600388	363.604443	364.953018	364.974527	
1.913958	363.64605	363.656803	364.99868	365.01816	
1.924098	363.692238	363.709163	365.044869	365.07052	
1.934214	363.738944	363.752796	365.091575	365.114153	
1.94485	363.788756	363.796429	365.141387	365.157786	
1.954628	363.83508	363.840063	365.18771	365.210146	
1.964712	363.883488	363.883696	365.236118	365.253779	
1.975043	363.933734	363.936056	365.286364	365.297412	
1.984978	363.982605	363.970962	365.335235	365.341046	
1.995141	364.03326	364.023322	365.38589	365.384679	
2.006697	364.091701	364.075682	365.444331	365.437039	
2.016848	364.143577	364.128042	365.496207	365.489399	
2.026993	364.196065	364.171675	365.548695	365.533032	
2.037148	364.249219	364.215308	365.601849	365.585392	
2.055536	364.348003	364.320028	365.700633	365.681385	
2.060115	364.372479	364.337481	365.725109	365.698838	
2.070246	364.427545	364.389841	365.780176	365.751198	
2.080364	364.483117	364.450928	365.835747	365.812285	
2.090525	364.539561	364.512014	365.892191	365.873371	
2.100664	364.596529	364.564374	365.949159	365.925731	
2.11103	364.655411	364.634187	366.008042	365.995544	
2.121026	364.712718	364.695274	366.065348	366.056631	
2.131234	364.771913	364.75636	366.124543	366.117717	
2.141454	364.83181	364.826174	366.18444	366.18753	
2.151504	364.891306	364.895987	366.243936	366.248617	
2.161715	364.952434	364.957073	366.305064	366.309703	
2.171862	365.013722	365.026886	366.366352	366.379517	
2.182003	365.075627	365.087973	366.428257	366.44933	
2.19214	365.138112	365.157786	366.490742	366.519143	
2.202256	365.201081	365.218873	366.553711	366.580229	
2.212516	365.265614	365.279959	366.618244	366.650043	
2.222679	365.330122	365.349772	366.682752	366.719856	
2.232809	365.395049	365.402132	366.747679	366.780942	
2.242967	365.460755	365.471945	366.813385	366.842029	
2.25306	365.526669	365.533032	366.879299	366.911842	
2.263298	365.594184	365.594118	366.946814	366.972929	
2.273446	365.661876	365.646478	367.014506	367.034015	
2.28358	365.729707	365.716291	367.082337	367.095102	
2.29376	365.798651	365.786105	367.151281	367.156188	
2.303824	365.867482	365.847191	367.220112	367.217275	
2.314664	365.942285	365.925731	367.294915	367.287088	
2.324768	366.012599	365.986817	367.365229	367.356901	
2.334891	366.083645	366.056631	367.436275	367.426714	
2.345005	366.155285	366.126444	367.507915	367.487801	
2.35517	366.227907	366.204984	367.580537	367.557614	
2.36541	366.301697	366.274797	367.654327	367.636154	
2.375479	366.374821	366.353337	367.727451	367.705967	
2.385596	366.448947	366.431876	367.801577	367.77578	
2.404864	366.592879	366.50169	367.945509	367.924133	
2.409419	366.626761	366.615136	367.979391	367.95904	
2.429788	366.782061	366.780942	368.134691	368.124846	
2.434375	366.81689	366.824576	368.16952	368.159752	
2.444519	366.894778	366.911842	368.247408	368.247019	
2.454943	366.975484	366.999108	368.328115	368.334285	
2.464769	367.052099	367.077648	368.404729	368.412825	
2.475144	367.133737	367.164915	368.486367	368.500092	
2.485081	367.212431	367.252181	368.565062	368.587358	
2.495205	367.293235	367.330721	368.645866	368.674625	
2.505387	367.375183	367.409261	368.727813	368.753164	
2.517251	367.471542	367.487801	368.824172	368.840431	
2.525795	367.54126	367.56634	368.89389	368.927697	
2.535874	367.624146	367.636154	368.976776	369.014964	
2.546039	367.708387	367.714693	369.061017	369.093504	
2.556148	367.792783	367.793233	369.145413	369.172043	
2.566499	367.879876	367.863046	369.232506	369.25931	
2.576442	367.964109	367.941586	369.316739	369.33785	
2.586661	368.051238	368.020126	369.403868	369.416389	
2.596733	368.137811	368.089939	369.490442	369.494929	
2.606852	368.225344	368.177206	369.577974	369.573469	
2.619719	368.337877	368.264472	369.690507	369.660736	
2.629203	368.421142	368.369192	369.773773	369.756729	
2.645208	368.56358	368.508818	369.91621	369.887628	
2.649693	368.60343	368.543725	369.95606	369.922535	
2.65986	368.694666	368.648445	370.047296	370.009801	
2.67003	368.786504	368.735711	370.139134	370.097068	
2.680167	368.878669	368.840431	370.231299	370.193061	
2.690367	368.972079	368.927697	370.324709	370.289054	
2.700524	369.065648	369.032417	370.418278	370.385047	
2.710642	369.159499	369.12841	370.512129	370.48104	
2.722583	369.271255	369.23313	370.623885	370.577033	
2.731315	369.353269	369.329123	370.705899	370.681753	
2.741349	369.448139	369.425116	370.800769	370.786473	
2.751463	369.54441	369.521109	370.89704	370.891193	
2.761583	369.641392	369.625829	370.994022	370.995912	
2.771789	369.739816	369.730549	371.092446	371.100632	
2.781926	369.838169	369.835268	371.190799	371.205352	
2.792093	369.937444	369.939988	371.290075	371.318798	
2.802239	370.037162	370.044708	371.389792	371.423518	
2.812381	370.137417	370.149428	371.490047	371.528238	
2.82517	370.265004	370.254148	371.617634	371.632958	
2.832707	370.340326	370.358867	371.692956	371.728951	
2.842829	370.442191	370.463587	371.794822	371.824944	
2.852977	370.544998	370.568307	371.897628	371.929664	
2.863124	370.648443	370.673027	372.001073	372.034383	
2.873656	370.757256	370.777746	372.109886	372.130376	
2.883412	370.857035	370.873739	372.209665	372.22637	
2.894252	370.969674	370.978459	372.322304	372.331089	
2.903724	371.068351	371.074452	372.420981	372.427082	
2.913861	371.174739	371.179172	372.527369	372.523076	
2.926403	371.307487	371.275165	372.660117	372.627795	
2.934206	371.390246	371.371158	372.742876	372.732515	
2.944378	371.498822	371.475878	372.851452	372.837235	
2.954505	371.607563	371.580598	372.960193	372.933228	
2.964619	371.716833	371.685318	373.069463	373.046674	
2.975033	371.829959	371.798764	373.182589	373.151394	
2.984938	371.938074	371.91221	373.290704	373.256114	
2.995181	372.048719	372.01693	373.401349	373.360834	
3.005235	372.156665	372.130376	373.509295	373.47428	
3.015344	372.264637	372.243823	373.617267	373.587726	
3.025511	372.373013	372.357269	373.725644	373.709899	
3.035788	372.481181	372.470716	373.833811	373.823346	
3.045878	372.587123	372.592889	373.939753	373.945519	
3.056063	372.693414	372.706335	374.046044	374.058965	
3.066541	372.806452	372.819782	374.159082	374.181138	
3.076604	372.905999	372.941955	374.258629	374.303311	
3.086438	373.006835	373.055401	374.359465	374.408031	
3.096562	373.110102	373.168847	374.462732	374.530204	
3.106823	373.214158	373.282294	374.566788	374.634924	
3.11688	373.315492	373.387014	374.668123	374.74837	
3.127054	373.417449	373.491733	374.770079	374.85309	
3.137324	373.51971	373.587726	374.87234	374.95781	
3.147411	373.61958	373.692446	374.97221	375.06253	
3.15763	373.720037	373.779713	375.072667	375.158523	
3.167715	373.818645	373.875706	375.171276	375.254516	
3.177926	373.917884	373.954246	375.270514	375.341782	
3.188144	374.016552	374.041512	375.369182	375.437775	
3.198229	374.113328	374.128778	375.465958	375.525042	
3.208431	374.210636	374.216045	375.563266	375.603582	
3.218605	374.307026	374.303311	375.659657	375.690848	
3.228731	374.402375	374.381851	375.755006	375.769388	
3.238951	374.498025	374.469118	375.850656	375.856654	
3.249147	374.59279	374.547657	375.94542	375.943921	
3.259282	374.68639	374.643651	376.03902	376.022461	
3.269522	374.780309	374.739644	376.132939	376.101001	
3.279552	374.87173	374.82691	376.22436	376.188267	
3.289745	374.964063	374.914177	376.316693	376.275533	
3.299943	375.055762	375.01017	376.408392	376.3628	
3.3101	375.146563	375.106163	376.499193	376.450066	
3.320235	375.236455	375.210883	376.589085	376.537333	
3.330339	375.325521	375.306876	376.678151	376.633326	
3.341594	375.42398	375.411595	376.776611	376.738046	
3.351667	375.511521	375.516315	376.864151	376.834039	
3.361822	375.599118	375.612308	376.951748	376.930032	
3.371976	375.686106	375.699575	377.038736	377.026025	
3.382063	375.771946	375.795568	377.124576	377.130745	
3.392214	375.857694	375.891561	377.210324	377.226738	
3.402413	375.943306	375.978827	377.295936	377.331458	
3.412729	376.029183	376.074821	377.381813	377.427451	
3.422669	376.111374	376.162087	377.464004	377.514717	
3.432812	376.194621	376.249353	377.547251	377.61071	
3.444232	376.287593	376.345347	377.640223	377.706703	
3.454379	376.369572	376.432613	377.722202	377.79397	
3.46446	376.450427	376.511153	377.803057	377.87251	
3.474806	376.532831	376.589693	377.885461	377.95105	
3.484982	376.613204	376.659506	377.965834	378.029589	
3.494901	376.690965	376.738046	378.043595	378.099403	
3.505032	376.769793	376.807859	378.122423	378.169216	
3.515179	376.84819	376.877672	378.20082	378.230302	
3.525324	376.925911	376.947485	378.278541	378.300115	
3.535467	377.003039	377.008572	378.35567	378.361202	
3.546876	377.088967	377.087112	378.441597	378.439742	
3.556975	377.164472	377.156925	378.517103	378.500828	
3.567111	377.239611	377.226738	378.592241	378.561915	
3.577258	377.314266	377.296551	378.666897	378.631728	
3.587798	377.391131	377.375091	378.743761	378.701541	
3.597841	377.46377	377.444904	378.8164	378.771354	
3.608003	377.536685	377.514717	378.889315	378.849894	
3.618202	377.609273	377.593257	378.961903	378.928434	
3.628355	377.680877	377.671797	379.033508	379.006974	
3.638512	377.751916	377.74161	379.104546	379.085514	
3.649512	377.828159	377.828876	379.180789	379.164053	
3.659672	377.897924	377.907416	379.250555	379.242593	
3.669789	377.96682	377.985956	379.31945	379.321133	
3.679939	378.035346	378.064496	379.387976	379.399673	
3.690062	378.103067	378.143036	379.455697	379.478213	
3.700304	378.171008	378.212849	379.523639	379.556752	
3.710411	378.237392	378.282662	379.590022	379.635292	
3.720563	378.303502	378.352475	379.656133	379.705105	
3.73091	378.370253	378.422288	379.722883	379.774919	
3.740874	378.433934	378.492102	379.786564	379.844732	
3.75223	378.50574	378.561915	379.85837	379.923272	
3.762381	378.569345	378.623001	379.921975	379.984358	
3.772544	378.632387	378.684088	379.985017	380.045445	
3.782667	378.694604	378.736448	380.047234	380.097804	
3.792787	378.756194	378.788808	380.108824	380.158891	
3.80305	378.818055	378.841167	380.170686	380.211251	
3.813173	378.878739	378.893527	380.231369	380.263611	
3.823333	378.938465	378.945887	380.291096	380.315971	
3.833552	378.998225	378.998247	380.350855	380.368331	
3.843703	379.057006	379.050607	380.409636	380.411964	
3.855054	379.121878	379.102967	380.474508	380.47305	
3.86521	379.179376	379.155327	380.532006	380.52541	
3.875363	379.23623	379.207687	380.58886	380.57777	
3.885566	379.292758	379.268773	380.645388	380.621403	
3.896712	379.353822	379.321133	380.706452	380.68249	
3.905876	379.40349	379.38222	380.75612	380.726123	
3.915981	379.457691	379.434579	380.810321	380.78721	
3.926092	379.511319	379.504393	380.86395	380.839569	
3.936418	379.565462	379.565479	380.918092	380.900656	
3.946485	379.61767	379.626566	380.9703	380.953016	
3.957864	379.675852	379.696379	381.028483	381.022829	
3.968016	379.727193	379.748739	381.079823	381.075189	
3.978316	379.778667	379.809825	381.131297	381.145002	
3.988336	379.828148	379.853458	381.180778	381.197362	
3.998481	379.877669	379.914545	381.230299	381.249722	
4.008643	379.92663	379.958178	381.27926	381.310808	
4.018826	379.97511	380.010538	381.32774	381.363168	
4.028965	380.022785	380.054171	381.375415	381.424255	
4.039079	380.069759	380.097804	381.422389	381.467888	
4.049273	380.116462	380.150164	381.469093	381.520248	
4.060495	380.167148	380.185071	381.519779	381.572608	
4.072647	380.221106	380.228704	381.573737	381.624968	
4.080678	380.256463	380.272337	381.609093	381.659874	
4.090862	380.300672	380.307244	381.653302	381.703507	
4.101038	380.344233	380.342151	381.696863	381.738414	
4.11123	380.387265	380.377057	381.739895	381.782047	
4.121357	380.429403	380.411964	381.782033	381.82568	
4.131534	380.47116	380.455597	381.82379	381.860587	
4.141753	380.512481	380.49923	381.865111	381.895494	
4.151864	380.552784	380.534137	381.905415	381.9304	
4.163094	380.596765	380.586497	381.949395	381.974033	
4.173371	380.636443	380.621403	381.989073	382.00894	
4.1834	380.674546	380.65631	382.027176	382.043847	
4.193561	380.712569	380.699943	382.065199	382.070027	
4.203723	380.750029	380.743576	382.102659	382.104933	
4.213859	380.786737	380.778483	382.139367	382.13984	
4.223994	380.822892	380.822116	382.175522	382.174746	
4.234133	380.858447	380.865749	382.211078	382.209653	
4.244359	380.893707	380.900656	382.246337	382.244559	
4.254843	380.929218	380.935563	382.281848	382.270739	
4.265797	380.965604	380.970469	382.318234	382.314373	
4.275898	380.998576	381.005376	382.351207	382.340553	
4.286059	381.031159	381.040282	382.383789	382.375459	
4.296123	381.062852	381.075189	382.415482	382.410366	
4.306523	381.094978	381.101369	382.447608	382.436546	
4.316468	381.125111	381.127549	382.477741	382.471452	
4.326587	381.155195	381.153729	382.507825	382.506359	
4.336751	381.184817	381.179909	382.537447	382.532539	
4.346885	381.213764	381.214815	382.566394	382.558719	
4.357073	381.24227	381.232269	382.5949	382.593625	
4.368523	381.273506	381.267175	382.626136	382.619805	
4.378679	381.300656	381.293355	382.653286	382.645985	
4.388763	381.327032	381.319535	382.679663	382.672165	
4.398966	381.353138	381.345715	382.705768	382.698345	
4.409064	381.378363	381.371895	382.730994	382.724525	
4.429984	381.427519	381.424255	382.780149	382.776885	
4.434517	381.438261	381.424255	382.790891	382.785612	
4.444698	381.461632	381.459161	382.814262	382.811791	
4.454809	381.484271	381.476615	382.836901	382.837971	
4.467239	381.511169	381.494068	382.8638	382.855425	
4.475209	381.528135	381.520248	382.880765	382.881605	
4.485326	381.549033	381.546428	382.901663	382.899058	
4.495455	381.569382	381.563881	382.922012	382.925238	
4.505618	381.589219	381.581334	382.941849	382.942691	
4.524111	381.622964	381.607514	382.975594	382.977598	
4.528663	381.631326	381.633694	382.983956	382.986324	
4.538858	381.649324	381.651148	383.001954	383.003778	
4.54898	381.666625	381.668601	383.019255	383.029958	
4.559095	381.683344	381.694781	383.035974	383.047411	
4.571408	381.702797	381.712234	383.055427	383.064864	
4.579503	381.715302	381.729687	383.067932	383.082318	
4.589701	381.730422	381.738414	383.083052	383.099771	
4.59979	381.74483	381.755867	383.09746	383.117224	
4.609922	381.758741	381.773321	383.111371	383.125951	
4.620193	381.772253	381.790774	383.124883	383.134677	
4.630277	381.784974	381.799501	383.137604	383.134677	
4.640401	381.797183	381.808227	383.149813	383.134677	
4.650529	381.808846	381.82568	383.161476	383.143404	
4.660668	381.81997	381.834407	383.1726	383.143404	
4.672627	381.832267	381.843134	383.184897	383.152131	
4.681362	381.840915	381.85186	383.193545	383.160857	
4.691207	381.850115	381.860587	383.202745	383.169584	
4.701371	381.859067	381.869314	383.211697	383.169584	
4.71147	381.86743	381.87804	383.22006	383.187037	
4.72168	381.875367	381.87804	383.227997	383.195764	
4.731956	381.882764	381.886767	383.235395	383.204491	
4.741983	381.889499	381.895494	383.242129	383.213217	
4.752122	381.895791	381.895494	383.248422	383.230671	
4.762237	381.901562	381.90422	383.254192	383.239397	
4.772473	381.906889	381.912947	383.259519	383.248124	
4.782721	381.911718	381.912947	383.264348	383.25685	
4.792779	381.915984	381.921674	383.268614	383.274304	
4.802956	381.919825	381.9304	383.272455	383.274304	
4.813049	381.923184	381.9304	383.275814	383.274304	
4.823234	381.926125	381.939127	383.278755	383.274304	
4.833377	381.928631	381.947854	383.281262	383.274304	
4.84352	381.930738	381.947854	383.283369	383.265577	
4.853776	381.932483	381.95658	383.285114	383.25685	
4.864863	381.937654	381.95658	383.290284	383.25685	
4.874536	381.937654	381.947854	383.290284	383.25685	
4.884742	381.937654	381.947854	383.290284	383.25685	
4.894853	381.937654	381.939127	383.290284	383.25685	
4.905027	381.937654	381.939127	383.290284	383.265577	
4.915143	381.937654	381.9304	383.290284	383.274304	
4.925309	381.937654	381.9304	383.290284	383.28303	
4.935421	381.937654	381.9304	383.290284	383.291757	
4.94563	381.937654	381.9304	383.290284	383.300484	
4.95581	381.937654	381.9304	383.290284	383.300484	
4.965892	381.937654	381.9304	383.290284	383.30921	
4.976644	381.937654	381.9304	383.290284	383.30921	
4.986285	381.937654	381.9304	383.290284	383.30921	
4.996475	381.937654	381.9304	383.290284	383.300484	
5.006548	381.937654	381.9304	383.290284	383.300484	
5.016663	381.937654	381.9304	383.290284	383.300484	
5.026892	381.937654	381.9304	383.290284	383.300484	
5.036999	381.937654	381.9304	383.290284	383.300484	
5.047196	381.937654	381.9304	383.290284	383.300484	
5.057338	381.937654	381.9304	383.290284	383.300484	
5.067459	381.937654	381.9304	383.290284	383.300484	
5.077877	381.937654	381.9304	383.290284	383.300484	
5.087986	381.937654	381.9304	383.290284	383.300484	
5.098128	381.937654	381.9304	383.290284	383.300484	
5.108335	381.937654	381.9304	383.290284	383.300484	
5.118467	381.937654	381.9304	383.290284	383.300484	
5.128605	381.937654	381.9304	383.290284	383.300484	
5.138798	381.937654	381.9304	383.290284	383.300484	
5.148893	381.937654	381.9304	383.290284	383.300484	
5.159074	381.937654	381.9304	383.290284	383.300484	
5.169204	381.937654	381.9304	383.290284	383.300484	
5.179705	381.937654	381.9304	383.290284	383.300484	
5.189603	381.937654	381.9304	383.290284	383.300484	
5.199697	381.937654	381.9304	383.290284	383.300484	
5.209856	381.937654	381.9304	383.290284	383.300484	
5.220017	381.937654	381.9304	383.290284	383.300484	
5.230158	381.937654	381.9304	383.290284	383.300484	
5.240309	381.937654	381.9304	383.290284	383.300484	
5.250462	381.937654	381.9304	383.290284	383.300484	
5.260652	381.937654	381.9304	383.290284	383.300484	
5.270776	381.937654	381.9304	383.290284	383.300484	
5.280924	381.937654	381.9304	383.290284	383.300484	
5.291214	381.937654	381.9304	383.290284	383.300484	
5.301292	381.937654	381.9304	383.290284	383.300484	
5.311452	381.937654	381.9304	383.290284	383.300484	
5.321579	381.937654	381.9304	383.290284	383.300484	
5.331734	381.937654	381.9304	383.290284	383.300484	
5.341928	381.937654	381.9304	383.290284	383.300484	
5.352073	381.937654	381.9304	383.290284	383.300484	
5.362337	381.937654	381.9304	383.290284	383.300484	
5.372382	381.937654	381.9304	383.290284	383.300484	
5.382482	381.937654	381.9304	383.290284	383.300484	
5.392628	381.937654	381.9304	383.290284	383.300484	
5.402919	381.937654	381.9304	383.290284	383.300484	
5.413339	381.937654	381.9304	383.290284	383.300484	
5.42345	381.937654	381.9304	383.290284	383.300484	
5.433598	381.937654	381.9304	383.290284	383.300484	
5.443809	381.937654	381.9304	383.290284	383.300484	
5.453962	381.937654	381.9304	383.290284	383.300484	
5.464109	381.937654	381.9304	383.290284	383.300484	
5.474248	381.937654	381.9304	383.290284	383.300484	
5.484454	381.937654	381.9304	383.290284	383.300484	
5.494597	381.937654	381.9304	383.290284	383.300484	
5.504712	381.937654	381.9304	383.290284	383.300484	
5.514911	381.937654	381.9304	383.290284	383.300484	
5.524985	381.937654	381.9304	383.290284	383.300484	
5.535143	381.937654	381.9304	383.290284	383.300484	
5.545284	381.937654	381.9304	383.290284	383.300484	
5.555421	381.937654	381.9304	383.290284	383.300484	
5.565603	381.937654	381.9304	383.290284	383.300484	
5.575784	381.937654	381.9304	383.290284	383.300484	
5.585866	381.937654	381.9304	383.290284	383.300484	
5.596059	381.937654	381.9304	383.290284	383.300484	
5.606341	381.937654	381.9304	383.290284	383.300484	
5.616343	381.937654	381.9304	383.290284	383.300484	
5.626463	381.937654	381.9304	383.290284	383.300484	
5.636665	381.937654	381.9304	383.290284	383.300484	
5.646728	381.937654	381.9304	383.290284	383.300484	
5.656913	381.937654	381.9304	383.290284	383.300484	
5.667096	381.937654	381.9304	383.290284	383.300484	
5.685061	381.937654	381.9304	383.290284	383.300484	
5.689572	381.937654	381.9304	383.290284	383.300484	
5.699781	381.937654	381.9304	383.290284	383.300484	
5.709973	381.937654	381.9304	383.290284	383.300484	
5.72011	381.937654	381.9304	383.290284	383.300484	
5.730269	381.937654	381.9304	383.290284	383.300484	
5.740456	381.937654	381.9304	383.290284	383.300484	
5.75057	381.937654	381.9304	383.290284	383.300484	
5.760722	381.937654	381.9304	383.290284	383.300484	
5.770945	381.937654	381.9304	383.290284	383.300484	
5.781057	381.937654	381.9304	383.290284	383.300484	
5.791186	381.937654	381.9304	383.290284	383.300484	
5.820155	381.937654	381.9304	383.290284	383.300484	
5.830657	381.937654	381.9304	383.290284	383.300484	
