0.03698142	
0.04184621	
0.05166679	
0.06182636	
0.07206792	
0.08217949	
0.09227006	
0.1024016	
0.1127592	
0.1227108	
0.1355002	
0.1430049	
0.1531305	
0.163378	
0.1734656	
0.1839661	
0.1938297	
0.2039103	
0.2144348	
0.2241494	
0.234342	
0.2444596	
0.2545941	
0.2647457	
0.2749483	
0.2850758	
0.2951874	
0.305357	
0.3154925	
0.3256281	
0.3358367	
0.3460032	
0.3560848	
0.3662634	
0.3764469	
0.3866085	
0.3966911	
0.4068826	
0.4170352	
0.4272607	
0.4373263	
0.4474869	
0.4577204	
0.46778	
0.4779306	
0.4880852	
0.4982937	
0.5084013	
0.5185478	
0.5286734	
0.538873	
0.5490055	
0.5591721	
0.5693137	
0.5800612	
0.5895528	
0.5997144	
0.6098889	
0.6200285	
0.6307791	
0.6403706	
0.6504232	
0.6605498	
0.6707283	
0.6808799	
0.6913085	
0.701387	
0.7114996	
0.7216802	
0.7317857	
0.7418903	
0.7520749	
0.7622374	
0.77235	
0.7824836	
0.7927591	
0.8027847	
0.8129333	
0.8230578	
0.8332194	
0.8512626	
0.8555635	
0.865816	
0.8759356	
0.8860562	
0.8962317	
0.9063853	
0.9165508	
0.9266934	
0.936837	
0.9470105	
0.9571361	
0.9673157	
0.9774542	
0.9875908	
0.9977024	
1.007883	
1.018078	
1.02819	
1.038444	
1.048523	
1.058644	
1.068795	
1.078926	
1.089079	
1.099305	
1.109343	
1.132894	
1.137233	
1.147398	
1.157522	
1.167678	
1.177932	
1.188	
1.19812	
1.208253	
1.218442	
1.228601	
1.238734	
1.248882	
1.259007	
1.269179	
1.279424	
1.289537	
1.299637	
1.309788	
1.319914	
1.330111	
1.340283	
1.350398	
1.360542	
1.370653	
1.380886	
1.390991	
1.401086	
1.41136	
1.421408	
1.43175	
1.441771	
1.451892	
1.462043	
1.472134	
1.48227	
1.492389	
1.502536	
1.512742	
1.522844	
1.532984	
1.543151	
1.553373	
1.563539	
1.573632	
1.583808	
1.599631	59.6401538	59.6379005	59.8234134	59.8211601	
1.604239	59.6407821	59.6379005	59.8240416	59.8211601	
1.61436	59.6429433	59.6379005	59.8262029	59.8211601	
1.624512	59.6457315	59.6379005	59.8289911	59.8211601	
1.634666	59.6491432	59.6379005	59.8324028	59.8211601	
1.653062	59.657801	59.6466272	59.8410605	59.8298868	
1.657591	59.659864	59.6466272	59.8431236	59.8298868	
1.667726	59.6652736	59.6553538	59.8485332	59.8298868	
1.677912	59.6713377	59.6553538	59.8545973	59.8298868	
1.688196	59.6780988	59.6553538	59.8613584	59.8298868	
1.700682	59.687329	59.6553538	59.8705886	59.8386134	
1.708421	59.6932902	59.6553538	59.8765498	59.8473401	
1.718542	59.7017711	59.6553538	59.8850307	59.8560667	
1.728738	59.7109507	59.6553538	59.8942103	59.8647933	
1.738823	59.7206354	59.6553538	59.903895	59.87352	
1.749022	59.7310583	59.6640805	59.9143179	59.8822466	
1.759164	59.7420339	59.6728071	59.9252934	59.8996999	
1.769323	59.7536546	59.6728071	59.9369141	59.9171532	
1.779496	59.7659039	59.6902604	59.9491635	59.9346065	
1.789609	59.7786992	59.6989871	59.9619587	59.9520598	
1.799754	59.7921563	59.7164404	59.9754159	59.9695131	
1.810075	59.8065007	59.725167	59.9897603	59.9782397	
1.820135	59.8210508	59.7513469	60.0043104	59.995693	
1.830285	59.8363667	59.7688002	60.0196262	60.0131463	
1.840487	59.8523984	59.7949802	60.035658	60.0305996	
1.851217	59.8700928	59.8124335	60.0533524	60.0393263	
1.860757	59.8860805	59.8386134	60.06934	60.0567796	
1.87097	59.9039988	59.8647933	60.0872584	60.0742329	
1.881142	59.9224445	59.8909733	60.1057041	60.0916861	
1.891328	59.9415614	59.9171532	60.124821	60.1091394	
1.901385	59.9610279	59.9433332	60.1442875	60.1265927	
1.911853	59.9819728	59.9695131	60.1652324	60.144046	
1.921861	60.0025514	59.9869664	60.185811	60.1614993	
1.931911	60.0238468	60.021873	60.2071064	60.1789526	
1.942074	60.0460049	60.0393263	60.2292645	60.2051325	
1.952726	60.069928	60.0567796	60.2531876	60.2313125	
1.962378	60.0921287	60.0742329	60.2753882	60.2487658	
1.972499	60.1160296	60.0829595	60.2992891	60.2749457	
1.982649	60.1406301	60.1004128	60.3238896	60.3011257	
1.992799	60.1658437	60.1091394	60.3491033	60.3273056	
2.002943	60.19167	60.1265927	60.3749296	60.3534855	
2.013167	60.21833	60.144046	60.4015896	60.3883921	
2.023409	60.2456507	60.1614993	60.4289102	60.4145721	
2.033513	60.2732196	60.1789526	60.4564791	60.440752	
2.043608	60.3013693	60.2138592	60.4846289	60.4756586	
2.054143	60.3314376	60.2400391	60.5146972	60.5018385	
2.06392	60.3598824	60.2749457	60.543142	60.5280185	
2.074114	60.3901797	60.3098523	60.5734393	60.562925	
2.084215	60.4208161	60.3447589	60.6040757	60.5978316	
2.094318	60.4520585	60.3883921	60.635318	60.6240116	
2.104525	60.4842796	60.4232987	60.6675392	60.6589182	
2.131259	60.5766091	60.5018385	60.7598687	60.7461846	
2.136556	60.5920486	60.562925	60.7753082	60.7723646	
2.146635	60.6263963	60.5978316	60.8096559	60.8072711	
2.156771	60.6615388	60.6327382	60.8447984	60.8421777	
2.166919	60.6973553	60.6850981	60.8806148	60.8770843	
2.177137	60.7340475	60.7200047	60.9173071	60.9119909	
2.195226	60.8014152	60.7898178	60.9846748	60.9818041	
2.199746	60.8181545	60.7985445	61.0014141	60.9992574	
2.210035	60.857135	60.8334511	61.0403946	61.0341639	
2.220161	60.8961321	60.8683577	61.0793917	61.0690705	
2.23028	60.9356453	60.8945376	61.1189048	61.1127038	
2.240457	60.9760598	60.9294442	61.1593194	61.1476103	
2.25057	61.0168239	60.9643508	61.2000835	61.1912436	
2.260682	61.0581933	60.9992574	61.2414529	61.2261502	
2.270919	61.1007151	61.0341639	61.2839747	61.2697834	
2.281089	61.143573	61.0690705	61.3268326	61.3134166	
2.291266	61.1870864	61.1039771	61.370346	61.3570499	
2.301337	61.2307432	61.1476103	61.4140028	61.4006831	
2.311492	61.2754303	61.1912436	61.4586899	61.4355897	
2.321775	61.3212696	61.2348768	61.5045291	61.4879495	
2.331889	61.3669499	61.2872367	61.5502094	61.5315828	
2.342058	61.4135189	61.3395966	61.5967785	61.575216	
2.352162	61.4604102	61.3919564	61.6436698	61.6275759	
2.362574	61.5093957	61.4443163	61.6926553	61.6712091	
2.372503	61.5566818	61.5054028	61.7399414	61.7148424	
2.382614	61.6054339	61.5577627	61.7886935	61.7672022	
2.392782	61.6550926	61.6188492	61.8383522	61.8195621	
2.402869	61.7049838	61.6799358	61.8882434	61.871922	
2.413039	61.7558884	61.7410223	61.939148	61.9242819	
2.423242	61.8078107	61.8021088	61.9910703	61.9853684	
2.433482	61.8601071	61.8544687	62.0433667	62.0377283	
2.443587	61.9125204	61.9242819	62.09578	62.0988148	
2.453706	61.9656474	61.9766417	62.148907	62.1511747	
2.464173	62.0212859	62.0290016	62.2045454	62.2035345	
2.474096	62.0745979	62.0813615	62.2578575	62.2558944	
2.484179	62.1293348	62.1337214	62.3125944	62.3082543	
2.494303	62.1849544	62.1948079	62.368214	62.3693408	
2.504457	62.2413472	62.2384411	62.4246068	62.4217007	
2.514605	62.2983528	62.290801	62.4816124	62.4740606	
2.525677	62.361302	62.3431609	62.5445616	62.5351471	
2.535838	62.4196414	62.3955208	62.602901	62.587507	
2.546073	62.4790363	62.4478806	62.6622958	62.6398669	
2.556116	62.5379158	62.5002405	62.7211754	62.7009534	
2.566242	62.5979117	62.5526004	62.7811712	62.7620399	
2.576445	62.659015	62.6049603	62.8422746	62.8143998	
2.586599	62.7204242	62.6573201	62.9036837	62.8754863	
2.596692	62.7820492	62.7184067	62.9653087	62.9365728	
2.606836	62.844623	62.7794932	63.0278826	62.9976594	
2.617006	62.9080418	62.8493064	63.0913014	63.0587459	
2.628319	62.9792805	62.9191195	63.1625401	63.128559	
2.638472	63.0438375	62.9889327	63.2270971	63.1983722	
2.648615	63.1089284	63.0587459	63.292188	63.2681854	
2.65873	63.1744785	63.1372857	63.3577381	63.3292719	
2.668844	63.2406161	63.2070989	63.4238757	63.3990851	
2.67907	63.3081436	63.2856387	63.4914032	63.4776249	
2.689403	63.377069	63.3554518	63.5603286	63.5474381	
2.699475	63.4447342	63.4339917	63.6279938	63.6172512	
2.709527	63.5129313	63.5125315	63.6961909	63.6870644	
2.719638	63.5821301	63.5823447	63.7653896	63.7656042	
2.730949	63.6604073	63.6608845	63.8436669	63.844144	
2.741098	63.7311741	63.7306976	63.9144337	63.9139572	
2.751227	63.802409	63.8005108	63.9856685	63.9837704	
2.761381	63.8744603	63.870324	64.0577199	64.0535835	
2.771517	63.9470505	63.9314105	64.1303101	64.1233967	
2.781691	64.0204335	64.0012237	64.2036931	64.1932099	
2.791841	64.0943261	64.0623102	64.2775856	64.2717497	
2.80215	64.1700262	64.1233967	64.3532858	64.3415629	
2.812142	64.2439143	64.1932099	64.4271738	64.4201027	
2.822589	64.3219357	64.2630231	64.5051953	64.4899159	
2.833569	64.4046391	64.3502895	64.5878987	64.5684557	
2.843722	64.4816843	64.4201027	64.6649439	64.6469955	
2.853773	64.5585504	64.4986425	64.74181	64.7168087	
2.863958	64.6370912	64.5771823	64.8203507	64.7866218	
2.874285	64.7174184	64.6557221	64.900678	64.8738883	
2.884283	64.7956678	64.734262	64.9789273	64.9437015	
2.894621	64.8773349	64.8215284	65.0605944	65.0309679	
2.904616	64.956811	64.9087949	65.1400706	65.1007811	
2.914693	65.0375831	64.9960613	65.2208427	65.1880476	
2.934914	65.2028166	65.153141	65.3860762	65.3538538	
2.939577	65.2407399	65.2055009	65.4239995	65.3974871	
2.949733	65.3243078	65.2927673	65.5075674	65.4847535	
2.959863	65.4082269	65.3800338	65.5914865	65.57202	
2.970101	65.4937151	65.4673002	65.6769746	65.6592865	
2.980144	65.5781153	65.5545667	65.7613748	65.7465529	
2.990331	65.6644383	65.6418332	65.8476979	65.8338194	
3.000511	65.7512725	65.720373	65.934532	65.9210858	
3.010658	65.8384418	65.8076394	66.0217014	66.0083523	
3.020864	65.9267622	65.8949059	66.1100217	66.1043454	
3.031198	66.0179537	65.9734457	66.2012133	66.1916119	
3.04128	66.1053321	66.0607122	66.2885917	66.2788783	
3.051493	66.195546	66.1479787	66.3788056	66.3748715	
3.061555	66.2850729	66.2265185	66.4683325	66.4621379	
3.071705	66.3759675	66.3137849	66.559227	66.5494044	
3.081881	66.4677804	66.3923247	66.65104	66.6366708	
3.092057	66.5601693	66.4795912	66.7434289	66.732664	
3.102159	66.6525147	66.5668577	66.8357742	66.8199304	
3.114089	66.7639897	66.6628508	66.9472493	66.9159235	
3.122441	66.8397899	66.7588439	67.0230494	67.00319	
3.132719	66.9356247	66.8461104	67.1188843	67.0904564	
3.142778	67.0300275	66.9508301	67.2132871	67.1951762	
3.152933	67.1259625	67.0468232	67.3092221	67.2824427	
3.163062	67.2222285	67.1428163	67.4054881	67.3784358	
3.173183	67.319023	67.2475361	67.5022826	67.4744289	
3.191695	67.4987008	67.3348025	67.6819603	67.6489618	
3.196237	67.5426364	67.4657022	67.725896	67.7013217	
3.206426	67.6421938	67.5791486	67.8254534	67.7973148	
3.216648	67.7425929	67.6838684	67.9258525	67.8933079	
3.226704	67.8420515	67.7885881	68.025311	67.9980277	
3.236871	67.9431913	67.8933079	68.1264509	68.0940208	
3.247112	68.0457998	68.0067543	68.2290594	68.1987405	
3.257214	68.1474533	68.1202007	68.3307128	68.3034603	
3.267453	68.2512311	68.2249205	68.4344907	68.40818	
3.277492	68.3534993	68.3296402	68.5367588	68.5128998	
3.287676	68.4579437	68.43436	68.6412033	68.6176195	
3.297853	68.5629067	68.5390797	68.7461663	68.7223393	
3.307988	68.6680514	68.6437995	68.8513109	68.8270591	
3.318167	68.7742965	68.7485192	68.957556	68.9317788	
3.328267	68.8803057	68.8619656	69.0635653	69.0452252	
3.342399	69.0301365	68.9666854	69.2133961	69.1586716	
3.348636	69.0961581	69.0714051	69.2794177	69.2546647	
3.358772	69.2044443	69.1761249	69.3877038	69.3593845	
3.368929	69.3135422	69.2895713	69.4968017	69.4815575	
3.379102	69.4234225	69.3942911	69.606682	69.5862773	
3.389193	69.5330363	69.4990108	69.7162959	69.6997237	
3.399395	69.6445058	69.6037306	69.8277654	69.8131701	
3.409535	69.75405	69.7084503	69.9373096	69.9178898	
3.419789	69.8641982	69.8218967	70.0474577	70.0313362	
3.429868	69.9718262	69.9353431	70.1550858	70.1447826	
3.439965	70.0791362	70.0487895	70.2623957	70.258229	
3.450275	70.1880392	70.1622359	70.3712988	70.3716754	
3.460393	70.2942813	70.2669557	70.4775409	70.4763952	
3.470524	70.3999987	70.3716754	70.5832583	70.581115	
3.480703	70.5056841	70.4851218	70.6889436	70.6945614	
3.490782	70.6097006	70.5985682	70.7929601	70.8080078	
3.500978	70.714345	70.703288	70.8976046	70.9127275	
3.511132	70.8179073	70.8080078	71.0011669	71.0174473	
3.521335	70.9213705	70.9127275	71.1046301	71.122167	
3.531527	71.0240662	71.0174473	71.2073258	71.2268868	
3.541556	71.1246169	71.1047137	71.3078765	71.3316065	
3.551801	71.2266528	71.2094335	71.4099123	71.4275996	
3.562078	71.3283504	71.3141532	71.5116099	71.5235927	
3.572118	71.4271019	71.4101463	71.6103615	71.6283125	
3.582985	71.53337	71.5061395	71.7166296	71.7243056	
3.59267	71.6274395	71.6021326	71.8106991	71.8202987	
3.602528	71.7226478	71.6981257	71.9059073	71.9075652	
3.612643	71.8197052	71.8028454	72.0029648	72.0122849	
3.622816	71.9167894	71.8901119	72.100049	72.0995514	
3.632968	72.0129497	71.986105	72.1962093	72.1955445	
3.643162	72.1090221	72.0820981	72.2922816	72.2915376	
3.654179	72.212014	72.1868179	72.3952736	72.3962574	
3.664318	72.3062054	72.282811	72.489465	72.4835238	
3.674488	72.4003546	72.3788041	72.5836142	72.5707903	
3.684593	72.4927159	72.4660705	72.6759755	72.6755101	
3.703201	72.6609271	72.6318768	72.8441866	72.8413163	
3.707874	72.7031724	72.6755101	72.886432	72.8849496	
3.718031	72.7942993	72.7627765	72.9775588	72.9809427	
3.728172	72.8847095	72.850043	73.067969	73.0682091	
3.738316	72.9745279	72.9373094	73.1577875	73.1642022	
3.748498	73.0640677	73.0245759	73.2473273	73.2601954	
3.759031	73.1560863	73.120569	73.3393459	73.3474618	
3.768948	73.2420079	73.1991088	73.4252675	73.4434549	
3.779063	73.329113	73.2863753	73.5123726	73.5307214	
3.789204	73.4158496	73.3736418	73.5991091	73.6179878	
3.799322	73.5017673	73.4696349	73.6850269	73.7052543	
3.809548	73.5880052	73.5481747	73.7712648	73.7925208	
3.819697	73.6729451	73.6354411	73.8562047	73.8797872	
3.829847	73.757317	73.7227076	73.9405766	73.9670537	
3.840043	73.8414792	73.8099741	74.0247387	74.0455935	
3.850185	73.9245155	73.8972405	74.1077751	74.1241333	
3.860342	74.0071532	73.984507	74.1904128	74.2026731	
3.870549	74.0895152	74.0717735	74.2727747	74.281213	
3.880734	74.171087	74.1590399	74.3543466	74.3597528	
3.890884	74.2518178	74.2463064	74.4350774	74.4382926	
3.901077	74.3340524	74.3335728	74.5173119	74.5168324	
3.911155	74.4111402	74.4121127	74.5943997	74.5866456	
3.921336	74.4902369	74.4906525	74.6734965	74.6651854	
3.931578	74.5692089	74.5779189	74.7524685	74.7349986	
3.941677	74.6464874	74.6564588	74.829747	74.8135384	
3.951745	74.722938	74.7349986	74.9061976	74.8920782	
3.962241	74.8019434	74.8135384	74.9852029	74.970618	
3.972281	74.8769416	74.8833516	75.0602012	75.0491578	
3.982396	74.9518789	74.9618914	75.1351384	75.1276977	
3.992588	75.0267784	75.0317045	75.210038	75.2062375	
4.002985	75.1025762	75.1015177	75.2858358	75.2847773	
4.012845	75.1738446	75.1713309	75.3571041	75.3633171	
4.022986	75.2465369	75.2411441	75.4297965	75.4331303	
4.033141	75.3187489	75.3022306	75.5020085	75.5116701	
4.043371	75.3909021	75.3633171	75.5741617	75.5902099	
4.063124	75.5273169	75.4331303	75.7105764	75.7298362	
4.067939	75.5606124	75.53785	75.743872	75.7647428	
4.077977	75.6293064	75.6076632	75.812566	75.834556	
4.088111	75.6980766	75.6774764	75.8813362	75.9043692	
4.098279	75.7664736	75.7472895	75.9497331	75.9741823	
4.1084	75.8339519	75.8171027	76.0172115	76.0439955	
4.118566	75.9010936	75.9043692	76.0843532	76.105082	
4.128768	75.9678785	75.9741823	76.1511381	76.1661686	
4.139604	76.0381209	76.0439955	76.2213804	76.2359817	
4.149676	76.1028179	76.1138087	76.2860774	76.2883416	
4.159806	76.1672814	76.1748952	76.3505409	76.3494281	
4.170322	76.2335629	76.2359817	76.4168225	76.4105147	
4.180186	76.2951144	76.3057949	76.478374	76.4716012	
4.190331	76.3578621	76.3668814	76.5411217	76.5326877	
4.200437	76.4197625	76.4279679	76.603022	76.5850476	
4.21058	76.4812709	76.4803278	76.6645305	76.6548607	
4.22078	76.5425114	76.5414143	76.725771	76.7159473	
4.230924	76.6028297	76.6025009	76.7860893	76.7770338	
4.24108	76.6625891	76.6548607	76.8458487	76.8293937	
4.251415	76.7228261	76.7072206	76.9060857	76.8992068	
4.261362	76.7801698	76.7595805	76.9634293	76.9515667	
4.271609	76.8386345	76.820667	77.0218941	77.0126532	
4.281763	76.8959545	76.8643003	77.0792141	77.0737398	
4.29185	76.9522953	76.9253868	77.1355549	77.1348263	
4.302144	77.0091861	76.9777467	77.1924457	77.1959128	
4.312497	77.0657717	77.0388332	77.2490313	77.2569993	
4.322337	77.1189841	77.0911931	77.3022437	77.3180859	
4.332428	77.1729599	77.1435529	77.3562194	77.3791724	
4.351621	77.2729624	77.2482727	77.456222	77.4838921	
4.356469	77.2982847	77.2831793	77.4815442	77.5100721	
4.368403	77.3595762	77.3355392	77.5428358	77.562432	
4.384783	77.4418312	77.387899	77.6250908	77.6496984	
4.389491	77.4654932	77.4577122	77.6487527	77.6758784	
4.399509	77.5151516	77.5100721	77.6984112	77.7282382	
4.409619	77.5646456	77.562432	77.7479051	77.7718715	
4.419806	77.6139262	77.6235185	77.7971858	77.8242313	
4.429958	77.662398	77.6671517	77.8456576	77.8678646	
4.44009	77.7102216	77.7195116	77.8934812	77.9114978	
4.451322	77.7624655	77.7718715	77.9457251	77.9638577	
4.461382	77.8086804	77.8155047	77.99194	77.9987643	
4.482069	77.9005982	77.8591379	78.0838578	78.0860307	
4.486658	77.9210225	77.9202245	78.1042821	78.1122107	
4.496866	77.9657945	77.9638577	78.1490541	78.1558439	
4.506938	78.0093953	78.0074909	78.1926549	78.1907505	
4.517147	78.0529606	78.0511241	78.2362201	78.2343837	
4.527287	78.0956428	78.0860307	78.2789023	78.278017	
4.537461	78.1378805	78.129664	78.32114	78.3216502	
4.547686	78.1796872	78.1645706	78.3629467	78.3652834	
4.557762	78.2203142	78.2082038	78.4035738	78.40019	
4.569745	78.2677634	78.2431104	78.4510229	78.4525499	
4.578199	78.3008775	78.278017	78.4841371	78.4874565	
4.588313	78.3398635	78.3129235	78.5231231	78.5310897	
4.598413	78.37817	78.3565568	78.5614296	78.5747229	
4.608565	78.4161151	78.40019	78.5993747	78.6096295	
4.618706	78.4534258	78.4350966	78.6366854	78.6532627	
4.628889	78.4902632	78.4700032	78.6735228	78.6881693	
4.639678	78.5286174	78.5136364	78.711877	78.7318026	
4.649773	78.5639176	78.5572696	78.7471771	78.7667091	
4.659907	78.5987621	78.5921762	78.7820217	78.8103424	
4.670059	78.633085	78.6270828	78.8163446	78.845249	
4.680392	78.6674095	78.6619894	78.8506691	78.8801555	
4.690563	78.7005675	78.6881693	78.8838271	78.9150621	
4.700729	78.7331379	78.7143493	78.9163975	78.9499687	
4.710869	78.7650137	78.7492558	78.9482733	78.9761487	
4.721234	78.7972104	78.7754358	78.98047	79.0110552	
4.731172	78.827063	78.8103424	79.0103226	79.0459618	
4.741306	78.8571518	78.8365223	79.0404114	79.0721418	
4.751437	78.8866383	78.8714289	79.0698979	79.0983217	
4.761617	78.915673	78.8888822	79.0989326	79.1332283	
4.771752	78.9440121	78.9237888	79.1272717	79.1594082	
4.782998	78.9746608	78.9499687	79.1579204	79.1855882	
4.79315	79.0017813	78.9761487	79.1850408	79.2117681	
4.803274	79.0282304	79.0110552	79.21149	79.237948	
4.813478	79.054303	79.0285085	79.2375626	79.264128	
4.823958	79.0804419	79.0546885	79.2637015	79.2903079	
4.833737	79.1042989	79.0808684	79.2875585	79.3077612	
4.843862	79.1284148	79.1070483	79.3116743	79.3339411	
4.85396	79.1518724	79.1332283	79.335132	79.3601211	
4.864097	79.1748527	79.1506816	79.3581123	79.3775744	
4.874541	79.1978928	79.1768615	79.3811524	79.4037543	
4.885766	79.2219114	79.2030415	79.405171	79.4212076	
4.895938	79.2431211	79.2204947	79.4263807	79.4473876	
4.906166	79.2638544	79.2466747	79.4471139	79.4648408	
4.916231	79.2836917	79.264128	79.4669513	79.4822941	
4.926363	79.3030822	79.2903079	79.4863417	79.4997474	
4.936545	79.3219833	79.3077612	79.5052428	79.5172007	
4.946714	79.340271	79.3252145	79.5235306	79.534654	
4.956864	79.3579597	79.3426678	79.5412192	79.5521073	
4.967021	79.3750716	79.3513944	79.5583312	79.5695606	
4.977152	79.3915773	79.3601211	79.5748369	79.5870139	
4.988401	79.4091656	79.3775744	79.5924252	79.6044672	
4.998528	79.4244553	79.386301	79.6077148	79.6219205	
5.008723	79.4392719	79.3950277	79.6225315	79.6393738	
5.018865	79.4534481	79.412481	79.6367077	79.6568271	
5.028952	79.4669841	79.4212076	79.6502437	79.6655537	
5.039271	79.4802487	79.4386609	79.6635082	79.683007	
5.049314	79.4926093	79.4473876	79.6758689	79.6917336	
5.059516	79.5045974	79.4648408	79.687857	79.7004603	
5.069629	79.5159327	79.4822941	79.6991923	79.7091869	
5.079733	79.5267036	79.4910208	79.7099631	79.7266402	
5.091002	79.5380047	79.5084741	79.7212643	79.7353669	
5.101125	79.5476382	79.5172007	79.7308978	79.7440935	
5.11141	79.5571324	79.534654	79.740392	79.7528202	
5.130532	79.5716739	79.5521073	79.7549334	79.7702735	
5.135833	79.5758269	79.5521073	79.7590865	79.7702735	
5.145781	79.5829864	79.5521073	79.766246	79.7790001	
5.155906	79.5897548	79.5695606	79.7730143	79.7877268	
5.166023	79.5960119	79.5695606	79.7792715	79.7964534	
5.176185	79.6017856	79.5782872	79.7850452	79.7964534	
5.186406	79.6070872	79.5870139	79.7903467	79.7964534	
5.197016	79.6120475	79.5870139	79.7953071	79.7964534	
5.206845	79.6162068	79.5870139	79.7994664	79.7964534	
5.217432	79.620163	79.5870139	79.8034225	79.7964534	
5.22759	79.6235126	79.5870139	79.8067722	79.7964534	
5.237722	79.6264204	79.5870139	79.8096799	79.7964534	
5.247861	79.6289101	79.5870139	79.8121697	79.7964534	
5.258032	79.6310092	79.5870139	79.8142687	79.7964534	
5.268189	79.6327336	79.5870139	79.8159932	79.7964534	
5.278283	79.6379005	79.5870139	79.8211601	79.7964534	
5.288491	79.6379005	79.5870139	79.8211601	79.7964534	
5.298685	79.6379005	79.5870139	79.8211601	79.80518	
5.30885	79.6379005	79.5870139	79.8211601	79.80518	
5.318973	79.6379005	79.5870139	79.8211601	79.8139067	
5.329136	79.6379005	79.5870139	79.8211601	79.8139067	
5.339263	79.6379005	79.5870139	79.8211601	79.8139067	
5.349489	79.6379005	79.5957405	79.8211601	79.80518	
5.359609	79.6379005	79.5957405	79.8211601	79.80518	
5.369766	79.6379005	79.6044672	79.8211601	79.80518	
5.379907	79.6379005	79.6044672	79.8211601	79.80518	
5.390014	79.6379005	79.6044672	79.8211601	79.80518	
5.400301	79.6379005	79.6044672	79.8211601	79.80518	
5.410439	79.6379005	79.6044672	79.8211601	79.80518	
5.420539	79.6379005	79.6044672	79.8211601	79.80518	
5.430676	79.6379005	79.6044672	79.8211601	79.80518	
5.441179	79.6379005	79.6044672	79.8211601	79.80518	
5.451004	79.6379005	79.6044672	79.8211601	79.80518	
5.461151	79.6379005	79.6044672	79.8211601	79.80518	
5.471289	79.6379005	79.6044672	79.8211601	79.80518	
5.481443	79.6379005	79.6044672	79.8211601	79.80518	
5.491616	79.6379005	79.6044672	79.8211601	79.80518	
5.501801	79.6379005	79.6044672	79.8211601	79.80518	
5.51202	79.6379005	79.6044672	79.8211601	79.80518	
5.522148	79.6379005	79.6044672	79.8211601	79.80518	
5.532243	79.6379005	79.6044672	79.8211601	79.80518	
5.54263	79.6379005	79.6044672	79.8211601	79.80518	
5.55254	79.6379005	79.6044672	79.8211601	79.80518	
5.562694	79.6379005	79.6044672	79.8211601	79.80518	
5.572835	79.6379005	79.6044672	79.8211601	79.80518	
5.582946	79.6379005	79.6044672	79.8211601	79.80518	
5.593175	79.6379005	79.6044672	79.8211601	79.80518	
5.603945	79.6379005	79.6044672	79.8211601	79.80518	
5.614082	79.6379005	79.6044672	79.8211601	79.80518	
5.624241	79.6379005	79.6044672	79.8211601	79.80518	
5.634395	79.6379005	79.6044672	79.8211601	79.80518	
5.644574	79.6379005	79.6044672	79.8211601	79.80518	
5.654682	79.6379005	79.6044672	79.8211601	79.80518	
5.672758	79.6379005	79.6044672	79.8211601	79.80518	
5.677302	79.6379005	79.6044672	79.8211601	79.80518	
5.687425	79.6379005	79.6044672	79.8211601	79.80518	
5.697642	79.6379005	79.6044672	79.8211601	79.80518	
5.707889	79.6379005	79.6044672	79.8211601	79.80518	
5.718044	79.6379005	79.6044672	79.8211601	79.80518	
5.728178	79.6379005	79.6044672	79.8211601	79.80518	
5.738371	79.6379005	79.6044672	79.8211601	79.80518	
5.748454	79.6379005	79.6044672	79.8211601	79.80518	
5.758652	79.6379005	79.6044672	79.8211601	79.80518	
5.768867	79.6379005	79.6044672	79.8211601	79.80518	
5.778972	79.6379005	79.6044672	79.8211601	79.80518	
5.789147	79.6379005	79.6044672	79.8211601	79.80518	
5.79925	79.6379005	79.6044672	79.8211601	79.80518	
5.809504	79.6379005	79.6044672	79.8211601	79.80518	
5.819753	79.6379005	79.6044672	79.8211601	79.80518	
5.829793	79.6379005	79.6044672	79.8211601	79.80518	
5.839945	79.6379005	79.6044672	79.8211601	79.80518	
5.850117	79.6379005	79.6044672	79.8211601	79.80518	
5.860227	79.6379005	79.6044672	79.8211601	79.80518	
5.870403	79.6379005	79.6044672	79.8211601	79.80518	
5.880635	79.6379005	79.6044672	79.8211601	79.80518	
5.890797	79.6379005	79.6044672	79.8211601	79.80518	
5.901215	79.6379005	79.6044672	79.8211601	79.80518	
5.911757	79.6379005	79.6044672	79.8211601	79.80518	
5.92193	79.6379005	79.6044672	79.8211601	79.80518	
5.932061	79.6379005	79.6044672	79.8211601	79.80518	
5.942236	79.6379005	79.6044672	79.8211601	79.80518	
5.95266	79.6379005	79.6044672	79.8211601	79.80518	
5.962521	79.6379005	79.6044672	79.8211601	79.80518	
5.97263	79.6379005	79.6044672	79.8211601	79.80518	
5.982813	79.6379005	79.6044672	79.8211601	79.80518	
5.992949	79.6379005	79.6044672	79.8211601	79.80518	
6.003099	79.6379005	79.6044672	79.8211601	79.80518	
6.01441	79.6379005	79.6044672	79.8211601	79.80518	
6.024536	79.6379005	79.6044672	79.8211601	79.80518	
6.034658	79.6379005	79.6044672	79.8211601	79.80518	
6.044876	79.6379005	79.6044672	79.8211601	79.80518	
6.055416	79.6379005	79.6044672	79.8211601	79.80518	
6.065512	79.6379005	79.6044672	79.8211601	79.80518	
6.096609	79.6379005	79.6044672	79.8211601	79.80518	
6.115118	79.6379005	79.6044672	79.8211601	79.80518	
