0.04906084	
0.05362864	
0.06379819	
0.07394775	
0.08444029	
0.09427185	
0.1043844	
0.114585	
0.1247115	
0.1348181	
0.1450416	
0.1551462	
0.1652837	
0.1754363	
0.1856158	
0.1959474	
0.2060949	
0.2162495	
0.226402	
0.2365466	
0.2466821	
0.2568527	
0.2669913	
0.2771468	
0.2872484	
0.2976369	
0.3075745	
0.317721	
0.3278696	
0.3380201	
0.3481677	
0.3583022	
0.3685258	
0.3786863	
0.3887609	
0.3988854	
0.409148	
0.4192046	
0.4293231	
0.4395337	
0.4496622	
0.4597848	
0.4699223	
0.4800859	
0.4902084	
0.500346	
0.5105655	
0.5206661	
0.5308846	
0.5410202	
0.5516787	
0.5613303	
0.5714069	
0.5815774	
0.5923749	
0.6018435	
0.6121641	
0.6220976	
0.6323382	
0.6424897	
0.6525543	
0.6627328	
0.6728704	
0.6830099	
0.6932295	
0.7033561	
0.7135526	
0.7236862	
0.7338207	
0.7439823	
0.7541328	
0.7642674	
0.7744349	
0.7845565	
0.794719	
0.8147572	
0.819144	
0.8293005	
0.8394071	
0.8496026	
0.8597572	
0.8698437	
0.8811782	
0.8910668	
0.9010814	
0.9112429	
0.9213795	
0.931518	
0.9416696	
0.9518521	
0.9619577	
0.9722172	
0.9822488	
0.9924543	
1.00259	
1.012699	
1.022886	
1.033084	
1.043212	
1.053687	
1.063489	
1.073643	
1.083821	
1.093984	
1.104099	
1.114205	
1.124782	
1.134893	
1.145014	
1.155131	
1.167924	
1.175476	
1.185647	
1.195783	
1.205897	
1.216134	
1.226241	
1.236398	
1.246543	
1.256696	
1.266912	
1.277049	
1.287161	
1.297384	
1.307498	
1.317673	
1.327797	
1.337957	
1.348129	
1.35822	
1.368532	
1.378711	
1.388834	
1.413157	341.93278	341.927454	343.294137	343.288811	
1.417744	341.933638	341.927454	343.294994	343.288811	
1.427843	341.936308	341.927454	343.297665	343.288811	
1.438011	341.939617	341.927454	343.300974	343.288811	
1.448258	341.943587	341.93618	343.304944	343.288811	
1.458398	341.948127	341.944907	343.309483	343.297537	
1.468537	341.953284	341.944907	343.31464	343.306264	
1.478716	341.959105	341.944907	343.320462	343.314991	
1.488836	341.965464	341.953634	343.326821	343.323717	
1.498977	341.972474	341.96236	343.333831	343.332444	
1.50924	341.980209	341.96236	343.341566	343.34117	
1.519323	341.988403	341.96236	343.349759	343.358624	
1.529562	341.997362	341.971087	343.358719	343.36735	
1.5396	342.006748	341.979814	343.368105	343.376077	
1.550271	342.017429	341.979814	343.378786	343.39353	
1.560182	342.027909	341.98854	343.389266	343.402257	
1.570302	342.039231	341.997267	343.400588	343.410984	
1.580454	342.051215	342.005994	343.412572	343.428437	
1.590656	342.063881	342.01472	343.425238	343.437164	
1.601319	342.07782	342.032174	343.439177	343.44589	
1.611428	342.091633	342.0409	343.45299	343.463343	
1.621106	342.105393	342.049627	343.466749	343.480797	
1.631283	342.120508	342.06708	343.481864	343.489523	
1.641424	342.136182	342.084533	343.497539	343.506977	
1.651706	342.152726	342.101987	343.514083	343.515703	
1.661737	342.169444	342.128167	343.530801	343.533157	
1.671918	342.187049	342.14562	343.548406	343.55061	
1.682033	342.205147	342.1718	343.566504	343.568063	
1.700262	342.24022	342.206706	343.601577	343.594243	
1.704804	342.248875	342.22416	343.610232	343.60297	
1.715109	342.269382	342.241613	343.630739	343.620423	
1.725212	342.290072	342.27652	343.651429	343.637876	
1.735388	342.311535	342.293973	343.672892	343.664056	
1.745557	342.333613	342.320153	343.69497	343.690236	
1.755656	342.356143	342.346333	343.7175	343.70769	
1.765855	342.379541	342.363786	343.740898	343.73387	
1.776043	342.403507	342.389966	343.764864	343.760049	
1.786146	342.427902	342.416146	343.789259	343.786229	
1.796324	342.45309	342.433599	343.814447	343.812409	
1.806439	342.478744	342.451053	343.840101	343.838589	
1.816722	342.505493	342.477232	343.86685	343.864769	
1.826906	342.532542	342.503412	343.893899	343.899676	
1.837064	342.560173	342.520866	343.92153	343.925856	
1.847194	342.588337	342.538319	343.949694	343.952036	
1.857394	342.617331	342.573226	343.978687	343.978216	
1.867565	342.646856	342.590679	344.008213	344.004396	
1.877702	342.676895	342.625585	344.038252	344.039302	
1.887955	342.707915	342.651765	344.069272	344.065482	
1.898009	342.738943	342.686672	344.1003	344.091662	
1.908191	342.770977	342.721579	344.132333	344.117842	
1.918491	342.804054	342.756485	344.165411	344.152749	
1.92861	342.837103	342.800118	344.19846	344.178928	
1.938812	342.871081	342.835025	344.232437	344.213835	
1.948896	342.905279	342.869932	344.266635	344.248742	
1.958997	342.940154	342.913565	344.301511	344.283648	
1.969302	342.976352	342.948471	344.337709	344.318555	
1.979332	343.01218	342.992105	344.373536	344.353461	
1.989556	343.049344	343.027011	344.4107	344.388368	
1.999629	343.086575	343.061918	344.447931	344.432001	
2.010019	343.125623	343.105551	344.48698	344.475634	
2.02146	343.169455	343.149184	344.530812	344.519268	
2.031187	343.207196	343.192817	344.568553	344.562901	
2.041463	343.247763	343.227724	344.60912	344.597808	
2.051577	343.288284	343.271357	344.649641	344.641441	
2.06173	343.329597	343.306264	344.690954	344.685074	
2.07188	343.371521	343.34117	344.732877	344.728707	
2.082053	343.414114	343.376077	344.775471	344.77234	
2.092697	343.459431	343.41971	344.820788	344.807247	
2.102387	343.501182	343.463343	344.862539	344.859607	
2.112922	343.547271	343.506977	344.908628	344.90324	
2.126164	343.60642	343.55061	344.967777	344.9556	
2.134158	343.642329	343.60297	345.003686	344.990507	
2.144308	343.688632	343.646603	345.049989	345.03414	
2.154429	343.735445	343.690236	345.096802	345.0865	
2.164571	343.78294	343.742596	345.144297	345.121406	
2.174766	343.83152	343.794956	345.192877	345.173766	
2.18497	343.880396	343.847316	345.241753	345.226126	
2.195099	343.929699	343.899676	345.291056	345.269759	
2.205232	343.979632	343.952036	345.340989	345.322119	
2.215369	344.030222	344.004396	345.391578	345.365752	
2.227121	344.089781	344.065482	345.451138	345.435566	
2.23686	344.139583	344.117842	345.50094	345.479199	
2.246988	344.192039	344.178928	345.553396	345.540285	
2.257221	344.24567	344.231288	345.607027	345.592645	
2.267281	344.299007	344.283648	345.660364	345.645005	
2.277486	344.353727	344.344735	345.715083	345.706092	
2.287614	344.408662	344.405821	345.770019	345.767178	
2.297794	344.464492	344.458181	345.825849	345.819538	
2.307945	344.520775	344.519268	345.882132	345.880625	
2.318048	344.577408	344.580354	345.938765	345.941711	
2.329418	344.641998	344.650167	346.003354	346.002798	
2.339516	344.699869	344.702527	346.061226	346.063884	
2.349622	344.758422	344.77234	346.119778	346.116244	
2.35975	344.817736	344.8247	346.179093	346.17733	
2.370211	344.879673	344.894513	346.24103	346.238417	
2.380046	344.938455	344.946873	346.299812	346.299504	
2.39054	345.001899	345.016687	346.363256	346.36059	
2.400425	345.06216	345.069046	346.423516	346.41295	
2.410525	345.124349	345.13886	346.485706	346.482763	
2.420693	345.187636	345.191219	346.548993	346.535123	
2.432286	345.260645	345.261033	346.622002	346.604936	
2.442104	345.322936	345.330846	346.684292	346.666023	
2.452227	345.387818	345.383206	346.749175	346.727109	
2.470236	345.505674	345.496652	346.867031	346.849282	
2.474852	345.53579	345.522832	346.897147	346.875462	
2.484936	345.602427	345.592645	346.963784	346.936549	
2.4951	345.670201	345.662458	347.031558	347.006362	
2.50533	345.739032	345.723545	347.100389	347.076175	
2.515373	345.807217	345.793358	347.168574	347.145988	
2.525573	345.877119	345.854445	347.238475	347.215801	
2.535756	345.947539	345.932984	347.308896	347.285615	
2.545884	346.018103	346.011524	347.379459	347.355428	
2.55605	346.089644	346.081337	347.451	347.433968	
2.56615	346.161266	346.159877	347.522623	347.512507	
2.576293	346.233834	346.238417	347.595191	347.582321	
2.586496	346.307479	346.30823	347.668836	347.66086	
2.597225	346.385643	346.395497	347.747	347.7394	
2.60729	346.4595	346.46531	347.820857	347.809213	
2.617482	346.534938	346.552576	347.896295	347.89648	
2.627561	346.610161	346.622389	347.971518	347.966293	
2.63787	346.687768	346.700929	348.049125	348.053559	
2.648011	346.764654	346.779469	348.126011	348.123373	
2.65815	346.842173	346.849282	348.203529	348.210639	
2.668388	346.921103	346.927822	348.28246	348.289179	
2.67871	347.002369	347.006362	348.363726	348.367719	
2.68863	347.078959	347.084902	348.440316	348.446259	
2.706774	347.223463	347.215801	348.58482	348.585885	
2.711339	347.259725	347.250708	348.621082	348.620791	
2.721523	347.341469	347.337974	348.702826	348.699331	
2.731752	347.424203	347.416514	348.78556	348.777871	
2.741878	347.506725	347.495054	348.868081	348.856411	
2.752037	347.590094	347.573594	348.951451	348.943677	
2.762149	347.67373	347.652134	349.035087	349.022217	
2.772324	347.758528	347.7394	349.119885	349.100757	
2.78289	347.847224	347.835393	349.208581	349.188023	
2.792751	347.930571	347.913933	349.291928	349.27529	
2.812215	348.097997	348.088466	349.459354	349.441096	
2.816785	348.137154	348.123373	349.498511	349.476003	
2.826944	348.225113	348.219366	349.58647	349.563269	
2.839667	348.336441	348.306632	349.697798	349.659262	
2.847298	348.403313	348.402625	349.76467	349.746529	
2.857519	348.493695	348.489892	349.855052	349.842522	
2.867612	348.583544	348.577158	349.9449	349.938515	
2.87771	348.674075	348.673151	350.035432	350.025781	
2.888019	348.767134	348.769144	350.128491	350.121775	
2.898081	348.858563	348.856411	350.21992	350.217768	
2.90825	348.951598	348.943677	350.312954	350.313761	
2.918403	349.045029	349.030944	350.406386	350.409754	
2.928746	349.141616	349.126937	350.502973	350.505747	
2.941002	349.255598	349.214203	350.616954	350.60174	
2.948914	349.32977	349.30147	350.691127	350.697733	
2.959018	349.425248	349.397463	350.786605	350.793726	
2.96918	349.521924	349.484729	350.883281	350.880993	
2.979313	349.61892	349.589449	350.980277	350.985713	
2.98944	349.716523	349.676716	351.07788	351.072979	
2.999638	349.815367	349.781435	351.176724	351.168972	
3.009753	349.914028	349.877429	351.275385	351.264965	
3.019946	350.014105	349.982148	351.375462	351.360958	
3.03005	350.113888	350.078141	351.475245	351.456951	
3.040286	350.215688	350.182861	351.577045	351.544218	
3.051233	350.325278	350.287581	351.686635	351.657664	
3.060509	350.418494	350.392301	351.779851	351.744931	
3.070655	350.521185	350.49702	351.882542	351.849651	
3.080851	350.625049	350.60174	351.986405	351.95437	
3.091465	350.733796	350.70646	352.095153	352.067817	
3.101143	350.833508	350.81118	352.194864	352.172536	
3.111276	350.938526	350.915899	352.299883	352.277256	
3.121493	351.045076	351.029346	352.406432	352.390703	
3.1316	351.151088	351.142792	352.512445	352.504149	
3.141753	351.25816	351.256239	352.619517	352.617595	
3.152171	351.368741	351.369685	352.730098	352.731042	
3.16235	351.477303	351.483131	352.83866	352.844488	
3.172485	351.586107	351.596578	352.947464	352.957935	
3.182558	351.694766	351.710024	353.056123	353.071381	
3.193119	351.809519	351.823471	353.170875	353.184827	
3.203115	351.918599	351.936917	353.279956	353.289547	
3.213286	352.028345	352.050363	353.389702	353.402994	
3.22376	352.140842	352.16381	353.502199	353.51644	
3.233614	352.245991	352.277256	353.607347	353.629886	
3.243747	352.353565	352.381976	353.714922	353.743333	
3.254491	352.466975	352.504149	353.828332	353.856779	
3.264496	352.571903	352.608869	353.93326	353.961499	
3.27467	352.677997	352.713589	354.039354	354.074945	
3.28479	352.782976	352.818308	354.144333	354.179665	
3.294948	352.887748	352.923028	354.249105	354.293112	
3.305134	352.992183	353.027748	354.35354	354.397831	
3.315257	353.095348	353.132468	354.456704	354.502551	
3.325382	353.197987	353.237187	354.559343	354.607271	
3.335564	353.300498	353.33318	354.661855	354.711991	
3.345728	353.402208	353.429174	354.763565	354.807984	
3.35702	353.514548	353.533893	354.875905	354.92143	
3.367139	353.614547	353.638613	354.975904	355.017423	
3.377397	353.715324	353.743333	355.076681	355.113416	
3.387454	353.813505	353.830599	355.174862	355.209409	
3.397571	353.911685	353.926592	355.273042	355.305402	
3.40776	354.009995	354.022585	355.371352	355.392669	
3.417928	354.107426	354.127305	355.468783	355.488662	
3.428063	354.203972	354.214572	355.565329	355.584655	
3.438241	354.300295	354.310565	355.661652	355.671922	
3.448712	354.39947	354.406558	355.760827	355.767915	
3.460013	354.504307	354.511278	355.865664	355.872634	
3.469837	354.595401	354.607271	355.956757	355.959901	
3.480013	354.689203	354.703264	356.050559	356.055894	
3.490128	354.78183	354.79053	356.143187	356.151887	
3.500285	354.874269	354.886523	356.235625	356.24788	
3.510442	354.966025	354.982517	356.327382	356.335147	
3.520585	355.057102	355.069783	356.418459	356.43114	
3.530735	355.147607	355.157049	356.508964	356.527133	
3.54956	355.313008	355.244316	356.674365	356.692939	
3.554175	355.353542	355.366489	356.714899	356.736572	
3.564385	355.442621	355.453755	356.803978	356.832566	
3.574497	355.530141	355.541022	356.891498	356.919832	
3.584608	355.617109	355.628288	356.978466	357.007098	
3.595467	355.709808	355.724281	357.071165	357.094365	
3.604896	355.789767	355.811548	357.151124	357.181631	
3.615016	355.874971	355.898814	357.236328	357.268898	
3.625166	355.959837	355.977354	357.321193	357.347438	
3.635344	356.044324	356.064621	357.405681	357.425978	
3.645485	356.127899	356.151887	357.489256	357.513244	
3.655641	356.211005	356.239154	357.572361	357.583057	
3.666269	356.297331	356.308967	357.658688	357.670324	
3.675977	356.375532	356.396233	357.736888	357.748863	
3.686142	356.456859	356.466046	357.818215	357.827403	
3.696363	356.538047	356.553313	357.899404	357.897216	
3.706444	356.617483	356.623126	357.97884	357.975756	
3.716627	356.697147	356.701666	358.058504	358.054296	
3.726766	356.775839	356.780206	358.137196	358.132836	
3.73696	356.854344	356.850019	358.215701	358.211376	
3.747338	356.933656	356.937285	358.295013	358.289915	
3.75744	357.010222	357.015825	358.371579	358.368455	
3.767993	357.089611	357.094365	358.450968	358.446995	
3.777855	357.163156	357.172905	358.524513	358.525535	
3.78793	357.237746	357.251445	358.599103	358.595348	
3.79811	357.31247	357.329984	358.673827	358.682615	
3.808242	357.386254	357.408524	358.747611	358.761154	
3.818459	357.460046	357.478337	358.821403	358.839694	
3.828583	357.532546	357.565604	358.893902	358.909507	
3.838728	357.60461	357.635417	358.965967	358.988047	
3.848926	357.676458	357.713957	359.037815	359.05786	
3.859036	357.747088	357.78377	359.108445	359.1364	
3.870211	357.824337	357.86231	359.185693	359.21494	
3.880293	357.893449	357.932123	359.254806	359.284753	
3.89048	357.962703	358.001936	359.324059	359.354566	
3.900575	358.030741	358.071749	359.392098	359.42438	
3.910732	358.098595	358.132836	359.459952	359.485466	
3.920973	358.166365	358.193922	359.527722	359.555279	
3.931084	358.232678	358.263736	359.594035	359.616366	
3.941221	358.29857	358.316095	359.659927	359.677452	
3.951302	358.363522	358.385909	359.724879	359.747265	
3.961729	358.430034	358.438268	359.791391	359.808352	
3.973508	358.504339	358.508082	359.865696	359.878165	
3.983205	358.564962	358.560442	359.926318	359.930525	
3.993397	358.628068	358.630255	359.989425	359.991612	
4.003471	358.68987	358.691341	360.051227	360.052698	
4.013659	358.751759	358.752428	360.113116	360.113785	
4.023816	358.812879	358.813514	360.174236	360.174871	
4.03396	358.873271	358.874601	360.234627	360.235958	
4.044125	358.933198	358.935687	360.294555	360.297044	
4.054649	358.994599	359.0055	360.355956	360.358131	
4.064784	359.053124	359.066587	360.41448	360.419217	
4.076016	359.117241	359.1364	360.478598	360.480304	
4.085802	359.172538	359.18876	360.533895	360.550117	
4.09607	359.229994	359.258573	360.59135	360.602477	
4.106125	359.285579	359.310933	360.646936	360.663563	
4.116253	359.341015	359.363293	360.702372	360.72465	
4.127076	359.401252	359.42438	360.762609	360.785736	
4.136589	359.450512	359.485466	360.811869	360.846823	
4.146706	359.504069	359.537826	360.865426	360.899183	
4.156849	359.557188	359.590186	360.918544	360.951543	
4.167044	359.609964	359.642546	360.97132	361.003902	
4.186513	359.708009	359.694906	361.069365	361.108622	
4.191276	359.732044	359.755992	361.0934	361.134802	
4.201289	359.781864	359.799625	361.143221	361.178435	
4.211369	359.831419	359.851985	361.192775	361.230795	
4.221728	359.881768	359.904345	361.243124	361.283155	
4.231695	359.929573	359.947978	361.29093	361.318062	
4.241895	359.977912	359.991612	361.339268	361.370422	
4.25201	360.025239	360.035245	361.386596	361.414055	
4.26212	360.071971	360.078878	361.433328	361.457688	
4.281307	360.158027	360.157418	361.519384	361.536228	
4.285857	360.178472	360.183598	361.539829	361.553681	
4.296147	360.223973	360.218504	361.58533	361.597314	
4.306244	360.268037	360.270864	361.629394	361.632221	
4.316352	360.311576	360.305771	361.672933	361.684581	
4.326499	360.354653	360.349404	361.71601	361.719487	
4.336693	360.397346	360.393037	361.758703	361.771847	
4.346888	360.439418	360.43667	361.800775	361.806754	
4.356993	360.480549	360.480304	361.841906	361.850387	
4.367105	360.521106	360.51521	361.882463	361.89402	
4.379577	360.570176	360.558844	361.931533	361.928927	
4.387533	360.601162	360.602477	361.962519	361.97256	
4.397647	360.639929	360.64611	362.001285	362.016193	
4.407805	360.67828	360.689743	362.039636	362.0511	
4.417956	360.715997	360.72465	362.077353	362.094733	
4.428141	360.753239	360.77701	362.114595	362.138366	
4.438275	360.789705	360.811916	362.151062	362.182	
4.448458	360.825757	360.855549	362.187114	362.216906	
4.458587	360.861003	360.890456	362.22236	362.26054	
4.468847	360.896143	360.925363	362.2575	362.295446	
4.478923	360.930006	360.960269	362.291363	362.330353	
4.489119	360.963722	360.986449	362.325079	362.365259	
4.499236	360.996551	361.021356	362.357908	362.408893	
4.509362	361.028834	361.056262	362.390191	362.443799	
4.519558	361.060743	361.073716	362.422099	362.478706	
4.529994	361.092771	361.108622	362.454128	362.504886	
4.539805	361.122331	361.134802	362.483688	362.539792	
4.549931	361.15224	361.160982	362.513597	362.565972	
4.560194	361.181971	361.187162	362.543328	362.583425	
4.570245	361.210497	361.213342	362.571854	362.600879	
4.580417	361.238779	361.239522	362.600136	362.609605	
4.590864	361.267299	361.265702	362.628656	362.627059	
4.601039	361.294262	361.283155	362.655618	362.644512	
4.611119	361.320519	361.309335	362.681876	362.661965	
4.621241	361.346288	361.335515	362.707645	362.679419	
4.63163	361.372132	361.352968	362.733489	362.696872	
4.641624	361.396412	361.379148	362.757769	362.714325	
4.651692	361.420304	361.396602	362.78166	362.749232	
4.661841	361.443801	361.422782	362.805158	362.766685	
4.671947	361.466623	361.440235	362.82798	362.792865	
4.682154	361.489086	361.457688	362.850442	362.819045	
4.692631	361.51151	361.483868	362.872867	362.853951	
4.702536	361.532149	361.501321	362.893506	362.880131	
4.712687	361.552729	361.527501	362.914086	362.906311	
4.722841	361.572734	361.553681	362.934091	362.932491	
4.733013	361.592201	361.579861	362.953558	362.958671	
4.743166	361.611037	361.597314	362.972394	362.993578	
4.753324	361.629307	361.632221	362.990664	363.019758	
4.763474	361.646993	361.658401	363.00835	363.045938	
4.773603	361.664064	361.684581	363.025421	363.063391	
4.783751	361.680604	361.702034	363.041961	363.089571	
4.794658	361.697696	361.728214	363.059052	363.098298	
4.814571	361.726187	361.771847	363.087544	363.115751	
4.819226	361.732917	361.771847	363.094274	363.124478	
4.829327	361.746836	361.789301	363.108193	363.124478	
4.839581	361.760384	361.806754	363.121741	363.124478	
4.84976	361.77327	361.806754	363.134627	363.124478	
4.859833	361.785475	361.806754	363.146831	363.115751	
4.869936	361.797163	361.815481	363.15852	363.115751	
4.880279	361.808558	361.815481	363.169914	363.124478	
4.893096	361.821707	361.824207	363.183064	363.124478	
4.900496	361.829109	361.824207	363.190466	363.133204	
4.910605	361.838614	361.824207	363.199971	363.141931	
4.920865	361.847707	361.832934	363.209064	363.150657	
4.938891	361.861625	361.832934	363.222982	363.176837	
4.943471	361.86521	361.841661	363.226567	363.185564	
4.953702	361.872552	361.841661	363.233909	363.203017	
4.963776	361.879276	361.841661	363.240633	363.211744	
4.974114	361.88564	361.850387	363.246997	363.229197	
4.984123	361.891321	361.859114	363.252677	363.237924	
4.996811	361.897666	361.86784	363.259023	363.255377	
5.004459	361.901304	361.876567	363.262661	363.272831	
5.014604	361.905599	361.885294	363.266956	363.290284	
5.02486	361.909462	361.89402	363.270819	363.29901	
5.035043	361.912845	361.911474	363.274202	363.307737	
5.045186	361.915779	361.911474	363.277136	363.307737	
5.055694	361.918361	361.928927	363.279718	363.307737	
5.06583	361.920467	361.928927	363.281824	363.307737	
5.075928	361.922198	361.94638	363.283555	363.29901	
5.086073	361.927454	361.94638	363.288811	363.290284	
5.100979	361.927454	361.94638	363.288811	363.281557	
5.106421	361.927454	361.94638	363.288811	363.272831	
5.116522	361.927454	361.94638	363.288811	363.264104	
5.126662	361.927454	361.94638	363.288811	363.255377	
5.136889	361.927454	361.94638	363.288811	363.255377	
5.147074	361.927454	361.937654	363.288811	363.246651	
5.157122	361.927454	361.937654	363.288811	363.246651	
5.167266	361.927454	361.937654	363.288811	363.255377	
5.177502	361.927454	361.937654	363.288811	363.255377	
5.187573	361.927454	361.937654	363.288811	363.264104	
5.197784	361.927454	361.937654	363.288811	363.272831	
5.208288	361.927454	361.937654	363.288811	363.281557	
5.218096	361.927454	361.937654	363.288811	363.290284	
5.228225	361.927454	361.937654	363.288811	363.307737	
5.238387	361.927454	361.937654	363.288811	363.316464	
5.248746	361.927454	361.937654	363.288811	363.32519	
5.258717	361.927454	361.937654	363.288811	363.32519	
5.268845	361.927454	361.937654	363.288811	363.32519	
5.279025	361.927454	361.937654	363.288811	363.32519	
5.289085	361.927454	361.937654	363.288811	363.316464	
5.299237	361.927454	361.937654	363.288811	363.307737	
5.309397	361.927454	361.937654	363.288811	363.307737	
5.319597	361.927454	361.937654	363.288811	363.290284	
5.32979	361.927454	361.937654	363.288811	363.281557	
5.339877	361.927454	361.937654	363.288811	363.272831	
5.350006	361.927454	361.937654	363.288811	363.272831	
5.360265	361.927454	361.937654	363.288811	363.264104	
5.370338	361.927454	361.937654	363.288811	363.255377	
5.380468	361.927454	361.937654	363.288811	363.255377	
5.390617	361.927454	361.937654	363.288811	363.255377	
5.400763	361.927454	361.937654	363.288811	363.255377	
5.411397	361.927454	361.937654	363.288811	363.264104	
5.421115	361.927454	361.937654	363.288811	363.272831	
5.431248	361.927454	361.937654	363.288811	363.281557	
5.441386	361.927454	361.937654	363.288811	363.290284	
5.451495	361.927454	361.937654	363.288811	363.29901	
5.461767	361.927454	361.937654	363.288811	363.307737	
5.471825	361.927454	361.937654	363.288811	363.316464	
5.482049	361.927454	361.937654	363.288811	363.32519	
5.492134	361.927454	361.937654	363.288811	363.32519	
5.502292	361.927454	361.937654	363.288811	363.333917	
5.520741	361.927454	361.937654	363.288811	363.32519	
5.525295	361.927454	361.937654	363.288811	363.32519	
5.535418	361.927454	361.937654	363.288811	363.316464	
5.545679	361.927454	361.937654	363.288811	363.307737	
5.556442	361.927454	361.937654	363.288811	363.29901	
5.566532	361.927454	361.937654	363.288811	363.290284	
5.576684	361.927454	361.937654	363.288811	363.272831	
5.586826	361.927454	361.937654	363.288811	363.264104	
5.597421	361.927454	361.937654	363.288811	363.255377	
5.607146	361.927454	361.937654	363.288811	363.255377	
5.617252	361.927454	361.937654	363.288811	363.255377	
5.627411	361.927454	361.937654	363.288811	363.255377	
5.637583	361.927454	361.937654	363.288811	363.255377	
5.647728	361.927454	361.937654	363.288811	363.264104	
5.657916	361.927454	361.937654	363.288811	363.272831	
5.668046	361.927454	361.937654	363.288811	363.272831	
5.678201	361.927454	361.937654	363.288811	363.290284	
5.688414	361.927454	361.937654	363.288811	363.29901	
5.698557	361.927454	361.937654	363.288811	363.307737	
5.708686	361.927454	361.937654	363.288811	363.307737	
5.718826	361.927454	361.937654	363.288811	363.32519	
5.75335	361.927454	361.937654	363.288811	363.342644	
5.761154	361.927454	361.937654	363.288811	363.342644	
