0.03715142	
0.04527607	
0.05187079	
0.06200036	
0.07217192	
0.08230549	
0.09247406	
0.1025916	
0.1128272	
0.1228848	
0.1330573	
0.1432419	
0.1533745	
0.163505	
0.1736306	
0.1838442	
0.1940547	
0.2041883	
0.2143209	
0.2245664	
0.234672	
0.2448376	
0.2549821	
0.2651277	
0.2752543	
0.2853898	
0.2955484	
0.305696	
0.3158225	
0.3260061	
0.3361177	
0.3462622	
0.3563978	
0.3665124	
0.3766989	
0.3868095	
0.3969631	
0.4071386	
0.4173052	
0.4274198	
0.4375163	
0.4476759	
0.4579155	
0.46797	
0.4781216	
0.4884912	
0.4985207	
0.5087263	
0.5188609	
0.5289814	
0.539119	
0.5492746	
0.5594192	
0.5695117	
0.5796863	
0.5898779	
0.5999604	
0.610174	
0.6202836	
0.6304991	
0.6406547	
0.6507303	
0.6609088	
0.6710814	
0.681255	
0.6913625	
0.7015201	
0.7116747	
0.7218212	
0.7319798	
0.7421224	
0.7522839	
0.7624175	
0.7726091	
0.7827406	
0.7929052	
0.8030528	
0.8131933	
0.8233999	
0.8335095	
0.843647	
0.8537976	
0.8639532	
0.8741117	
0.8842663	
0.8944129	
0.9046334	
0.914708	
0.9248676	
0.9350351	
0.9451577	
0.9552963	
0.9654368	
0.9755864	
0.986187	
0.9983394	
1.00641	
1.016601	
1.026689	
1.036819	
1.047063	
1.057132	
1.075236	
1.07963	
1.089798	
1.099925	
1.1101	
1.120643	
1.130759	
1.140853	
1.151051	
1.161185	
1.171284	
1.181493	
1.191675	
1.201801	
1.211943	
1.222095	
1.23228	
1.24239	
1.252536	
1.262695	
1.272863	
1.283006	
1.293184	
1.30335	
1.31348	
1.323636	
1.333736	
1.343943	
1.359988	379.855779	379.853458	379.593979	379.591659	
1.364676	379.856427	379.853458	379.594628	379.591659	
1.374771	379.8586	379.853458	379.596801	379.600386	
1.385213	379.861513	379.853458	379.599714	379.609112	
1.395077	379.864831	379.862185	379.603032	379.609112	
1.405195	379.868856	379.870912	379.607057	379.609112	
1.41537	379.873528	379.879638	379.611728	379.609112	
1.425494	379.878789	379.888365	379.61699	379.609112	
1.43564	379.884679	379.897092	379.62288	379.617839	
1.44576	379.89117	379.905818	379.62937	379.626566	
1.455939	379.898319	379.905818	379.63652	379.635292	
1.466769	379.906658	379.897092	379.644859	379.644019	
1.476951	379.915091	379.888365	379.653291	379.661472	
1.487285	379.924302	379.897092	379.662503	379.678925	
1.497263	379.933776	379.905818	379.671977	379.696379	
1.507861	379.944538	379.905818	379.682739	379.713832	
1.517527	379.954888	379.914545	379.693089	379.713832	
1.527651	379.966354	379.923272	379.704555	379.722559	
1.548677	379.993515	379.940725	379.731716	379.713832	
1.553205	379.99925	379.958178	379.737451	379.713832	
1.56653	380.0176	379.966905	379.7558	379.713832	
1.573916	380.027999	379.975631	379.7662	379.722559	
1.583715	380.042322	379.993085	379.780522	379.731285	
1.593902	380.057911	380.010538	379.796112	379.740012	
1.604038	380.074048	380.036718	379.812248	379.748739	
1.614137	380.090717	380.054171	379.828918	379.774919	
1.624298	380.108121	380.080351	379.846322	379.792372	
1.634523	380.126262	380.097804	379.864463	379.818552	
1.644682	380.144992	380.115258	379.883192	379.844732	
1.654837	380.164153	380.141438	379.902354	379.879638	
1.66521	380.184476	380.167618	379.922676	379.905818	
1.675139	380.204511	380.185071	379.942711	379.940725	
1.68533	380.225688	380.211251	379.963889	379.966905	
1.6955	380.247444	380.237431	379.985645	380.001811	
1.705605	380.269683	380.254884	380.007883	380.027991	
1.715932	380.293059	380.289791	380.03126	380.062898	
1.726396	380.3174	380.307244	380.055601	380.097804	
1.736073	380.340439	380.333424	380.07864	380.132711	
1.746227	380.365252	380.359604	380.103453	380.167618	
1.756347	380.390601	380.385784	380.128801	380.193798	
1.76664	380.417032	380.411964	380.155232	380.211251	
1.776758	380.44362	380.429417	380.18182	380.228704	
1.78686	380.470767	380.455597	380.208967	380.237431	
1.796996	380.498619	380.481777	380.23682	380.254884	
1.807163	380.52719	380.49923	380.26539	380.263611	
1.825609	380.581532	380.52541	380.319732	380.298517	
1.83017	380.594889	380.55159	380.333089	380.307244	
1.840309	380.625399	380.586497	380.3636	380.333424	
1.850458	380.656546	380.60395	380.394746	380.359604	
1.860586	380.688239	380.638857	380.42644	380.385784	
1.870736	380.720646	380.665037	380.458847	380.411964	
1.881326	380.755148	380.691216	380.493349	380.44687	
1.89109	380.787465	380.726123	380.525666	380.481777	
1.901234	380.821679	380.76103	380.55988	380.516684	
1.911382	380.856549	380.795936	380.594749	380.560317	
1.921587	380.892248	380.830843	380.630449	380.595223	
1.931706	380.92823	380.865749	380.666431	380.638857	
1.941866	380.964986	380.900656	380.703186	380.68249	
1.952023	381.002346	380.944289	380.740546	380.726123	
1.962195	381.040401	380.987922	380.778601	380.778483	
1.972353	381.078999	381.031556	380.8172	380.822116	
1.982605	381.118643	381.075189	380.856844	380.865749	
1.99276	381.158462	381.127549	380.896662	380.918109	
2.002888	381.1988	381.162455	380.937001	380.961742	
2.012989	381.23965	381.214815	380.977851	381.005376	
2.023184	381.281524	381.249722	381.019725	381.049009	
2.033284	381.323592	381.293355	381.061792	381.092642	
2.043708	381.367736	381.336988	381.105936	381.145002	
2.053578	381.41001	381.380621	381.14821	381.179909	
2.063702	381.454043	381.424255	381.192243	381.223542	
2.07384	381.49874	381.467888	381.236941	381.267175	
2.084084	381.544566	381.511521	381.282766	381.310808	
2.094244	381.590596	381.555154	381.328796	381.354442	
2.104396	381.637221	381.598788	381.375421	381.389348	
2.11462	381.684811	381.642421	381.423012	381.432981	
2.124939	381.734611	381.686054	381.472812	381.476615	
2.134932	381.781222	381.729687	381.519423	381.520248	
2.145072	381.830262	381.773321	381.568462	381.563881	
2.155219	381.879973	381.82568	381.618173	381.598788	
2.165345	381.930191	381.87804	381.668391	381.651148	
2.175458	381.980978	381.9304	381.719178	381.694781	
2.186185	382.035501	381.98276	381.773702	381.738414	
2.196281	382.087449	382.03512	381.825649	381.790774	
2.206395	382.140077	382.08748	381.878278	381.843134	
2.216594	382.19379	382.13984	381.931991	381.90422	
2.226718	382.247748	382.200926	381.985949	381.95658	
2.236879	382.302459	382.262013	382.040659	382.017667	
2.247016	382.357705	382.331826	382.095905	382.078753	
2.257169	382.413635	382.384186	382.151835	382.13984	
2.26735	382.47037	382.453999	382.208571	382.209653	
2.277856	382.529577	382.515086	382.267778	382.270739	
2.288821	382.592113	382.593625	382.330314	382.340553	
2.298919	382.650262	382.654712	382.388463	382.401639	
2.309053	382.709247	382.715798	382.447448	382.462726	
2.319211	382.768997	382.785612	382.507198	382.523812	
2.329392	382.829505	382.846698	382.567706	382.584899	
2.339576	382.89066	382.907785	382.628861	382.645985	
2.349693	382.951994	382.960144	382.690194	382.707072	
2.359919	383.014668	383.021231	382.752869	382.768158	
2.370096	383.077613	383.082318	382.815814	382.829245	
2.380211	383.140824	383.134677	382.879024	382.890331	
2.391397	383.211526	383.204491	382.949726	382.951418	
2.401532	383.276133	383.25685	383.014334	383.012504	
2.411661	383.341318	383.317937	383.079518	383.064864	
2.421815	383.407289	383.379023	383.145489	383.134677	
2.431966	383.473878	383.44011	383.212079	383.187037	
2.442222	383.541784	383.501197	383.279985	383.25685	
2.452314	383.609191	383.57101	383.347391	383.317937	
2.46247	383.677666	383.632096	383.415866	383.379023	
2.472943	383.748946	383.710636	383.487146	383.448837	
2.482753	383.816258	383.780449	383.554459	383.51865	
2.493936	383.89381	383.850262	383.63201	383.59719	
2.504111	383.96497	383.928802	383.703171	383.675729	
2.514284	384.036659	384.007342	383.77486	383.754269	
2.524429	384.108831	384.085882	383.847032	383.832809	
2.534527	384.181272	384.164422	383.919473	383.902622	
2.544855	384.256084	384.242961	383.994284	383.989889	
2.554856	384.328995	384.321501	384.067195	384.068429	
2.56497	384.403384	384.408768	384.141584	384.146968	
2.575118	384.478686	384.487308	384.216887	384.216782	
2.585285	384.554706	384.565847	384.292907	384.304048	
2.596659	384.6406	384.653114	384.378801	384.391314	
2.606809	384.71781	384.722927	384.456011	384.469854	
2.616934	384.795444	384.801467	384.533645	384.548394	
2.627038	384.873514	384.880007	384.611714	384.626934	
2.645428	385.018174	384.94982	384.756375	384.76656	
2.650025	385.05427	385.045813	384.792471	384.801467	
2.660129	385.134345	385.124353	384.872546	384.880007	
2.670297	385.215566	385.202893	384.953766	384.94982	
2.68067	385.2991	385.281432	385.037301	385.037086	
2.690611	385.379712	385.359972	385.117912	385.106899	
2.701107	385.465569	385.447239	385.20377	385.194166	
2.710979	385.546776	385.525778	385.284977	385.263979	
2.721107	385.630746	385.604318	385.368947	385.351246	
2.731287	385.715813	385.691585	385.454014	385.429785	
2.741406	385.800966	385.770125	385.539167	385.517052	
2.751625	385.887633	385.857391	385.625834	385.604318	
2.761776	385.974263	385.944657	385.712463	385.682858	
2.771908	386.061371	386.031924	385.799571	385.778851	
2.782097	386.149585	386.11919	385.887786	385.866118	
2.792199	386.23769	386.215184	385.975891	385.953384	
2.802435	386.327597	386.30245	386.065798	386.049377	
2.8126	386.417472	386.398443	386.155673	386.136644	
2.822734	386.507679	386.48571	386.245879	386.241363	
2.832944	386.599199	386.581703	386.337399	386.32863	
2.843021	386.690159	386.677696	386.428359	386.424623	
2.853211	386.782747	386.764962	386.520948	386.520616	
2.863419	386.876152	386.852229	386.614353	386.616609	
2.87366	386.970453	386.948222	386.708654	386.712602	
2.88384	387.064802	387.044215	386.803003	386.817322	
2.893942	387.159029	387.131481	386.89723	386.904589	
2.904489	387.258174	387.227474	386.996375	387.009308	
2.914642	387.354139	387.323468	387.092339	387.105301	
2.924786	387.450693	387.410734	387.188893	387.192568	
2.934946	387.547961	387.506727	387.286162	387.288561	
2.945232	387.647133	387.60272	387.385334	387.384554	
2.955245	387.744209	387.689987	387.482409	387.471821	
2.965419	387.843521	387.794707	387.581721	387.567814	
2.975602	387.943503	387.8907	387.681704	387.663807	
2.985701	388.04328	387.986693	387.781481	387.7598	
2.995793	388.143648	388.091412	387.881849	387.855793	
3.007622	388.262147	388.204859	388.000347	387.969239	
3.017681	388.363467	388.309579	388.101668	388.073959	
3.027789	388.465865	388.405572	388.204066	388.169952	
3.037941	388.56937	388.510291	388.30757	388.274672	
3.048772	388.680564	388.623738	388.418764	388.388118	
3.05828	388.778562	388.737184	388.516763	388.492838	
3.068765	388.887421	388.841904	388.625622	388.606285	
3.078861	388.992801	388.946624	388.731001	388.719731	
3.088953	389.09877	389.06007	388.836971	388.824451	
3.099327	389.208366	389.173517	388.946566	388.946624	
3.110263	389.324666	389.29569	389.062867	389.068797	
3.120369	389.432645	389.417863	389.170846	389.173517	
3.130528	389.541833	389.531309	389.280034	389.29569	
3.140675	389.651552	389.644756	389.389753	389.409136	
3.150804	389.761681	389.766929	389.499882	389.522582	
3.161001	389.873165	389.880375	389.611365	389.627302	
3.171154	389.982936	389.993821	389.721136	389.740749	
3.181369	390.092754	390.107268	389.830954	389.854195	
3.191497	390.201007	390.220714	389.939208	389.958915	
3.201582	390.308208	390.334161	390.046408	390.081088	
3.212885	390.427618	390.447607	390.165818	390.203261	
3.223023	390.534086	390.552327	390.272286	390.307981	
3.233172	390.640046	390.657046	390.378246	390.4127	
3.243322	390.745413	390.761766	390.483614	390.51742	
3.253425	390.849677	390.866486	390.587878	390.62214	
3.264012	390.958326	390.971206	390.696526	390.72686	
3.274226	391.062508	391.075925	390.800708	390.840306	
3.284303	391.164602	391.180645	390.902803	390.936299	
3.294442	391.266832	391.276638	391.005033	391.041019	
3.304599	391.368559	391.372631	391.10676	391.137012	
3.315589	391.477944	391.486078	391.216145	391.250458	
3.325787	391.578796	391.582071	391.316996	391.337725	
3.335929	391.678473	391.686791	391.416674	391.442445	
3.346017	391.777036	391.782784	391.515237	391.538438	
3.356501	391.878841	391.878777	391.617042	391.634431	
3.366298	391.973388	391.97477	391.711588	391.730424	
3.376446	392.070737	392.070763	391.808938	391.826417	
3.386595	392.167436	392.166756	391.905636	391.92241	
3.396778	392.263898	392.262749	392.002098	392.018403	
3.40705	392.360525	392.358742	392.098726	392.10567	
3.418282	392.465403	392.472189	392.203603	392.219116	
3.428357	392.558889	392.559455	392.297089	392.315109	
3.438473	392.652201	392.655448	392.390402	392.411102	
3.448652	392.745422	392.751442	392.483623	392.507095	
3.467029	392.911334	392.917248	392.649535	392.672902	
3.47157	392.952364	392.960881	392.690565	392.716535	
3.481765	393.043762	393.048148	392.781963	392.812528	
3.49191	393.134102	393.135414	392.872302	392.908521	
3.502017	393.223462	393.22268	392.961663	392.995788	
3.512224	393.313164	393.309947	393.051365	393.083054	
3.522535	393.403109	393.397213	393.14131	393.170321	
3.532548	393.489783	393.48448	393.227984	393.257587	
3.552744	393.661769	393.659013	393.399969	393.43212	
3.557354	393.701075	393.693919	393.439275	393.467027	
3.567879	393.790013	393.781186	393.528214	393.554293	
3.577642	393.871976	393.868452	393.610177	393.624106	
3.587748	393.95622	393.946992	393.69442	393.711373	
3.597884	394.040078	394.025532	393.778279	393.781186	
3.608044	394.123555	394.112798	393.861755	393.868452	
3.620406	394.22418	394.200065	393.962381	393.946992	
3.628416	394.289014	394.278605	394.027215	394.025532	
3.638533	394.370261	394.357144	394.108462	394.112798	
3.648826	394.452336	394.444411	394.190537	394.191338	
3.658837	394.531546	394.531677	394.269747	394.269878	
3.669295	394.613662	394.610217	394.351863	394.357144	
3.679436	394.692705	394.688757	394.430906	394.444411	
3.689569	394.771008	394.767297	394.509209	394.522951	
3.69975	394.84912	394.845837	394.587321	394.610217	
3.709851	394.925986	394.933103	394.664187	394.688757	
3.720013	395.002726	395.011643	394.740926	394.767297	
3.730296	395.079756	395.090183	394.817956	394.845837	
3.740376	395.15464	395.168723	394.892841	394.924376	
3.750501	395.22928	395.247262	394.96748	395.002916	
3.760725	395.303984	395.325802	395.042184	395.072729	
3.77084	395.377332	395.404342	395.115532	395.142543	
3.781001	395.450386	395.474155	395.188587	395.221082	
3.791136	395.522675	395.543968	395.260876	395.290896	
3.801323	395.594648	395.613782	395.332849	395.351982	
3.811439	395.665559	395.683595	395.403759	395.421795	
3.821608	395.736248	395.753408	395.474448	395.491609	
3.831845	395.806773	395.823221	395.544974	395.561422	
3.841962	395.875844	395.893034	395.614044	395.631235	
3.852123	395.94463	395.962847	395.68283	395.692321	
3.862266	396.012891	396.023934	395.751092	395.762135	
3.8724	396.080048	396.08502	395.818249	395.831948	
3.88259	396.147194	396.154834	395.885395	395.893034	
3.892717	396.213308	396.207193	395.951508	395.962847	
3.903011	396.279925	396.277007	396.018126	396.023934	
3.913073	396.344387	396.34682	396.082588	396.08502	
3.92317	396.408489	396.407906	396.14669	396.154834	
3.933444	396.473136	396.468993	396.211337	396.224647	
3.943602	396.536361	396.538806	396.274562	396.29446	
3.953716	396.598753	396.608619	396.336954	396.355546	
3.963858	396.660704	396.669706	396.398904	396.416633	
3.973973	396.721893	396.730792	396.460093	396.47772	
3.984189	396.783085	396.791879	396.521286	396.538806	
3.994393	396.843586	396.852965	396.581787	396.608619	
4.014493	396.959815	396.975138	396.698015	396.730792	
4.019203	396.987068	397.010045	396.725268	396.756972	
4.031903	397.059526	397.071131	396.797727	396.818059	
4.039612	397.103186	397.132218	396.841387	396.879145	
4.049743	397.159968	397.184578	396.898169	396.940232	
4.059816	397.215774	397.245664	396.953975	396.992592	
4.069956	397.271383	397.298024	397.009583	397.062405	
4.080106	397.326434	397.359111	397.064635	397.114765	
4.090355	397.381396	397.411471	397.119597	397.167125	
4.100429	397.434833	397.463831	397.173034	397.219484	
4.110736	397.488895	397.51619	397.227096	397.271844	
4.120794	397.541017	397.56855	397.279218	397.324204	
4.133273	397.604778	397.62091	397.342979	397.376564	
4.141137	397.644611	397.67327	397.382812	397.428924	
4.151274	397.695356	397.716903	397.433556	397.481284	
4.16144	397.745613	397.769263	397.483814	397.524917	
4.171542	397.794991	397.812896	397.533191	397.56855	
4.181754	397.844276	397.865256	397.582477	397.62091	
4.191881	397.892547	397.90889	397.630748	397.664543	
4.202046	397.940401	397.952523	397.678602	397.708177	
4.212188	397.987531	397.996156	397.725732	397.760537	
4.224042	398.041771	398.048516	397.779971	397.812896	
4.236059	398.09589	398.092149	397.834091	397.85653	
4.244333	398.132803	398.135782	397.871003	397.900163	
4.254446	398.177299	398.179416	397.9155	397.935069	
4.264637	398.221525	398.223049	397.959726	397.987429	
4.274816	398.265102	398.266682	398.003302	398.031063	
4.285134	398.308973	398.301589	398.047173	398.074696	
4.295112	398.350192	398.353948	398.088392	398.118329	
4.305254	398.391806	398.397582	398.130007	398.161962	
4.315388	398.43278	398.441215	398.170981	398.205595	
4.325575	398.473377	398.476122	398.211577	398.249229	
4.335698	398.513118	398.511028	398.251318	398.284135	
4.345974	398.552843	398.563388	398.291043	398.327769	
4.356046	398.591182	398.598295	398.329383	398.371402	
4.366161	398.629212	398.641928	398.367413	398.415035	
4.376306	398.666513	398.685561	398.404714	398.458668	
4.386641	398.704004	398.720468	398.442205	398.493575	
4.396636	398.739687	398.755374	398.477887	398.528481	
4.406783	398.775323	398.790281	398.513524	398.572115	
4.416983	398.810525	398.825187	398.548726	398.615748	
4.427087	398.844816	398.860094	398.583017	398.650654	
4.44609	398.906742	398.895001	398.644942	398.703014	
4.450772	398.922027	398.94736	398.660228	398.711741	
4.460932	398.954515	398.982267	398.692716	398.737921	
4.47107	398.986335	399.017174	398.724536	398.764101	
4.481252	399.017683	399.034627	398.755884	398.790281	
4.491436	399.04845	399.069533	398.786651	398.816461	
4.501591	399.07852	399.10444	398.81672	398.842641	
4.511772	399.108082	399.13062	398.846283	398.877547	
4.521902	399.136895	399.1568	398.875095	398.903727	
4.532036	399.165135	399.174253	398.903336	398.929907	
4.5439	399.19735	399.20916	398.935551	398.964814	
4.552387	399.220019	399.226613	398.95822	398.990994	
4.562503	399.24643	399.244066	398.98463	399.017174	
4.572632	399.272293	399.270246	399.010494	399.05208	
4.582756	399.297556	399.296426	399.035756	399.07826	
4.593012	399.322541	399.31388	399.060742	399.113167	
4.603111	399.346559	399.34006	399.084759	399.139347	
4.613298	399.370197	399.366239	399.108397	399.165527	
4.62342	399.393094	399.383693	399.131295	399.18298	
4.641573	399.431889	399.401146	399.17009	399.20916	
4.648046	399.445695	399.436053	399.183895	399.20916	
4.656346	399.462953	399.453506	399.201154	399.217886	
4.666481	399.483401	399.479686	399.221602	399.226613	
4.676606	399.503253	399.497139	399.241454	399.226613	
4.686737	399.522543	399.523319	399.260744	399.23534	
4.696966	399.541422	399.540772	399.279622	399.252793	
4.707047	399.559454	399.558226	399.297655	399.26152	
4.717222	399.577078	399.593132	399.315279	399.278973	
4.727547	399.594362	399.601859	399.332562	399.296426	
4.737507	399.610484	399.628039	399.348685	399.322606	
4.750543	399.63054	399.645492	399.368741	399.348786	
4.757809	399.641529	399.654219	399.379729	399.366239	
4.767963	399.656243	399.671672	399.394443	399.392419	
4.778101	399.670369	399.689125	399.408569	399.418599	
4.788207	399.683887	399.697852	399.422088	399.436053	
4.798423	399.696982	399.715305	399.435182	399.462233	
4.808541	399.709383	399.732759	399.447583	399.488412	
4.818753	399.721332	399.750212	399.459533	399.505866	
4.828884	399.732636	399.758939	399.470837	399.523319	
4.839003	399.743372	399.767665	399.481573	399.523319	
4.851717	399.755919	399.776392	399.494119	399.532046	
4.859638	399.763487	399.785118	399.501688	399.532046	
4.869724	399.772536	399.793845	399.510737	399.532046	
4.879919	399.781134	399.802572	399.519335	399.523319	
4.89004	399.789138	399.811298	399.527338	399.514592	
4.900223	399.796657	399.820025	399.534858	399.505866	
4.910465	399.803678	399.828752	399.541878	399.505866	
4.920633	399.810125	399.820025	399.548325	399.514592	
4.930787	399.816049	399.820025	399.554249	399.523319	
4.940899	399.821447	399.802572	399.559648	399.532046	
4.951115	399.826394	399.802572	399.564595	399.540772	
4.961306	399.830836	399.811298	399.569037	399.558226	
4.97143	399.834775	399.820025	399.572976	399.575679	
4.981587	399.838262	399.820025	399.576463	399.584406	
4.9918	399.841315	399.837478	399.579516	399.601859	
5.001922	399.843914	399.837478	399.582115	399.610586	
5.012084	399.846114	399.854932	399.584315	399.610586	
5.022196	399.847924	399.854932	399.586125	399.610586	
5.032352	399.853458	399.872385	399.591659	399.610586	
5.04249	399.853458	399.872385	399.591659	399.601859	
5.052696	399.853458	399.889838	399.591659	399.593132	
5.062901	399.853458	399.889838	399.591659	399.593132	
5.073044	399.853458	399.889838	399.591659	399.584406	
5.083125	399.853458	399.889838	399.591659	399.575679	
5.093306	399.853458	399.872385	399.591659	399.575679	
5.103473	399.853458	399.863658	399.591659	399.566952	
5.11366	399.853458	399.854932	399.591659	399.558226	
5.123732	399.853458	399.837478	399.591659	399.566952	
5.133917	399.853458	399.820025	399.591659	399.566952	
5.144074	399.853458	399.820025	399.591659	399.575679	
5.15426	399.853458	399.802572	399.591659	399.584406	
5.164417	399.853458	399.802572	399.591659	399.601859	
5.174535	399.853458	399.811298	399.591659	399.610586	
5.184981	399.853458	399.820025	399.591659	399.619312	
5.195048	399.853458	399.828752	399.591659	399.628039	
5.205184	399.853458	399.837478	399.591659	399.636765	
5.215349	399.853458	399.854932	399.591659	399.636765	
5.225491	399.853458	399.872385	399.591659	399.628039	
5.235605	399.853458	399.889838	399.591659	399.628039	
5.245803	399.853458	399.898565	399.591659	399.610586	
5.255954	399.853458	399.907292	399.591659	399.601859	
5.266138	399.853458	399.907292	399.591659	399.593132	
5.276181	399.853458	399.907292	399.591659	399.575679	
5.286377	399.853458	399.898565	399.591659	399.566952	
5.296501	399.853458	399.889838	399.591659	399.549499	
5.306634	399.853458	399.872385	399.591659	399.540772	
5.316783	399.853458	399.854932	399.591659	399.540772	
5.326921	399.853458	399.837478	399.591659	399.540772	
5.33712	399.853458	399.820025	399.591659	399.540772	
5.347281	399.853458	399.802572	399.591659	399.549499	
5.357427	399.853458	399.802572	399.591659	399.558226	
5.367575	399.853458	399.793845	399.591659	399.575679	
5.378091	399.853458	399.793845	399.591659	399.593132	
5.387807	399.853458	399.802572	399.591659	399.610586	
5.397945	399.853458	399.811298	399.591659	399.619312	
5.408106	399.853458	399.820025	399.591659	399.636765	
5.418281	399.853458	399.837478	399.591659	399.645492	
5.42839	399.853458	399.854932	399.591659	399.645492	
5.438526	399.853458	399.872385	399.591659	399.645492	
5.448741	399.853458	399.889838	399.591659	399.645492	
5.45888	399.853458	399.907292	399.591659	399.636765	
5.469059	399.853458	399.924745	399.591659	399.628039	
5.479221	399.853458	399.924745	399.591659	399.610586	
5.489498	399.853458	399.924745	399.591659	399.593132	
5.499525	399.853458	399.907292	399.591659	399.575679	
5.509648	399.853458	399.898565	399.591659	399.558226	
5.519877	399.853458	399.889838	399.591659	399.540772	
5.529974	399.853458	399.863658	399.591659	399.532046	
5.550583	399.853458	399.820025	399.591659	399.532046	
5.55514	399.853458	399.811298	399.591659	399.532046	
5.565269	399.853458	399.802572	399.591659	399.540772	
5.590982	399.853458	399.785118	399.591659	399.575679	
5.609037	399.853458	399.793845	399.591659	399.610586	
