0.03783639	
0.04238719	
0.05299974	
0.06276732	
0.07285089	
0.08296146	
0.09310203	
0.1032586	
0.1134542	
0.1235947	
0.1339463	
0.1440669	
0.1541674	
0.164297	
0.1744726	
0.1845811	
0.1946847	
0.2048913	
0.2150108	
0.2252054	
0.2431666	
0.2474624	
0.257599	
0.2677976	
0.2779321	
0.2881277	
0.2982313	
0.3083489	
0.3185894	
0.328691	
0.3388256	
0.3489621	
0.3591247	
0.3693223	
0.3794538	
0.3895644	
0.399736	
0.4098685	
0.4204211	
0.4305856	
0.4406902	
0.4508228	
0.4609683	
0.4711139	
0.4815235	
0.491423	
0.5015546	
0.5116712	
0.5218198	
0.5320213	
0.5421439	
0.5523035	
0.562506	
0.5725996	
0.5827942	
0.5929307	
0.6030493	
0.6132019	
0.6233434	
0.633555	
0.6436696	
0.6538721	
0.6640577	
0.6740833	
0.6842358	
0.6943954	
0.704741	
0.7148515	
0.7249541	
0.7351647	
0.7470561	
0.7554608	
0.7656074	
0.7924612	
0.796873	
0.8070076	
0.8171652	
0.8272977	
0.8374193	
0.8476299	
0.8577554	
0.867895	
0.8780496	
0.8882231	
0.8983877	
0.9085033	
0.9186858	
0.9287844	
0.938945	
0.9490835	
0.9592551	
0.9694657	
0.9795382	
0.9897098	
0.9998444	
1.009942	
1.020104	
1.030282	
1.040424	
1.050574	
1.060712	
1.070894	
1.080986	
1.101401	
1.105821	
1.115944	
1.126096	
1.136296	
1.146364	
1.156551	
1.166719	
1.176821	
1.186991	
1.197115	
1.207323	
1.217567	
1.227582	
1.237766	
1.247993	
1.258054	
1.268215	
1.278325	
1.288514	
1.298631	
1.308781	
1.318977	
1.330775	
1.339255	
1.349351	
1.359526	
1.36971	
1.379853	
1.390001	
1.400194	
1.4103	
1.420442	
1.430627	
1.440762	
1.450902	
1.461051	
1.471187	
1.481382	
1.492055	
1.501609	
1.511716	
1.521848	
1.532786	
1.542921	
1.553004	
1.563142	
1.573309	
1.583494	
1.593657	
1.603823	
1.613947	
1.624474	
1.634194	
1.644354	
1.654503	
1.666348	
1.674775	
1.684878	
1.695051	
1.705227	
1.723231	
1.727587	
1.737742	
1.747903	
1.758034	
1.768242	
1.778439	
1.788531	
1.798728	
1.80882	
1.818938	
1.829134	
1.839471	
1.849476	
1.867824	
1.872201	
1.882331	
1.892481	
1.902655	
1.912733	
1.92287	
1.93301	
1.943188	
1.953311	
1.963448	
1.973612	
1.983732	
1.993994	
2.004049	
2.014197	
2.024387	
2.034488	
2.044632	
2.054838	
2.064889	
2.075061	
2.085297	
2.103226	
2.107557	
2.117751	
2.127874	
2.138021	
2.148158	
2.158354	
2.168508	
2.178609	
2.188791	
2.198909	
2.209116	
2.219239	
2.229372	
2.239542	
2.249714	
2.25984	
2.269984	
2.280175	
2.290278	
2.300423	
2.310577	
2.320732	
2.330887	
2.341015	
2.351171	
2.36169	
2.371527	
2.381683	
2.391808	
2.401914	
2.412097	
2.422222	
2.432378	
2.442517	
2.452963	
2.464763	299.674286	299.673033	299.744099	299.742846	
2.474512	299.67583	299.673033	299.745643	299.742846	
2.484623	299.678057	299.673033	299.74787	299.742846	
2.494858	299.680945	299.673033	299.750758	299.751572	
2.504952	299.684398	299.681759	299.754212	299.760299	
2.515083	299.688481	299.690486	299.758294	299.760299	
2.525293	299.693224	299.690486	299.763038	299.769026	
2.535502	299.698594	299.699213	299.768408	299.777752	
2.545658	299.704551	299.707939	299.774364	299.777752	
2.55592	299.711206	299.716666	299.781019	299.777752	
2.567531	299.719596	299.725392	299.789409	299.786479	
2.577301	299.727168	299.734119	299.796981	299.795206	
2.587476	299.73569	299.742846	299.805503	299.795206	
2.597615	299.74483	299.751572	299.814643	299.812659	
2.607746	299.754515	299.760299	299.824328	299.812659	
2.617938	299.764912	299.760299	299.834726	299.830112	
2.628079	299.775875	299.777752	299.845688	299.847565	
2.638239	299.78748	299.777752	299.857293	299.856292	
2.648442	299.799758	299.795206	299.869572	299.873745	
2.658513	299.812479	299.795206	299.882292	299.891199	
2.670052	299.827924	299.812659	299.897737	299.908652	
2.679924	299.841652	299.821386	299.911465	299.917379	
2.690092	299.856424	299.830112	299.926237	299.943559	
2.700231	299.871773	299.847565	299.941586	299.952285	
2.710349	299.88771	299.856292	299.957523	299.969739	
2.720556	299.904407	299.865019	299.97422	299.987192	
2.730679	299.921582	299.882472	299.991395	300.004645	
2.740829	299.93942	299.899925	300.009233	300.022098	
2.750978	299.957876	299.908652	300.027689	300.039552	
2.761152	299.977007	299.934832	300.04682	300.057005	
2.772465	299.999078	299.952285	300.068891	300.083185	
2.782604	300.019444	299.969739	300.089257	300.100638	
2.792716	300.040349	299.987192	300.110162	300.126818	
2.802831	300.061893	300.004645	300.131707	300.144271	
2.81319	300.084611	300.039552	300.154425	300.161725	
2.823167	300.107062	300.057005	300.176875	300.187905	
2.83332	300.130548	300.091912	300.200362	300.205358	
2.843456	300.154595	300.109365	300.224408	300.231538	
2.853617	300.179333	300.144271	300.249146	300.257718	
2.863738	300.204592	300.170451	300.274406	300.275171	
2.87547	300.23476	300.205358	300.304573	300.310078	
2.88543	300.260888	300.240265	300.330701	300.336258	
2.895541	300.288038	300.266445	300.357852	300.371164	
2.905716	300.315986	300.301351	300.3858	300.397344	
2.915948	300.344727	300.327531	300.41454	300.423524	
2.926062	300.373743	300.353711	300.443556	300.458431	
2.93632	300.403811	300.388618	300.473624	300.493337	
2.946352	300.433807	300.414797	300.503621	300.519517	
2.956553	300.464951	300.440977	300.534765	300.554424	
2.966771	300.496765	300.475884	300.566578	300.580604	
2.978302	300.533523	300.510791	300.603336	300.61551	
2.98826	300.565794	300.545697	300.635607	300.650417	
2.998209	300.598638	300.571877	300.668452	300.685324	
3.008356	300.632737	300.606784	300.70255	300.72023	
3.018458	300.667329	300.632964	300.737142	300.755137	
3.028661	300.702887	300.66787	300.7727	300.790043	
3.038843	300.738987	300.711503	300.8088	300.82495	
3.048953	300.775446	300.755137	300.845259	300.859856	
3.059108	300.812669	300.790043	300.882482	300.894763	
3.06922	300.850368	300.82495	300.920181	300.92967	
3.080856	300.894646	300.87731	300.964459	300.964576	
3.099856	300.969466	300.947123	301.03928	301.034389	
3.104459	300.987503	300.964576	301.057316	301.051843	
3.114502	301.027672	301.008209	301.097486	301.095476	
3.124708	301.069124	301.051843	301.138937	301.130382	
3.134865	301.110989	301.095476	301.180803	301.174016	
3.145005	301.153397	301.139109	301.22321	301.208922	
3.155149	301.196443	301.174016	301.266256	301.252556	
3.165321	301.240226	301.226376	301.310039	301.296189	
3.175862	301.286283	301.270009	301.356097	301.348549	
3.186015	301.331271	301.313642	301.401084	301.383455	
3.196203	301.377006	301.357275	301.446819	301.435815	
3.206385	301.423345	301.400909	301.493158	301.479448	
3.216425	301.469633	301.453268	301.539446	301.523082	
3.226524	301.516803	301.488175	301.586616	301.575441	
3.236714	301.565037	301.540535	301.63485	301.627801	
3.246902	301.613875	301.592895	301.683688	301.671435	
3.257019	301.662985	301.636528	301.732798	301.723794	
3.267127	301.712668	301.680161	301.782481	301.776154	
3.277286	301.763223	301.732521	301.833036	301.828514	
3.287533	301.814874	301.784881	301.884688	301.872147	
3.29773	301.86685	301.837241	301.936663	301.924507	
3.307795	301.918777	301.889601	301.98859	301.976867	
3.317925	301.971667	301.950687	302.041481	302.037954	
3.328211	302.026001	302.003047	302.095815	302.090314	
3.338287	302.079829	302.064134	302.149642	302.142673	
3.348418	302.134557	302.116494	302.20437	302.195033	
3.358568	302.190028	302.168853	302.259841	302.25612	
3.368698	302.245994	302.22994	302.315807	302.30848	
3.378893	302.302927	302.291026	302.372741	302.36084	
3.389129	302.360766	302.343386	302.430579	302.421926	
3.399282	302.418699	302.404473	302.488513	302.483013	
3.409423	302.477204	302.465559	302.547018	302.544099	
3.419552	302.536267	302.517919	302.60608	302.605186	
3.429669	302.59585	302.579006	302.665663	302.666272	
3.439876	302.656609	302.640092	302.726422	302.727359	
3.450019	302.717578	302.701179	302.787391	302.779719	
3.460152	302.779133	302.762265	302.848946	302.849532	
3.470316	302.841503	302.832079	302.911316	302.910618	
3.48047	302.904387	302.884438	302.9742	302.971705	
3.492012	302.9768	302.954252	303.046613	303.041518	
3.50116	303.03452	303.015338	303.104333	303.102605	
3.511414	303.099988	303.085151	303.169801	303.163691	
3.521448	303.164617	303.146238	303.23443	303.233504	
3.532455	303.23809	303.216051	303.307903	303.303317	
3.541797	303.297558	303.285864	303.367371	303.364404	
3.551917	303.364586	303.355677	303.4344	303.434217	
3.562036	303.43225	303.42549	303.502063	303.50403	
3.572217	303.500931	303.486577	303.570745	303.565117	
3.583102	303.57511	303.55639	303.644923	303.63493	
3.594097	303.650774	303.63493	303.720587	303.71347	
3.603891	303.718646	303.704743	303.788459	303.783283	
3.61404	303.789678	303.774556	303.859492	303.853096	
3.62424	303.861665	303.844369	303.931479	303.931636	
3.634627	303.935633	303.914183	304.005446	304.001449	
3.644409	304.005833	303.983996	304.075646	304.071262	
3.654546	304.079224	304.053809	304.149037	304.141075	
3.66472	304.153519	304.132349	304.223333	304.210889	
3.674808	304.227758	304.210889	304.297571	304.289428	
3.684994	304.303388	304.280702	304.373201	304.367968	
3.696633	304.390675	304.367968	304.460489	304.455235	
3.706726	304.466899	304.437781	304.536712	304.525048	
3.716893	304.544296	304.525048	304.614109	304.603588	
3.726914	304.621187	304.603588	304.691	304.682128	
3.736989	304.699087	304.682128	304.7689	304.760667	
3.74717	304.778471	304.751941	304.848284	304.839207	
3.757315	304.85816	304.839207	304.927973	304.917747	
3.767519	304.938954	304.917747	305.008767	305.005013	
3.777768	305.020753	304.996287	305.090566	305.083553	
3.787783	305.101238	305.074827	305.171051	305.162093	
3.799369	305.195303	305.162093	305.265116	305.258086	
3.809157	305.275171	305.240633	305.344984	305.327899	
3.819308	305.358715	305.327899	305.428528	305.415166	
3.829486	305.443095	305.406439	305.512908	305.502432	
3.839604	305.527599	305.484979	305.597412	305.580972	
3.849863	305.613883	305.572245	305.683696	305.659512	
3.859958	305.699401	305.659512	305.769214	305.746778	
3.87011	305.786049	305.746778	305.855862	305.825318	
3.880336	305.873914	305.834045	305.943727	305.912585	
3.890377	305.960797	305.921311	306.03061	305.999851	
3.901913	306.061557	306.017304	306.13137	306.095844	
3.911807	306.148418	306.113298	306.218231	306.183111	
3.921952	306.238126	306.200564	306.307939	306.270377	
3.932069	306.328244	306.296557	306.398057	306.36637	
3.942213	306.419204	306.383824	306.489017	306.462363	
3.952468	306.511774	306.479817	306.581587	306.54963	
3.962542	306.603305	306.57581	306.673118	306.65435	
3.972706	306.696276	306.671803	306.76609	306.750343	
3.982829	306.789514	306.759069	306.859327	306.846336	
3.993382	306.887477	306.855062	306.95729	306.942329	
4.004558	306.991868	306.968509	307.061681	307.055775	
4.014429	307.084573	307.064502	307.154386	307.151768	
4.02466	307.181367	307.160495	307.25118	307.247762	
4.034768	307.277616	307.256488	307.347429	307.352481	
4.044931	307.37501	307.352481	307.444823	307.448474	
4.055087	307.472917	307.457201	307.54273	307.544467	
4.065213	307.571208	307.561921	307.641021	307.640461	
4.075412	307.670784	307.657914	307.740597	307.736454	
4.085473	307.769625	307.753907	307.839439	307.841173	
4.095909	307.872846	307.858627	307.94266	307.937167	
4.107566	307.98902	307.972073	308.058833	308.050613	
4.117387	308.087357	308.068066	308.15717	308.146606	
4.127565	308.189912	308.172786	308.259725	308.251326	
4.137806	308.293784	308.277506	308.363597	308.347319	
4.147823	308.395918	308.382226	308.465731	308.452039	
4.15801	308.500455	308.478219	308.570268	308.548032	
4.168208	308.605709	308.582938	308.675522	308.652752	
4.178271	308.710204	308.687658	308.780017	308.757471	
4.188442	308.816402	308.792378	308.886216	308.862191	
4.198575	308.92284	308.897098	308.992653	308.966911	
4.210444	309.048505	309.019271	309.118318	309.097811	
4.220248	309.152666	309.132717	309.222479	309.20253	
4.230399	309.261253	309.237437	309.331066	309.30725	
4.240674	309.371814	309.342157	309.441628	309.420696	
4.250682	309.48001	309.46433	309.549823	309.534143	
4.260885	309.591032	309.569049	309.660845	309.656316	
4.271106	309.702812	309.691222	309.772625	309.761036	
4.281183	309.811831	309.804669	309.881644	309.874482	
4.291368	309.921407	309.918115	309.99122	309.996655	
4.301717	310.033184	310.040288	310.102997	310.110101	
4.313029	310.152366	310.162461	310.222179	310.241001	
4.322876	310.256349	310.267181	310.326162	310.354448	
4.333024	310.363037	310.389354	310.43285	310.459167	
4.343177	310.469079	310.494074	310.538892	310.58134	
4.353354	310.574846	310.60752	310.64466	310.68606	
4.36348	310.679371	310.720967	310.749184	310.799507	
4.373614	310.783407	310.825686	310.85322	310.904226	
4.383833	310.887721	310.92168	310.957534	311.008946	
4.393972	310.990577	311.026399	311.06039	311.104939	
4.404431	311.096058	311.122392	311.165871	311.209659	
4.415804	311.209961	311.227112	311.279774	311.323105	
4.425488	311.306345	311.323105	311.376158	311.410372	
4.435671	311.407144	311.419098	311.476957	311.506365	
4.445792	311.506994	311.506365	311.576807	311.602358	
4.456014	311.606626	311.602358	311.676439	311.698351	
4.466141	311.704995	311.698351	311.774808	311.785618	
4.476281	311.802925	311.785618	311.872738	311.872884	
4.486447	311.900431	311.872884	311.970245	311.960151	
4.496649	311.997757	311.968877	312.06757	312.056144	
4.506737	312.093251	312.06487	312.163065	312.14341	
4.518366	312.202636	312.16959	312.272449	312.24813	
4.528226	312.294715	312.256856	312.364529	312.344123	
4.548204	312.478546	312.448843	312.548359	312.518656	
4.55281	312.520983	312.492476	312.590796	312.571016	
4.563197	312.615847	312.588469	312.68566	312.658282	
4.573034	312.70518	312.675735	312.774993	312.763002	
4.583482	312.799364	312.780455	312.869177	312.858995	
4.593361	312.887828	312.876448	312.957641	312.954988	
4.603473	312.977782	312.972441	313.047595	313.050981	
4.613635	313.067626	313.068435	313.137439	313.146974	
4.631737	313.225221	313.164428	313.295034	313.321507	
4.636321	313.265151	313.286601	313.334964	313.356414	
4.646465	313.352828	313.373867	313.422641	313.452407	
4.656588	313.439681	313.478587	313.509494	313.5484	
4.66677	313.526446	313.565853	313.596259	313.635667	
4.67691	313.61221	313.65312	313.682023	313.722933	
4.687103	313.697845	313.749113	313.767658	313.8102	
4.697222	313.782227	313.827653	313.85204	313.897466	
4.707371	313.866278	313.914919	313.936091	313.984732	
4.719319	313.964368	313.993459	314.034181	314.054546	
4.727931	314.034607	314.071999	314.10442	314.141812	
4.737953	314.115731	314.141812	314.185545	314.220352	
4.748073	314.197054	314.220352	314.266868	314.298892	
4.758181	314.277698	314.290165	314.347511	314.377432	
4.768475	314.359182	314.368705	314.428996	314.455971	
4.778537	314.438259	314.438518	314.508072	314.534511	
4.788671	314.517227	314.508331	314.58704	314.604324	
4.798889	314.596289	314.578144	314.666102	314.682864	
4.809134	314.674897	314.647958	314.744711	314.752677	
4.821929	314.772111	314.726497	314.841925	314.82249	
4.829504	314.829313	314.805037	314.899126	314.892304	
4.839652	314.905334	314.87485	314.975147	314.962117	
4.849878	314.981346	314.962117	315.051159	315.040657	
4.859959	315.055682	315.040657	315.125495	315.119196	
4.870121	315.129992	315.119196	315.199805	315.18901	
4.880369	315.204298	315.206463	315.274111	315.267549	
4.890435	315.276682	315.285003	315.346495	315.346089	
4.900577	315.349035	315.363543	315.418848	315.424629	
4.910723	315.420785	315.450809	315.490598	315.503169	
4.920862	315.491869	315.520622	315.561682	315.581709	
4.931076	315.562893	315.599162	315.632706	315.660249	
4.94123	315.632842	315.677702	315.702655	315.738788	
4.951403	315.702315	315.747515	315.772128	315.817328	
4.961553	315.771041	315.817328	315.840854	315.887141	
4.971814	315.839924	315.887141	315.909738	315.965681	
4.981882	315.906839	315.948228	315.976652	316.026768	
4.992413	315.976246	316.009314	316.046059	316.096581	
5.002111	316.039543	316.079128	316.109356	316.166394	
5.012228	316.105003	316.131487	316.174816	316.227481	
5.022381	316.170085	316.192574	316.239898	316.288567	
5.032902	316.236877	316.25366	316.306691	316.349654	
5.043005	316.300376	316.30602	316.370189	316.41074	
5.053149	316.363547	316.367107	316.43336	316.4631	
5.063284	316.426073	316.428193	316.495886	316.524186	
5.073415	316.487961	316.480553	316.557774	316.576546	
5.085254	316.56107	316.532913	316.630883	316.637633	
5.093959	316.611556	316.594	316.681369	316.689993	
5.103977	316.670917	316.655086	316.74073	316.742353	
5.114059	316.730055	316.707446	316.799868	316.794713	
5.124456	316.790428	316.768533	316.860241	316.855799	
5.134457	316.847962	316.829619	316.917776	316.916886	
5.144617	316.905711	316.890706	316.975524	316.969245	
5.154696	316.962424	316.951792	317.032237	317.030332	
5.164808	317.018713	317.012879	317.088527	317.091419	
5.175026	317.075011	317.073965	317.144825	317.152505	
5.185138	317.130093	317.135052	317.199906	317.204865	
5.195294	317.18481	317.196138	317.254623	317.265951	
5.205583	317.239625	317.257225	317.309439	317.327038	
5.215717	317.29303	317.318311	317.362843	317.388124	
5.225959	317.34634	317.370671	317.416153	317.440484	
5.236546	317.400811	317.423031	317.470624	317.510298	
5.246717	317.452545	317.475391	317.522358	317.562657	
5.256877	317.503581	317.527751	317.573394	317.615017	
5.267014	317.553902	317.580111	317.623715	317.667377	
5.277138	317.60357	317.623744	317.673383	317.719737	
5.295398	317.690772	317.702284	317.760585	317.807003	
5.299949	317.712548	317.719737	317.782361	317.824457	
5.310077	317.760269	317.76337	317.830082	317.876817	
5.320308	317.807861	317.807003	317.877674	317.92045	
5.330375	317.854109	317.850637	317.923922	317.964083	
5.34066	317.900753	317.89427	317.970566	317.99899	
5.350753	317.945876	317.937903	318.015689	318.042623	
5.360924	317.990756	317.981536	318.060569	318.086256	
5.371059	318.034881	318.016443	318.104694	318.121163	
5.381166	318.078289	318.068803	318.148102	318.164796	
5.391422	318.121733	318.103709	318.191546	318.199703	
5.401532	318.163931	318.156069	318.233745	318.243336	
5.411678	318.205696	318.190976	318.275509	318.278242	
5.422194	318.248317	318.243336	318.31813	318.321876	
5.432366	318.28898	318.286969	318.358793	318.356782	
5.442564	318.329109	318.330602	318.398922	318.400415	
5.452705	318.368392	318.365509	318.438205	318.435322	
5.462787	318.406877	318.409142	318.47669	318.478955	
5.47293	318.444984	318.452775	318.514798	318.522588	
5.48321	318.483004	318.487682	318.552817	318.557495	
5.494182	318.52286	318.522588	318.592674	318.592402	
5.503362	318.555741	318.557495	318.625554	318.636035	
5.51349	318.591397	318.601128	318.66121	318.679668	
5.523634	318.626519	318.636035	318.696332	318.723301	
5.543724	318.693157	318.670941	318.76297	318.793115	
5.548268	318.708294	318.714575	318.778107	318.810568	
5.558391	318.741304	318.749481	318.811117	318.854201	
5.568564	318.773852	318.784388	318.843666	318.889108	
5.578676	318.805627	318.819294	318.87544	318.924014	
5.588887	318.837114	318.845474	318.906927	318.958921	
5.599104	318.868006	318.880381	318.937819	318.985101	
5.609186	318.897891	318.906561	318.967704	319.020007	
5.619332	318.927392	318.941468	318.997205	319.046187	
5.629446	318.956195	318.958921	319.026008	319.081094	
5.639624	318.984589	318.993827	319.054402	319.116	
5.64992	319.012705	319.028734	319.082518	319.14218	
5.659958	319.039517	319.054914	319.10933	319.150907	
5.670121	319.066088	319.081094	319.135901	319.16836	
5.680276	319.09204	319.107274	319.161854	319.177087	
5.690372	319.117251	319.133454	319.187064	319.185814	
5.700574	319.142127	319.150907	319.211941	319.203267	
5.710958	319.166834	319.177087	319.236647	319.22072	
5.721124	319.190427	319.203267	319.26024	319.238173	
5.731267	319.213484	319.22072	319.283297	319.255627	
5.741674	319.236576	319.238173	319.306389	319.27308	
5.751963	319.258376	319.264353	319.32819	319.290533	
5.762088	319.279507	319.281807	319.34932	319.316713	
5.772222	319.300074	319.29926	319.369887	319.342893	
5.782369	319.320089	319.316713	319.389902	319.369073	
5.79296	319.340326	319.334167	319.410139	319.395253	
5.802733	319.358479	319.360347	319.428292	319.421433	
5.812837	319.376667	319.3778	319.44648	319.447613	
5.823013	319.394395	319.395253	319.464208	319.473793	
5.833108	319.411415	319.412706	319.481228	319.499973	
5.84326	319.427949	319.438886	319.497762	319.526153	
5.853507	319.444054	319.465066	319.513867	319.552333	
5.863639	319.459395	319.48252	319.529208	319.569786	
5.873899	319.474346	319.499973	319.544159	319.587239	
5.883973	319.488471	319.526153	319.558285	319.604693	
5.894434	319.502525	319.543606	319.572338	319.604693	
5.904242	319.515182	319.561059	319.584995	319.613419	
5.914501	319.527832	319.569786	319.597646	319.613419	
5.924604	319.539738	319.569786	319.609551	319.604693	
5.93474	319.551124	319.569786	319.620938	319.604693	
5.944919	319.561996	319.561059	319.631809	319.604693	
5.95589	319.573041	319.561059	319.642854	319.613419	
5.965726	319.582449	319.561059	319.652262	319.622146	
5.975879	319.59161	319.569786	319.661423	319.630873	
5.986052	319.600239	319.578513	319.670052	319.639599	
5.99623	319.608335	319.587239	319.678148	319.648326	
6.006298	319.615809	319.587239	319.685623	319.657053	
6.016508	319.622852	319.604693	319.692666	319.674506	
6.026553	319.629276	319.613419	319.699089	319.691959	
6.036712	319.635249	319.622146	319.705062	319.700686	
6.046889	319.640721	319.639599	319.710534	319.709412	
6.05854	319.646283	319.657053	319.716096	319.726866	
6.068313	319.65054	319.665779	319.720354	319.744319	
6.078474	319.654479	319.674506	319.724292	319.753046	
6.088651	319.657957	319.691959	319.727771	319.753046	
6.098732	319.660964	319.691959	319.730777	319.753046	
6.108927	319.663568	319.691959	319.733381	319.744319	
6.119163	319.665767	319.691959	319.73558	319.744319	
6.129259	319.667561	319.683232	319.737374	319.735592	
6.139394	319.673033	319.674506	319.742846	319.726866	
6.149509	319.673033	319.665779	319.742846	319.718139	
6.16232	319.673033	319.648326	319.742846	319.718139	
6.172398	319.673033	319.639599	319.742846	319.718139	
6.182558	319.673033	319.630873	319.742846	319.718139	
6.192738	319.673033	319.630873	319.742846	319.726866	
6.203253	319.673033	319.630873	319.742846	319.735592	
6.213031	319.673033	319.639599	319.742846	319.744319	
6.223161	319.673033	319.648326	319.742846	319.744319	
6.233315	319.673033	319.657053	319.742846	319.753046	
6.243429	319.673033	319.674506	319.742846	319.761772	
6.253579	319.673033	319.683232	319.742846	319.761772	
6.26375	319.673033	319.691959	319.742846	319.770499	
6.281693	319.673033	319.709412	319.742846	319.770499	
6.286226	319.673033	319.718139	319.742846	319.770499	
6.296453	319.673033	319.718139	319.742846	319.761772	
6.306528	319.673033	319.709412	319.742846	319.761772	
6.31669	319.673033	319.709412	319.742846	319.753046	
6.326841	319.673033	319.691959	319.742846	319.744319	
6.338844	319.673033	319.683232	319.742846	319.744319	
6.348932	319.673033	319.665779	319.742846	319.735592	
6.359133	319.673033	319.657053	319.742846	319.726866	
6.3692	319.673033	319.639599	319.742846	319.726866	
6.379391	319.673033	319.622146	319.742846	319.726866	
6.389522	319.673033	319.622146	319.742846	319.718139	
6.399693	319.673033	319.622146	319.742846	319.718139	
6.409901	319.673033	319.630873	319.742846	319.718139	
6.419993	319.673033	319.639599	319.742846	319.718139	
6.43011	319.673033	319.648326	319.742846	319.726866	
6.440378	319.673033	319.665779	319.742846	319.735592	
6.450471	319.673033	319.674506	319.742846	319.744319	
6.460614	319.673033	319.691959	319.742846	319.744319	
6.470759	319.673033	319.709412	319.742846	319.761772	
6.480909	319.673033	319.726866	319.742846	319.761772	
6.491155	319.673033	319.726866	319.742846	319.770499	
6.501363	319.673033	319.735592	319.742846	319.779226	
6.511434	319.673033	319.726866	319.742846	319.779226	
6.521557	319.673033	319.726866	319.742846	319.770499	
6.53176	319.673033	319.709412	319.742846	319.761772	
6.543729	319.673033	319.700686	319.742846	319.753046	
6.552008	319.673033	319.691959	319.742846	319.744319	
6.562152	319.673033	319.665779	319.742846	319.735592	
6.572287	319.673033	319.648326	319.742846	319.726866	
6.582617	319.673033	319.630873	319.742846	319.718139	
6.592732	319.673033	319.622146	319.742846	319.709412	
6.602776	319.673033	319.622146	319.742846	319.709412	
6.612916	319.673033	319.622146	319.742846	319.709412	
6.623092	319.673033	319.622146	319.742846	319.709412	
6.633219	319.673033	319.622146	319.742846	319.718139	
6.643393	319.673033	319.639599	319.742846	319.726866	
6.653519	319.673033	319.648326	319.742846	319.744319	
6.663653	319.673033	319.657053	319.742846	319.753046	
6.673846	319.673033	319.674506	319.742846	319.761772	
6.68442	319.673033	319.691959	319.742846	319.779226	
6.71285	319.673033	319.735592	319.742846	319.796679	
6.723431	319.673033	319.744319	319.742846	319.796679	
