0.03661846	
0.04128226	
0.05141683	
0.07162098	
0.0759398	
0.08608037	
0.09621295	
0.1063835	
0.1165371	
0.1266757	
0.1368272	
0.1471208	
0.1571224	
0.167282	
0.1774055	
0.1875361	
0.1977457	
0.2078422	
0.2179918	
0.2281974	
0.238279	
0.2486465	
0.2586651	
0.2686857	
0.2788393	
0.2889878	
0.2991444	
0.309271	
0.3194015	
0.3296201	
0.3397357	
0.3499263	
0.3600118	
0.3701314	
0.380328	
0.3904385	
0.4005431	
0.4108797	
0.4208433	
0.4389515	
0.4449433	
0.4534729	
0.4635535	
0.473738	
0.4838216	
0.4939802	
0.5040968	
0.5142713	
0.5244369	
0.5345785	
0.544723	
0.5548646	
0.5650932	
0.5753048	
0.5854253	
0.5955669	
0.6057735	
0.6158711	
0.6260176	
0.6361952	
0.6463228	
0.6564173	
0.6665849	
0.6864691	
0.6907959	
0.7011465	
0.711217	
0.7212476	
0.7314182	
0.7416398	
0.7517143	
0.7618709	
0.7721715	
0.782182	
0.7923126	
0.8024692	
0.8126368	
0.8227943	
0.8329409	
0.8431145	
0.853255	
0.8633616	
0.8735512	
0.8839008	
0.8940613	
0.9041559	
0.9143425	
0.924499	
0.9346426	
0.9447832	
0.9549298	
0.9650843	
0.9759449	
0.9853745	
0.9955041	
1.005708	
1.015802	
1.025955	
1.03608	
1.046256	
1.056384	
1.066579	
1.076681	
1.087153	
1.097186	
1.107368	
1.117572	
1.127629	
1.137814	
1.147931	
1.158115	
1.168255	
1.17869	
1.188842	
1.198651	
1.208772	
1.218918	
1.22913	
1.239301	
1.249459	
1.259728	
1.269842	
1.279866	
1.290305	
1.300225	
1.31033	
1.320459	
1.330605	
1.340758	
1.350881	
1.361094	
1.371181	
1.381371	
1.391497	
1.401649	
1.412009	
1.421971	
1.432107	
1.442255	
1.452445	
1.462572	
1.475643	
1.482904	
1.492994	
1.503487	
1.513265	
1.523466	
1.533652	
1.543745	
1.553902	
1.564006	
1.574227	
1.584343	
1.594495	
1.604657	
1.614828	
1.624971	
1.635168	
1.645276	
1.655364	
1.665545	
1.675705	
1.685902	
1.695972	
1.706118	
1.716325	
1.72644	
1.736582	
1.746735	
1.756889	
1.767149	
1.77718	
1.787468	
1.79757	
1.807713	
1.817992	
1.827949	
1.838206	
1.848284	
1.858424	
1.86854	
1.878916	
1.888829	
1.898945	
1.909082	
1.919551	
1.929694	
1.93976	
1.949951	
1.960034	
1.970159	
1.980427	
1.990469	
2.000608	
2.010727	
2.020909	
2.038942	
2.043304	
2.053425	
2.065601	
2.073698	
2.083814	
2.093984	
2.104143	
2.114275	
2.12446	
2.13461	
2.144735	
2.154842	
2.170912	1648.07311	1648.07078	1646.5634	1646.56107	
2.175991	1648.07383	1648.07078	1646.56412	1646.56107	
2.185769	1648.07593	1648.07078	1646.56622	1646.56107	
2.195863	1648.07872	1648.07951	1646.56901	1646.56107	
2.206028	1648.08215	1648.07951	1646.57244	1646.5698	
2.216207	1648.08621	1648.07951	1646.5765	1646.57852	
2.22635	1648.09087	1648.08823	1646.58116	1646.57852	
2.23658	1648.0962	1648.09696	1646.58649	1646.58725	
2.246674	1648.10207	1648.09696	1646.59236	1646.6047	
2.25677	1648.10855	1648.10569	1646.59884	1646.61343	
2.266975	1648.11573	1648.11441	1646.60602	1646.63088	
2.278043	1648.12428	1648.12314	1646.61457	1646.64834	
2.287789	1648.13234	1648.13187	1646.62263	1646.64834	
2.297903	1648.14133	1648.13187	1646.63162	1646.65706	
2.308038	1648.15095	1648.14059	1646.64124	1646.65706	
2.318634	1648.1617	1648.14932	1646.65199	1646.64834	
2.340186	1648.18708	1648.15805	1646.67737	1646.65706	
2.344989	1648.19263	1648.16677	1646.68292	1646.66579	
2.358675	1648.20992	1648.18423	1646.70021	1646.67452	
2.365369	1648.21852	1648.19295	1646.70881	1646.68324	
2.377687	1648.23544	1648.20168	1646.72573	1646.69197	
2.385853	1648.24696	1648.21913	1646.73725	1646.7007	
2.396031	1648.26201	1648.22786	1646.7523	1646.71815	
2.406277	1648.27778	1648.23659	1646.76807	1646.7356	
2.416375	1648.29393	1648.25404	1646.78422	1646.75306	
2.426627	1648.31096	1648.27149	1646.80125	1646.77051	
2.436836	1648.32855	1648.28895	1646.81884	1646.78796	
2.447161	1648.34698	1648.29767	1646.83727	1646.80542	
2.457233	1648.36556	1648.31513	1646.85585	1646.82287	
2.467473	1648.38508	1648.34131	1646.87537	1646.84905	
2.480436	1648.41091	1648.35876	1646.9012	1646.87523	
2.487857	1648.4259	1648.37621	1646.91619	1646.89268	
2.498099	1648.44731	1648.39367	1646.9376	1646.91886	
2.50842	1648.46953	1648.41985	1646.95982	1646.94504	
2.518695	1648.49227	1648.44603	1646.98256	1646.9625	
2.528748	1648.51514	1648.47221	1647.00543	1646.9974	
2.538949	1648.53895	1648.49839	1647.02924	1647.02358	
2.549474	1648.56421	1648.53329	1647.0545	1647.04976	
2.559484	1648.58882	1648.55074	1647.07911	1647.08467	
2.569687	1648.61452	1648.58565	1647.10481	1647.11085	
2.581417	1648.64497	1648.62056	1647.13526	1647.14575	
2.590144	1648.66799	1648.64674	1647.15828	1647.17193	
2.600247	1648.69529	1648.68164	1647.18558	1647.20684	
2.610472	1648.72356	1648.70782	1647.21385	1647.23302	
2.62074	1648.75258	1648.74273	1647.24287	1647.2592	
2.630916	1648.78196	1648.76018	1647.27225	1647.29411	
2.641121	1648.81204	1648.79509	1647.30233	1647.32029	
2.651404	1648.84301	1648.83	1647.3333	1647.35519	
2.661575	1648.87423	1648.85618	1647.36452	1647.38137	
2.672106	1648.90725	1648.88236	1647.39754	1647.41628	
2.6923	1648.9736	1648.91726	1647.46389	1647.47737	
2.697164	1648.9895	1648.95217	1647.47979	1647.49482	
2.707357	1649.02359	1648.98708	1647.51388	1647.521	
2.717517	1649.0582	1649.01326	1647.54849	1647.55591	
2.727759	1649.09374	1649.04816	1647.58403	1647.59081	
2.737967	1649.12976	1649.07434	1647.62005	1647.62572	
2.748241	1649.16666	1649.10925	1647.65695	1647.6519	
2.758407	1649.20378	1649.14416	1647.69407	1647.68681	
2.768635	1649.24176	1649.17906	1647.73205	1647.72171	
2.781513	1649.29069	1649.2227	1647.78098	1647.75662	
2.789062	1649.31959	1649.2576	1647.80988	1647.79153	
2.799285	1649.35944	1649.30124	1647.84973	1647.83516	
2.809492	1649.39983	1649.33614	1647.89012	1647.87007	
2.827986	1649.47555	1649.37978	1647.96584	1647.93988	
2.832785	1649.49514	1649.44086	1647.98543	1647.95733	
2.843001	1649.53765	1649.4845	1648.02794	1648.00097	
2.853231	1649.58082	1649.52813	1648.07111	1648.0446	
2.871753	1649.66153	1649.6154	1648.15182	1648.12314	
2.876596	1649.68256	1649.63285	1648.17285	1648.14059	
2.886785	1649.72763	1649.67648	1648.21792	1648.18423	
2.896981	1649.77334	1649.72012	1648.26363	1648.23659	
2.907282	1649.82016	1649.77248	1648.31046	1648.28895	
2.917417	1649.86685	1649.82484	1648.35714	1648.34131	
2.927695	1649.91483	1649.8772	1648.40512	1648.39367	
2.937946	1649.96331	1649.92956	1648.4536	1648.44603	
2.94816	1650.01223	1649.98191	1648.50252	1648.49839	
2.958395	1650.0619	1650.02555	1648.55219	1648.54202	
2.96861	1650.11209	1650.07791	1648.60238	1648.59438	
2.979965	1650.1687	1650.12154	1648.65899	1648.65546	
2.989434	1650.21639	1650.1739	1648.70668	1648.70782	
3.007993	1650.31241	1650.22626	1648.8027	1648.80382	
3.012772	1650.33707	1650.29607	1648.82736	1648.83	
3.023002	1650.39068	1650.35716	1648.88097	1648.88236	
3.033186	1650.44468	1650.41825	1648.93497	1648.93472	
3.043421	1650.49956	1650.47061	1648.98985	1648.98708	
3.053604	1650.55476	1650.53169	1649.04505	1649.04816	
3.063774	1650.61055	1650.59278	1649.10084	1649.10052	
3.074049	1650.66754	1650.65387	1649.15783	1649.16161	
3.086046	1650.735	1650.71495	1649.22529	1649.2227	
3.094455	1650.78263	1650.78477	1649.27292	1649.27506	
3.104664	1650.84111	1650.84585	1649.3314	1649.33614	
3.114858	1650.90014	1650.90694	1649.39043	1649.3885	
3.125081	1650.95998	1650.96803	1649.45027	1649.44086	
3.135321	1651.02055	1651.02911	1649.51084	1649.51068	
3.1455	1651.08134	1651.09893	1649.57163	1649.57176	
3.155746	1651.14319	1651.16001	1649.63348	1649.63285	
3.166059	1651.20608	1651.2211	1649.69637	1649.68521	
3.176187	1651.26845	1651.28219	1649.75874	1649.75502	
3.196269	1651.39515	1651.352	1649.88544	1649.8772	
3.201084	1651.42546	1651.43054	1649.91575	1649.9121	
3.211423	1651.4913	1651.50035	1649.98159	1649.97319	
3.221498	1651.55608	1651.57016	1650.04637	1650.03427	
3.231739	1651.62257	1651.63125	1650.11286	1650.10409	
3.241942	1651.68944	1651.69234	1650.17973	1650.1739	
3.252099	1651.75661	1651.76215	1650.2469	1650.24371	
3.262425	1651.82556	1651.82324	1650.31585	1650.31353	
3.272588	1651.89404	1651.89305	1650.38433	1650.38334	
3.284386	1651.97443	1651.95414	1650.46472	1650.45315	
3.292992	1652.03342	1652.02395	1650.52371	1650.52297	
3.303199	1652.10403	1652.09376	1650.59432	1650.59278	
3.313433	1652.1755	1652.16358	1650.66579	1650.66259	
3.323633	1652.24734	1652.24212	1650.73763	1650.73241	
3.333773	1652.31934	1652.31193	1650.80963	1650.81095	
3.344029	1652.39287	1652.39047	1650.88316	1650.88076	
3.354273	1652.46692	1652.46028	1650.95721	1650.9593	
3.364375	1652.54052	1652.53882	1651.03081	1651.02911	
3.37467	1652.6162	1652.61736	1651.10649	1651.10765	
3.392877	1652.75248	1652.75699	1651.24277	1651.24728	
3.397676	1652.7883	1652.7919	1651.27859	1651.28219	
3.407869	1652.86526	1652.87043	1651.35555	1651.36073	
3.418123	1652.9433	1652.94897	1651.43359	1651.43054	
3.428403	1653.02214	1653.02751	1651.51243	1651.50908	
3.438618	1653.10118	1653.10605	1651.59147	1651.59634	
3.448762	1653.18022	1653.19332	1651.67051	1651.67488	
3.458986	1653.26055	1653.28059	1651.75084	1651.75342	
3.469193	1653.34132	1653.3504	1651.83161	1651.83196	
3.479723	1653.42537	1653.43767	1651.91566	1651.91923	
3.499001	1653.58199	1653.52493	1652.07228	1652.07631	
3.503876	1653.62151	1653.62965	1652.1118	1652.11122	
3.514127	1653.70542	1653.71692	1652.19571	1652.19848	
3.524329	1653.78954	1653.80419	1652.27983	1652.28575	
3.534545	1653.87444	1653.89145	1652.36473	1652.36429	
3.544766	1653.96002	1653.96999	1652.45031	1652.45156	
3.554969	1654.04601	1654.05726	1652.5363	1652.53882	
3.565199	1654.13288	1654.14453	1652.62317	1652.62609	
3.57547	1654.22078	1654.23179	1652.71107	1652.71336	
3.58797	1654.32872	1654.31033	1652.81901	1652.80062	
3.595826	1654.39684	1654.40632	1652.88713	1652.88789	
3.6061	1654.48662	1654.48486	1652.97691	1652.98388	
3.616237	1654.57583	1654.58086	1653.06612	1653.07115	
3.626449	1654.6663	1654.66812	1653.15659	1653.15841	
3.637994	1654.76944	1654.75539	1653.25973	1653.24568	
3.646669	1654.84724	1654.85138	1653.33753	1653.34167	
3.656894	1654.93966	1654.93865	1653.42995	1653.43767	
3.667154	1655.03312	1655.02592	1653.52341	1653.52493	
3.677549	1655.12843	1655.11318	1653.61872	1653.62093	
3.688999	1655.23422	1655.20918	1653.72451	1653.70819	
3.697516	1655.31329	1655.30517	1653.80358	1653.80419	
3.707671	1655.40813	1655.39244	1653.89842	1653.89145	
3.717855	1655.50396	1655.4797	1653.99425	1653.98745	
3.727959	1655.59961	1655.5757	1654.0899	1654.08344	
3.738055	1655.69585	1655.67169	1654.18614	1654.17943	
3.748243	1655.79355	1655.77641	1654.28384	1654.27542	
3.758457	1655.89214	1655.86367	1654.38243	1654.36269	
3.768513	1655.98979	1655.96839	1654.48008	1654.46741	
3.77864	1656.08876	1656.05566	1654.57905	1654.5634	
3.791408	1656.21474	1656.16038	1654.70503	1654.6594	
3.7992	1656.29173	1656.2651	1654.78202	1654.76412	
3.809121	1656.39046	1656.36109	1654.88075	1654.86011	
3.819262	1656.49204	1656.46581	1654.98233	1654.96483	
3.829398	1656.59421	1656.57053	1655.08451	1655.06955	
3.847898	1656.7832	1656.67525	1655.27349	1655.27026	
3.852474	1656.8298	1656.80615	1655.32009	1655.3139	
3.862597	1656.93386	1656.9196	1655.42415	1655.41862	
3.872741	1657.0387	1657.03305	1655.52899	1655.52334	
3.882867	1657.14401	1657.15522	1655.6343	1655.63678	
3.896019	1657.28208	1657.26866	1655.77237	1655.76768	
3.903399	1657.35953	1657.38211	1655.84982	1655.85495	
3.91367	1657.46829	1657.50428	1655.95858	1655.95967	
3.923653	1657.57448	1657.609	1656.06477	1656.07311	
3.933833	1657.68347	1657.73118	1656.17376	1656.17783	
3.943981	1657.79268	1657.84462	1656.28297	1656.29128	
3.954127	1657.90254	1657.95807	1656.39283	1656.40473	
3.964279	1658.01307	1658.06279	1656.50336	1656.51817	
3.974451	1658.12444	1658.17624	1656.61473	1656.63162	
3.984624	1658.23461	1658.28096	1656.7249	1656.73634	
3.996989	1658.36864	1658.38568	1656.85893	1656.84979	
4.005608	1658.45975	1658.4904	1656.95004	1656.97196	
4.015513	1658.56512	1658.60384	1657.05541	1657.08541	
4.025623	1658.67208	1658.70856	1657.16237	1657.19012	
4.035723	1658.77834	1658.81328	1657.26863	1657.30357	
4.045995	1658.88577	1658.918	1657.37606	1657.41702	
4.05605	1658.99035	1659.04017	1657.48064	1657.53046	
4.066192	1659.09517	1659.14489	1657.58546	1657.64391	
4.076374	1659.19984	1659.25834	1657.69013	1657.74863	
4.086503	1659.30329	1659.37179	1657.79358	1657.85335	
4.098469	1659.42471	1659.47651	1657.915	1657.95807	
4.106839	1659.50916	1659.58123	1657.99945	1658.06279	
4.11709	1659.612	1659.68595	1658.10229	1658.17624	
4.127187	1659.71271	1659.79067	1658.203	1658.27223	
4.137309	1659.81302	1659.89539	1658.30331	1658.38568	
4.147548	1659.91393	1660.0001	1658.40422	1658.48167	
4.157573	1660.01206	1660.08737	1658.50235	1658.58639	
4.167745	1660.11102	1660.18336	1658.60131	1658.68238	
4.177898	1660.20915	1660.27936	1658.69944	1658.77837	
4.188018	1660.30643	1660.36662	1658.79672	1658.87437	
4.201	1660.43012	1660.45389	1658.92041	1658.97036	
4.208372	1660.50004	1660.54116	1658.99033	1659.05763	
4.218511	1660.59563	1660.62842	1659.08592	1659.14489	
4.228674	1660.69076	1660.71569	1659.18105	1659.24089	
4.238768	1660.7847	1660.80296	1659.27499	1659.31943	
4.248961	1660.87896	1660.89022	1659.36925	1659.41542	
4.259186	1660.97285	1660.97749	1659.46314	1659.49396	
4.269246	1661.06461	1661.06476	1659.5549	1659.58123	
4.287351	1661.2274	1661.22184	1659.71769	1659.72958	
4.291866	1661.26803	1661.26547	1659.75832	1659.77321	
4.303656	1661.37316	1661.35274	1659.86345	1659.85175	
4.312231	1661.44915	1661.44	1659.93944	1659.93902	
4.322367	1661.5384	1661.53599	1660.02869	1660.01756	
4.332659	1661.62842	1661.62326	1660.11871	1660.10482	
4.342679	1661.7154	1661.71053	1660.20569	1660.19209	
4.352869	1661.80327	1661.80652	1660.29356	1660.27936	
4.363008	1661.89008	1661.89379	1660.38037	1660.36662	
4.373168	1661.97648	1661.98978	1660.46677	1660.46262	
4.391442	1662.12941	1662.07705	1660.6197	1660.6197	
4.395948	1662.16714	1662.18177	1660.65743	1660.66333	
4.40875	1662.27327	1662.26903	1660.76356	1660.76805	
4.416326	1662.33573	1662.36503	1660.82602	1660.83786	
4.426621	1662.41996	1662.45229	1660.91025	1660.92513	
4.436653	1662.50143	1662.53956	1660.99172	1661.0124	
4.446704	1662.58248	1662.6181	1661.07277	1661.09966	
4.457302	1662.66722	1662.70537	1661.15751	1661.19566	
4.467468	1662.74819	1662.79263	1661.23848	1661.2742	
4.4776	1662.82783	1662.87117	1661.31812	1661.36146	
4.487684	1662.9066	1662.94971	1661.39689	1661.44873	
4.497812	1662.9852	1663.02825	1661.47549	1661.52727	
4.5105	1663.08261	1663.10679	1661.5729	1661.60581	
4.518255	1663.14182	1663.1766	1661.63211	1661.68435	
4.528319	1663.21806	1663.25514	1661.70835	1661.76289	
4.538504	1663.29462	1663.33368	1661.78491	1661.8327	
4.548645	1663.37021	1663.4035	1661.8605	1661.90251	
4.558954	1663.44643	1663.47331	1661.93672	1661.98105	
4.568916	1663.51949	1663.54312	1662.00978	1662.05087	
4.579056	1663.59324	1663.61294	1662.08353	1662.12068	
4.589253	1663.66679	1663.68275	1662.15708	1662.19049	
4.607501	1663.79602	1663.81365	1662.28631	1662.31267	
4.614621	1663.84643	1663.83983	1662.33672	1662.3563	
4.62231	1663.90034	1663.90964	1662.39063	1662.41739	
4.632397	1663.97049	1663.98818	1662.46078	1662.47847	
4.64259	1664.04078	1664.058	1662.53107	1662.54829	
4.652722	1664.11003	1664.12781	1662.60032	1662.6181	
4.662849	1664.17865	1664.20635	1662.66894	1662.68791	
4.682888	1664.31147	1664.32852	1662.80176	1662.81008	
4.687531	1664.34228	1664.36343	1662.83257	1662.84499	
4.697547	1664.40808	1664.43324	1662.89837	1662.9148	
4.707707	1664.47421	1664.50305	1662.9645	1662.97589	
4.718787	1664.54559	1664.57287	1663.03588	1663.05443	
4.728589	1664.60812	1664.64268	1663.09841	1663.11552	
4.738746	1664.6724	1664.70377	1663.16269	1663.1766	
4.748902	1664.73597	1664.76485	1663.22626	1663.24642	
4.759042	1664.79889	1664.82594	1663.28918	1663.3075	
4.769153	1664.86098	1664.88703	1663.35127	1663.36859	
4.779298	1664.9227	1664.95684	1663.41299	1663.4384	
4.789479	1664.98402	1665.0092	1663.47431	1663.49949	
4.799677	1665.04482	1665.07901	1663.53511	1663.5693	
4.810147	1665.10658	1665.13137	1663.59687	1663.63039	
4.829052	1665.21553	1665.23609	1663.70582	1663.74384	
4.833632	1665.24197	1665.271	1663.73226	1663.77002	
4.843772	1665.29979	1665.32336	1663.79008	1663.82238	
4.853994	1665.35742	1665.38445	1663.84771	1663.89219	
4.86405	1665.41353	1665.44553	1663.90382	1663.94455	
4.874235	1665.46974	1665.49789	1663.96003	1663.99691	
4.884374	1665.52512	1665.55025	1664.01541	1664.04927	
4.894551	1665.58005	1665.60261	1664.07034	1664.10163	
4.904658	1665.63403	1665.65497	1664.12432	1664.16272	
4.915	1665.68864	1665.70733	1664.17893	1664.21508	
4.925059	1665.74116	1665.75969	1664.23145	1664.26743	
4.939854	1665.81686	1665.83823	1664.30715	1664.34597	
4.95022	1665.86941	1665.89932	1664.3597	1664.39833	
4.960035	1665.91861	1665.94295	1664.4089	1664.44197	
4.970425	1665.97006	1665.99531	1664.46035	1664.4856	
4.980709	1666.02036	1666.04767	1664.51065	1664.53796	
4.990775	1666.06898	1666.0913	1664.55927	1664.59032	
5.000914	1666.11734	1666.14366	1664.60763	1664.63395	
5.018944	1666.20105	1666.23093	1664.69134	1664.72122	
5.034027	1666.26987	1666.30947	1664.76016	1664.79103	
5.038608	1666.29074	1666.32692	1664.78103	1664.80849	
5.048743	1666.33624	1666.37056	1664.82653	1664.86085	
5.058921	1666.38133	1666.41419	1664.87162	1664.90448	
5.069421	1666.42845	1666.45782	1664.91874	1664.94811	
5.079222	1666.46942	1666.49273	1664.95971	1664.99175	
5.089329	1666.51239	1666.54509	1665.00268	1665.03538	
5.0996	1666.55543	1666.58	1665.04572	1665.07901	
5.1097	1666.59715	1666.6149	1665.08744	1665.12265	
5.120163	1666.63973	1666.65854	1665.13002	1665.16628	
5.130054	1666.67942	1666.69344	1665.16971	1665.20119	
5.140145	1666.71929	1666.72835	1665.20958	1665.24482	
5.15029	1666.75877	1666.77198	1665.24907	1665.28845	
5.160423	1666.79762	1666.80689	1665.28791	1665.32336	
5.170589	1666.83598	1666.83307	1665.32627	1665.35827	
5.180769	1666.87378	1666.86798	1665.36407	1665.4019	
5.190872	1666.91071	1666.90288	1665.401	1665.43681	
5.201092	1666.94745	1666.93779	1665.43774	1665.48044	
5.211134	1666.98296	1666.9727	1665.47325	1665.51535	
5.221628	1667.01942	1667.01633	1665.50971	1665.55025	
5.231979	1667.05479	1667.05124	1665.54508	1665.58516	
5.241948	1667.08823	1667.08614	1665.57852	1665.62007	
5.252095	1667.12169	1667.12105	1665.61198	1665.65497	
5.262466	1667.15525	1667.15595	1665.64555	1665.68988	
5.27239	1667.1868	1667.18213	1665.67709	1665.71606	
5.282577	1667.21859	1667.21704	1665.70888	1665.75096	
5.292772	1667.24978	1667.24322	1665.74007	1665.77714	
5.302904	1667.28019	1667.27813	1665.77048	1665.81205	
5.313046	1667.31004	1667.31303	1665.80033	1665.84696	
5.32318	1667.33927	1667.33921	1665.82956	1665.87314	
5.342602	1667.39258	1667.36539	1665.88287	1665.9255	
5.347183	1667.40521	1667.4003	1665.8955	1665.93422	
5.35738	1667.4326	1667.43521	1665.92289	1665.9604	
5.367802	1667.45997	1667.46139	1665.95026	1665.98658	
5.377614	1667.48518	1667.48757	1665.97547	1666.02149	
5.38784	1667.51084	1667.51375	1666.00113	1666.04767	
5.39802	1667.53579	1667.53993	1666.02608	1666.07385	
5.408086	1667.55989	1667.55738	1666.05018	1666.0913	
5.418414	1667.584	1667.58356	1666.07429	1666.11748	
5.428901	1667.60784	1667.60974	1666.09813	1666.14366	
5.448618	1667.64992	1667.64465	1666.14021	1666.1873	
5.45317	1667.6597	1667.64465	1666.14999	1666.19602	
5.463288	1667.68073	1667.67083	1666.17102	1666.21348	
5.48192	1667.71703	1667.70573	1666.20732	1666.23966	
5.486453	1667.72591	1667.71446	1666.2162	1666.24838	
5.496583	1667.74505	1667.73191	1666.23534	1666.26584	
5.50672	1667.76362	1667.74937	1666.25391	1666.27456	
5.516923	1667.78172	1667.75809	1666.27201	1666.29202	
5.527014	1667.79963	1667.77555	1666.28992	1666.30074	
5.54756	1667.83148	1667.793	1666.32177	1666.33565	
5.552178	1667.83878	1667.81918	1666.32907	1666.34438	
5.562341	1667.85423	1667.82791	1666.34452	1666.36183	
5.572451	1667.86904	1667.84536	1666.35933	1666.37056	
5.582676	1667.88344	1667.85409	1666.37373	1666.38801	
5.592786	1667.89712	1667.87154	1666.38741	1666.40546	
5.602956	1667.91031	1667.88899	1666.4006	1666.42292	
5.613126	1667.92293	1667.90645	1666.41322	1666.44037	
5.623254	1667.93495	1667.9239	1666.42524	1666.44037	
5.633422	1667.94645	1667.93263	1666.43674	1666.4491	
5.643865	1667.95768	1667.95008	1666.44797	1666.45782	
5.653746	1667.96778	1667.95881	1666.45807	1666.46655	
5.66391	1667.97762	1667.97626	1666.46791	1666.47528	
5.674103	1667.98694	1667.98499	1666.47723	1666.484	
5.684213	1667.99564	1667.99371	1666.48593	1666.49273	
5.694375	1668.00385	1668.00244	1666.49414	1666.51018	
5.704535	1668.01152	1668.01117	1666.50181	1666.51891	
5.714677	1668.01865	1668.01989	1666.50894	1666.51891	
5.724893	1668.0253	1668.02862	1666.51559	1666.52764	
5.734956	1668.03135	1668.02862	1666.52164	1666.51891	
5.745531	1668.03714	1668.04607	1666.52743	1666.51891	
5.75532	1668.04205	1668.04607	1666.53234	1666.51891	
5.765506	1668.04666	1668.04607	1666.53695	1666.51891	
5.775678	1668.05078	1668.0548	1666.54107	1666.52764	
5.786017	1668.05448	1668.06353	1666.54477	1666.53636	
5.796002	1668.05762	1668.06353	1666.54791	1666.54509	
5.806234	1668.06039	1668.07225	1666.55068	1666.54509	
5.816303	1668.06271	1668.08098	1666.553	1666.55382	
5.826441	1668.06465	1668.08098	1666.55494	1666.56254	
5.836566	1668.06623	1668.08098	1666.55652	1666.56254	
5.847696	1668.07078	1668.06353	1666.56107	1666.55382	
5.857739	1668.07078	1668.06353	1666.56107	1666.54509	
5.867899	1668.07078	1668.0548	1666.56107	1666.54509	
5.878064	1668.07078	1668.04607	1666.56107	1666.53636	
5.888142	1668.07078	1668.03735	1666.56107	1666.52764	
5.89832	1668.07078	1668.02862	1666.56107	1666.52764	
5.908463	1668.07078	1668.02862	1666.56107	1666.52764	
5.91879	1668.07078	1668.02862	1666.56107	1666.53636	
5.928897	1668.07078	1668.03735	1666.56107	1666.54509	
5.939046	1668.07078	1668.04607	1666.56107	1666.55382	
5.9596	1668.07078	1668.06353	1666.56107	1666.57127	
5.964162	1668.07078	1668.07225	1666.56107	1666.58	
5.974378	1668.07078	1668.08098	1666.56107	1666.58	
5.984477	1668.07078	1668.09843	1666.56107	1666.58	
5.99477	1668.07078	1668.09843	1666.56107	1666.58	
6.004787	1668.07078	1668.09843	1666.56107	1666.58	
6.014928	1668.07078	1668.09843	1666.56107	1666.58	
6.025055	1668.07078	1668.09843	1666.56107	1666.58	
6.035177	1668.07078	1668.08971	1666.56107	1666.58	
6.045358	1668.07078	1668.08098	1666.56107	1666.58	
6.055584	1668.07078	1668.06353	1666.56107	1666.58	
6.065654	1668.07078	1668.06353	1666.56107	1666.58	
6.085505	1668.07078	1668.04607	1666.56107	1666.58	
6.090037	1668.07078	1668.04607	1666.56107	1666.58	
6.10036	1668.07078	1668.02862	1666.56107	1666.58	
6.110387	1668.07078	1668.02862	1666.56107	1666.58	
6.120484	1668.07078	1668.03735	1666.56107	1666.58	
6.130624	1668.07078	1668.04607	1666.56107	1666.58	
6.140815	1668.07078	1668.04607	1666.56107	1666.58	
6.150905	1668.07078	1668.0548	1666.56107	1666.58	
6.168917	1668.07078	1668.08098	1666.56107	1666.58	
6.173403	1668.07078	1668.08098	1666.56107	1666.58	
6.183637	1668.07078	1668.09843	1666.56107	1666.58	
6.193717	1668.07078	1668.09843	1666.56107	1666.58	
6.203902	1668.07078	1668.11589	1666.56107	1666.58	
6.214098	1668.07078	1668.10716	1666.56107	1666.58	
6.224317	1668.07078	1668.09843	1666.56107	1666.58	
6.234339	1668.07078	1668.09843	1666.56107	1666.58	
6.244545	1668.07078	1668.08971	1666.56107	1666.58	
6.254672	1668.07078	1668.08098	1666.56107	1666.58	
6.264833	1668.07078	1668.06353	1666.56107	1666.58	
6.274964	1668.07078	1668.0548	1666.56107	1666.58	
6.285143	1668.07078	1668.04607	1666.56107	1666.58	
6.295285	1668.07078	1668.03735	1666.56107	1666.58	
6.305453	1668.07078	1668.02862	1666.56107	1666.58	
6.315629	1668.07078	1668.02862	1666.56107	1666.58	
6.32576	1668.07078	1668.02862	1666.56107	1666.58	
6.335909	1668.07078	1668.03735	1666.56107	1666.58	
6.346044	1668.07078	1668.04607	1666.56107	1666.58	
6.356194	1668.07078	1668.0548	1666.56107	1666.58	
6.366411	1668.07078	1668.06353	1666.56107	1666.58	
6.376497	1668.07078	1668.08098	1666.56107	1666.58	
6.386699	1668.07078	1668.08971	1666.56107	1666.58	
6.396912	1668.07078	1668.09843	1666.56107	1666.58	
6.407017	1668.07078	1668.10716	1666.56107	1666.58	
6.417244	1668.07078	1668.11589	1666.56107	1666.58	
6.42736	1668.07078	1668.10716	1666.56107	1666.58	
6.437502	1668.07078	1668.09843	1666.56107	1666.58	
6.447721	1668.07078	1668.08971	1666.56107	1666.58	
6.457845	1668.07078	1668.08098	1666.56107	1666.58	
6.467959	1668.07078	1668.07225	1666.56107	1666.58	
6.478779	1668.07078	1668.06353	1666.56107	1666.58	
6.488287	1668.07078	1668.0548	1666.56107	1666.58	
6.498364	1668.07078	1668.04607	1666.56107	1666.58	
6.508524	1668.07078	1668.03735	1666.56107	1666.58	
6.51872	1668.07078	1668.02862	1666.56107	1666.58	
6.528867	1668.07078	1668.02862	1666.56107	1666.58	
6.538998	1668.07078	1668.02862	1666.56107	1666.58	
6.549139	1668.07078	1668.02862	1666.56107	1666.58	
6.559329	1668.07078	1668.03735	1666.56107	1666.58	
6.569459	1668.07078	1668.04607	1666.56107	1666.58	
6.579657	1668.07078	1668.06353	1666.56107	1666.58	
6.589767	1668.07078	1668.07225	1666.56107	1666.58	
6.59989	1668.07078	1668.08098	1666.56107	1666.58	
6.610376	1668.07078	1668.09843	1666.56107	1666.58	
6.643131	1668.07078	1668.12461	1666.56107	1666.58	
6.654416	1668.07078	1668.13334	1666.56107	1666.58	
