0.04519314	
0.05018993	
0.06021852	
0.07003312	
0.0801847	
0.09041928	
0.1007759	
0.1192391	
0.1235659	
0.1354584	
0.145563	
0.1556606	
0.1657792	
0.1764307	
0.1863283	
0.1963939	
0.2064655	
0.2165871	
0.2267727	
0.2369022	
0.2475728	
0.2576784	
0.267807	
0.2779716	
0.2881821	
0.2983717	
0.3085183	
0.3186099	
0.3287575	
0.338976	
0.3490406	
0.3591792	
0.3693128	
0.3795414	
0.389652	
0.3998495	
0.4099181	
0.4202677	
0.4301743	
0.4404299	
0.4505004	
0.46064	
0.4707446	
0.4809502	
0.4915428	
0.5014394	
0.5115709	
0.5217035	
0.5318721	
0.5420257	
0.5561061	
0.5626568	
0.5727974	
0.582932	
0.5931286	
0.6033322	
0.6134547	
0.6235873	
0.6337589	
0.6439175	
0.6540531	
0.6643566	
0.6743892	
0.6845628	
0.6946684	
0.704828	
0.7150856	
0.7251011	
0.7352567	
0.7556429	
0.7600027	
0.7701343	
0.7803479	
0.7904484	
0.800594	
0.8107326	
0.8209652	
0.8310948	
0.8411524	
0.8513669	
0.8614915	
0.8716471	
0.8818387	
0.8919613	
0.9021149	
0.9122794	
0.922468	
0.9326596	
0.9428062	
0.9529658	
0.9631503	
0.9732309	
0.9833565	
0.9936251	
1.003713	
1.013855	
1.024033	
1.034169	
1.044381	
1.054472	
1.064631	
1.074826	
1.084941	
1.095085	
1.105253	
1.115427	
1.125543	
1.135743	
1.145898	
1.156027	
1.166148	
1.176382	
1.186503	
1.196659	
1.206802	
1.217318	
1.227179	
1.237338	
1.247904	
1.257621	
1.267699	
1.277857	
1.288022	
1.298176	
1.308355	
1.318418	
1.328575	
1.33875	
1.348881	
1.359007	
1.369146	
1.379302	
1.389509	
1.410151	
1.414524	
1.424666	
1.434786	
1.444998	
1.455118	
1.465283	
1.475411	
1.48555	
1.495747	
1.505918	
1.516045	
1.526147	
1.536337	
1.546548	
1.557124	
1.567215	
1.579337	
1.587537	
1.597721	
1.607793	
1.617947	
1.628184	
1.63827	
1.648594	
1.658526	
1.668887	
1.679347	
1.689117	
1.699306	
1.709404	
1.719578	
1.729791	
1.739854	
1.75001	
1.760155	
1.770316	
1.780555	
1.790586	
1.800779	
1.811059	
1.821104	
1.831269	
1.841384	
1.857579	337.933013	337.93065	337.697394	337.69503	
1.862284	337.933669	337.93065	337.69805	337.69503	
1.872393	337.935866	337.93065	337.700247	337.69503	
1.88251	337.938659	337.93065	337.703039	337.69503	
1.892681	337.942099	337.93065	337.70648	337.69503	
1.902875	337.946172	337.939376	337.710552	337.703757	
1.913027	337.950847	337.948103	337.715228	337.703757	
1.923393	337.956271	337.948103	337.720651	337.703757	
1.933508	337.962167	337.948103	337.726548	337.712484	
1.943642	337.968692	337.95683	337.733073	337.712484	
1.953853	337.975895	337.965556	337.740275	337.72121	
1.964369	337.983991	337.965556	337.748371	337.72121	
1.974454	337.992343	337.974283	337.756724	337.738664	
1.984623	338.001395	337.98301	337.765776	337.74739	
1.99479	338.011059	337.98301	337.77544	337.756117	
2.00489	338.021276	337.98301	337.785656	337.764843	
2.015088	338.032217	337.991736	337.796598	337.77357	
2.025245	338.043731	338.000463	337.808111	337.782297	
2.035444	338.055919	338.000463	337.8203	337.791023	
2.045557	338.068609	338.00919	337.83299	337.808477	
2.055669	338.08192	338.017916	337.8463	337.817203	
2.06703	338.097702	338.03537	337.862082	337.834657	
2.077077	338.112201	338.044096	337.876581	337.843383	
2.087203	338.127442	338.061549	337.891822	337.860837	
2.097346	338.143331	338.079003	337.907711	337.87829	
2.107503	338.159867	338.105183	337.924247	337.895743	
2.117664	338.177012	338.122636	337.941392	337.913196	
2.127761	338.194669	338.148816	337.959049	337.93065	
2.137981	338.213171	338.174996	337.977552	337.948103	
2.148148	338.232195	338.201176	337.996575	337.965556	
2.158619	338.252454	338.227356	338.016835	337.991736	
2.169775	338.274828	338.262262	338.039208	338.017916	
2.179714	338.295277	338.297169	338.059658	338.03537	
2.189837	338.316745	338.323349	338.081125	338.070276	
2.199924	338.338754	338.349529	338.103134	338.096456	
2.210354	338.362175	338.375709	338.126556	338.131363	
2.220234	338.384919	338.401889	338.1493	338.157543	
2.230397	338.40895	338.419342	338.173331	338.192449	
2.240539	338.433634	338.445522	338.198014	338.218629	
2.250712	338.458856	338.462975	338.223236	338.244809	
2.260863	338.484703	338.489155	338.249084	338.279716	
2.272305	338.514691	338.506608	338.279071	338.314622	
2.282495	338.541966	338.524062	338.306347	338.340802	
2.292662	338.5698	338.541515	338.33418	338.366982	
2.30279	338.598146	338.558968	338.362527	338.384435	
2.313148	338.627796	338.585148	338.392177	338.419342	
2.323142	338.656978	338.611328	338.421359	338.436795	
2.333271	338.687171	338.628781	338.451551	338.462975	
2.343413	338.718029	338.663688	338.482409	338.489155	
2.353613	338.749699	338.698595	338.514079	338.515335	
2.363703	338.781612	338.724775	338.545993	338.541515	
2.375026	338.818271	338.768408	338.582652	338.567695	
2.385207	338.851799	338.803314	338.61618	338.593875	
2.395384	338.885928	338.846948	338.650308	338.628781	
2.405498	338.920464	338.890581	338.684844	338.654961	
2.415611	338.955614	338.934214	338.719994	338.689868	
2.425892	338.992005	338.977847	338.756385	338.724775	
2.43599	339.028329	339.021481	338.79271	338.759681	
2.446139	339.065461	339.065114	338.829841	338.803314	
2.45628	339.103175	339.108747	338.867556	338.846948	
2.466426	339.141534	339.15238	338.905915	338.890581	
2.477668	339.184848	339.20474	338.949228	338.942941	
2.487871	339.224729	339.239647	338.989109	338.986574	
2.498017	339.265015	339.274553	339.029395	339.038934	
2.508176	339.30596	339.318187	339.07034	339.082567	
2.518625	339.348759	339.36182	339.113139	339.134927	
2.528441	339.389657	339.396726	339.154038	339.17856	
2.538565	339.432179	339.431633	339.196559	339.222193	
2.548724	339.475582	339.46654	339.239962	339.274553	
2.559679	339.523164	339.501446	339.287545	339.318187	
2.570153	339.56931	339.545079	339.333691	339.36182	
2.58026	339.614419	339.579986	339.3788	339.405453	
2.590449	339.660529	339.623619	339.424909	339.449086	
2.600568	339.707056	339.658526	339.471436	339.492719	
2.610682	339.753892	339.710886	339.518273	339.527626	
2.62087	339.801866	339.754519	339.566247	339.571259	
2.638896	339.889092	339.841785	339.653473	339.641072	
2.643497	339.911304	339.867965	339.675684	339.658526	
2.653593	339.960795	339.920325	339.725176	339.702159	
2.663716	340.011054	339.972685	339.775435	339.745792	
2.673925	340.062369	340.033772	339.826749	339.798152	
2.684144	340.11437	340.094858	339.878751	339.850512	
2.694246	340.166339	340.147218	339.93072	339.902872	
2.704403	340.219237	340.208304	339.983618	339.955232	
2.71463	340.273156	340.269391	340.037537	340.016318	
2.724742	340.327042	340.321751	340.091423	340.068678	
2.734906	340.381859	340.382837	340.146239	340.129765	
2.754665	340.491338	340.496284	340.255718	340.251938	
2.759217	340.516434	340.513737	340.280815	340.278118	
2.769347	340.57315	340.574824	340.33753	340.339204	
2.788739	340.684552	340.627183	340.448933	340.452651	
2.793338	340.710826	340.705723	340.475207	340.47883	
2.803543	340.770052	340.758083	340.534432	340.539917	
2.813634	340.829211	340.810443	340.593592	340.601004	
2.823774	340.889282	340.880256	340.653663	340.66209	
2.833972	340.950365	340.941343	340.714745	340.723177	
2.844094	341.011557	341.002429	340.775937	340.784263	
2.854276	341.073735	341.054789	340.838115	340.836623	
2.864435	341.136404	341.124602	340.900784	340.897709	
2.874568	341.199527	341.176962	340.963908	340.958796	
2.88702	341.278165	341.246775	341.042546	341.037336	
2.895172	341.329863	341.307862	341.094243	341.080969	
2.905315	341.394927	341.377675	341.159307	341.142056	
2.915533	341.461087	341.438762	341.225468	341.211869	
2.925609	341.526946	341.508575	341.291327	341.272955	
2.935801	341.594184	341.569661	341.358564	341.342768	
2.945958	341.661795	341.639474	341.426175	341.403855	
2.95611	341.730018	341.709288	341.494398	341.473668	
2.966267	341.798866	341.779101	341.563247	341.543481	
2.976381	341.868049	341.848914	341.63243	341.622021	
2.98822	341.950004	341.91	341.714385	341.691834	
2.996775	342.009488	341.98854	341.773869	341.761647	
3.007357	342.08389	342.058353	341.84827	341.840187	
3.017119	342.153006	342.136893	341.917386	341.91	
3.0274	342.227055	342.206706	341.991436	341.98854	
3.037405	342.298552	342.27652	342.062933	342.06708	
3.047562	342.372369	342.346333	342.136749	342.136893	
3.057814	342.447516	342.433599	342.211897	342.215433	
3.067855	342.521694	342.503412	342.286074	342.293973	
3.078114	342.598195	342.581952	342.362576	342.363786	
3.090847	342.694146	342.660492	342.458527	342.442326	
3.098873	342.754903	342.730305	342.519284	342.520866	
3.108523	342.828489	342.817572	342.592869	342.590679	
3.118639	342.906335	342.887385	342.670716	342.669219	
3.128734	342.984608	342.974651	342.748989	342.747759	
3.138936	343.064354	343.053191	342.828735	342.826298	
3.149061	343.144079	343.131731	342.90846	342.904838	
3.159209	343.224612	343.210271	342.988992	342.983378	
3.169366	343.305867	343.288811	343.070248	343.061918	
3.179583	343.388215	343.36735	343.152595	343.149184	
3.192042	343.489738	343.44589	343.254119	343.236451	
3.199879	343.553777	343.533157	343.318158	343.314991	
3.210005	343.637204	343.60297	343.401584	343.402257	
3.220114	343.721119	343.690236	343.4855	343.489523	
3.230335	343.806603	343.777503	343.570984	343.57679	
3.24043	343.891666	343.864769	343.656047	343.65533	
3.251279	343.983829	343.952036	343.74821	343.751323	
3.26129	344.069358	344.039302	343.833739	343.838589	
3.271425	344.156636	344.126569	343.921016	343.925856	
3.281569	344.244591	344.222562	344.008972	344.013122	
3.291765	344.333667	344.318555	344.098047	344.100389	
3.302191	344.425402	344.405821	344.189782	344.187655	
3.312119	344.513244	344.501814	344.277625	344.283648	
3.322448	344.605388	344.589081	344.369768	344.370915	
3.332448	344.695188	344.685074	344.459568	344.458181	
3.342623	344.787095	344.77234	344.551475	344.554174	
3.352761	344.879337	344.868334	344.643718	344.650167	
3.362938	344.972529	344.964327	344.73691	344.737434	
3.373083	345.066082	345.051593	344.830462	344.833427	
3.383199	345.159952	345.147586	344.924333	344.92942	
3.393402	345.255332	345.243579	345.019713	345.016687	
3.40363	345.351556	345.330846	345.115937	345.121406	
3.413745	345.447214	345.426839	345.211594	345.217399	
3.424347	345.548314	345.522832	345.312694	345.313393	
3.434078	345.641521	345.618825	345.405902	345.409386	
3.444227	345.739453	345.714818	345.503834	345.505379	
3.454373	345.837935	345.819538	345.602315	345.610098	
3.464531	345.937527	345.915531	345.701907	345.706092	
3.474668	346.03683	346.011524	345.80121	345.802085	
3.484837	346.137414	346.116244	345.901794	345.906804	
3.495011	346.238658	346.220964	346.003039	346.002798	
3.505225	346.340978	346.316957	346.105359	346.107517	
3.515462	346.444108	346.421677	346.208488	346.20351	
3.525507	346.545872	346.526396	346.310252	346.30823	
3.53573	346.650134	346.631116	346.414514	346.41295	
3.545867	346.754091	346.735836	346.518472	346.51767	
3.557451	346.873892	346.840556	346.638273	346.622389	
3.566138	346.963902	346.954002	346.728283	346.727109	
3.576266	347.069624	347.058722	346.834005	346.831829	
3.586427	347.176365	347.163442	346.940745	346.936549	
3.59662	347.283981	347.268161	347.048361	347.049995	
3.607075	347.395135	347.372881	347.159515	347.163442	
3.617233	347.503668	347.477601	347.268049	347.276888	
3.627416	347.613081	347.591047	347.377461	347.390334	
3.637544	347.722559	347.704494	347.48694	347.495054	
3.64762	347.832062	347.809213	347.596442	347.599774	
3.657892	347.9443	347.931386	347.708681	347.71322	
3.668152	348.055186	348.036106	347.819566	347.826667	
3.678176	348.162951	348.140826	347.927331	347.931386	
3.688258	348.27067	348.254272	348.03505	348.036106	
3.698737	348.382041	348.367719	348.146421	348.149553	
3.709311	348.493774	348.489892	348.258154	348.262999	
3.71968	348.602646	348.594612	348.367026	348.367719	
3.729753	348.707784	348.699331	348.472165	348.481165	
3.739836	348.812484	348.812778	348.576865	348.585885	
3.750971	348.927334	348.926224	348.691715	348.708058	
3.759989	349.019865	349.030944	348.784245	348.804051	
3.770153	349.123541	349.14439	348.887922	348.908771	
3.780276	349.226192	349.257837	348.990573	349.022217	
3.790427	349.328544	349.362556	349.092924	349.126937	
3.800631	349.430799	349.458549	349.19518	349.231657	
3.812025	349.544177	349.571996	349.308557	349.35383	
3.822176	349.644554	349.676716	349.408934	349.458549	
3.832331	349.744436	349.772709	349.508817	349.563269	
3.842512	349.843909	349.868702	349.608289	349.667989	
3.8527	349.942833	349.955968	349.707214	349.772709	
3.86283	350.040596	350.051961	349.804977	349.868702	
3.872973	350.137855	350.147955	349.902235	349.973422	
3.883219	350.235493	350.235221	349.999874	350.069415	
3.893292	350.330867	350.331214	350.095248	350.165408	
3.903413	350.426123	350.427207	350.190504	350.252674	
3.914626	350.530872	350.531927	350.295253	350.348667	
3.94058	350.768195	350.75882	350.532575	350.566834	
3.945276	350.811255	350.802453	350.575636	350.610467	
3.955368	350.903082	350.898446	350.667462	350.697733	
3.965498	350.994671	350.994439	350.759052	350.776273	
3.975611	351.085492	351.090432	350.849872	350.86354	
3.985819	351.176554	351.177699	350.940934	350.950806	
3.995972	351.266533	351.264965	351.030913	351.038072	
4.006057	351.355256	351.352232	351.119636	351.125339	
4.017239	351.452934	351.456951	351.217314	351.221332	
4.027437	351.541381	351.544218	351.305762	351.308598	
4.037532	351.628317	351.631484	351.392698	351.404592	
4.047666	351.715005	351.727478	351.479386	351.491858	
4.057837	351.801462	351.814744	351.565843	351.579125	
4.067996	351.887097	351.90201	351.651477	351.666391	
4.078183	351.972369	351.98055	351.736749	351.753657	
4.088279	352.056311	352.067817	351.820691	351.840924	
4.098453	352.140277	352.155083	351.904658	351.92819	
4.108861	352.225575	352.24235	351.989955	352.024183	
4.119827	352.314655	352.329616	352.079036	352.120177	
4.130058	352.397159	352.416883	352.161539	352.207443	
4.140124	352.477729	352.495422	352.242109	352.285983	
4.150215	352.557927	352.573962	352.322308	352.373249	
4.160462	352.638762	352.652502	352.403142	352.451789	
4.170576	352.717876	352.731042	352.482256	352.530329	
4.180809	352.797329	352.809582	352.56171	352.608869	
4.190883	352.874967	352.888121	352.639348	352.687409	
4.201044	352.952655	352.957935	352.717035	352.757222	
4.211579	353.032541	353.045201	352.796921	352.835762	
4.222676	353.115955	353.123741	352.880336	352.905575	
4.232858	353.1919	353.193554	352.956281	352.975388	
4.243021	353.267042	353.272094	353.031423	353.045201	
4.253323	353.342624	353.341907	353.107005	353.115014	
4.263463	353.416422	353.41172	353.180802	353.184827	
4.273599	353.489568	353.49026	353.253949	353.254641	
4.283733	353.562073	353.560073	353.326453	353.324454	
4.293875	353.634068	353.629886	353.398449	353.394267	
4.304061	353.705712	353.6997	353.470093	353.472807	
4.314199	353.776434	353.778239	353.540814	353.54262	
4.325303	353.853162	353.848053	353.617543	353.62116	
4.33551	353.923092	353.917866	353.687472	353.6997	
4.345636	353.991836	353.987679	353.756217	353.769513	
4.355805	354.060281	354.057492	353.824662	353.839326	
4.365954	354.128023	354.127305	353.892404	353.917866	
4.376112	354.19515	354.197118	353.959531	353.987679	
4.38629	354.261817	354.266932	354.026197	354.057492	
4.396425	354.327591	354.336745	354.091971	354.127305	
4.406574	354.392861	354.406558	354.157241	354.197118	
4.416705	354.457422	354.467644	354.221803	354.258205	
4.428204	354.529879	354.546184	354.29426	354.336745	
4.438369	354.593357	354.607271	354.357737	354.397831	
4.448443	354.655622	354.668357	354.420002	354.458918	
4.458579	354.7177	354.73817	354.48208	354.511278	
4.469019	354.781029	354.79053	354.54541	354.572364	
4.478878	354.840209	354.84289	354.60459	354.624724	
4.489038	354.900598	354.912703	354.664979	354.685811	
4.499235	354.960599	354.965063	354.72498	354.73817	
4.509307	355.019283	355.017423	354.783663	354.79053	
4.52919	355.132265	355.069783	354.896645	354.89525	
4.534176	355.160634	355.157049	354.925015	354.92143	
4.543954	355.215586	355.209409	354.979966	354.97379	
4.55411	355.272078	355.270496	355.036459	355.02615	
4.564295	355.328132	355.331582	355.092512	355.087236	
4.574609	355.384244	355.383942	355.148625	355.139596	
4.584549	355.437747	355.436302	355.202127	355.191956	
4.594692	355.491737	355.497389	355.256118	355.244316	
4.604937	355.545661	355.549749	355.310042	355.305402	
4.614996	355.598002	355.602108	355.362383	355.366489	
4.625194	355.650467	355.654468	355.414848	355.418849	
4.635496	355.702886	355.706828	355.467267	355.479935	
4.645565	355.753423	355.750461	355.517803	355.532295	
4.655687	355.803693	355.802821	355.568073	355.593382	
4.665939	355.853983	355.855181	355.618363	355.645742	
4.675986	355.902677	355.907541	355.667057	355.698102	
4.68619	355.951526	355.959901	355.715907	355.750461	
4.696324	355.999417	356.003534	355.763798	355.802821	
4.706477	356.046808	356.047167	355.811189	355.846455	
4.716692	356.093871	356.099527	355.858251	355.898814	
4.726735	356.139569	356.143161	355.90395	355.942448	
4.737292	356.188979	356.19552	355.953359	355.986081	
4.757421	356.274387	356.282787	356.038767	356.082074	
4.762028	356.294425	356.308967	356.058805	356.099527	
4.772108	356.337607	356.343873	356.101988	356.134434	
4.782292	356.380647	356.396233	356.145028	356.178067	
4.792447	356.422918	356.439866	356.187299	356.2217	
4.802616	356.464669	356.4835	356.22905	356.256607	
4.812862	356.506117	356.518406	356.270498	356.30024	
4.822895	356.546123	356.553313	356.310504	356.343873	
4.835643	356.595947	356.588219	356.360328	356.37878	
4.843501	356.626382	356.631853	356.390763	356.422413	
4.853435	356.664215	356.675486	356.428595	356.45732	
4.863585	356.702276	356.710393	356.466656	356.500953	
4.873694	356.739612	356.745299	356.503993	356.53586	
4.883899	356.77668	356.788932	356.541061	356.570766	
4.894067	356.813014	356.823839	356.577395	356.605673	
4.904215	356.848673	356.858746	356.613053	356.640579	
4.914372	356.883764	356.893652	356.648145	356.675486	
4.924711	356.918886	356.919832	356.683266	356.710393	
4.937106	356.960019	356.954739	356.7244	356.745299	
4.944919	356.985694	356.989645	356.750074	356.780206	
4.955046	357.018274	357.024552	356.782654	356.815112	
4.965198	357.050357	357.050732	356.814738	356.850019	
4.975297	357.081703	357.076912	356.846084	356.884925	
4.985496	357.112744	357.111818	356.877125	356.919832	
4.995722	357.143271	357.146725	356.907652	356.954739	
5.005826	357.172829	357.172905	356.93721	356.980919	
5.015976	357.201944	357.207811	356.966324	357.015825	
5.026128	357.230468	357.233991	356.994848	357.042005	
5.036307	357.258484	357.268898	357.022865	357.076912	
5.046512	357.285975	357.286351	357.050355	357.103092	
5.056634	357.312615	357.321258	357.076995	357.129272	
5.066777	357.338747	357.338711	357.103128	357.146725	
5.076988	357.364448	357.373618	357.128829	357.164178	
5.087325	357.390124	357.391071	357.154504	357.181631	
5.097279	357.413785	357.417251	357.178166	357.199085	
5.107544	357.437816	357.434704	357.202196	357.225265	
5.117599	357.460796	357.460884	357.225176	357.242718	
5.127694	357.4833	357.478337	357.247681	357.268898	
5.142287	357.514436	357.504517	357.278816	357.295078	
5.150072	357.530831	357.521971	357.295211	357.312531	
5.159871	357.550873	357.548151	357.315253	357.338711	
5.170063	357.571135	357.565604	357.335516	357.356164	
5.180546	357.591339	357.583057	357.35572	357.373618	
5.190385	357.609778	357.60051	357.374158	357.399798	
5.200486	357.628121	357.617964	357.392502	357.417251	
5.21062	357.645945	357.635417	357.410326	357.443431	
5.228599	357.675366	357.670324	357.439747	357.478337	
5.233112	357.682809	357.670324	357.447189	357.487064	
5.244906	357.701252	357.687777	357.465633	357.495791	
5.254025	357.715113	357.70523	357.479493	357.513244	
5.263582	357.729115	357.722683	357.493496	357.521971	
5.273707	357.743376	357.740137	357.507756	357.530697	
5.283855	357.7571	357.75759	357.521481	357.530697	
5.294039	357.770303	357.775043	357.534683	357.539424	
5.304286	357.783019	357.792497	357.5474	357.548151	
5.314376	357.794982	357.801223	357.559362	357.548151	
5.324491	357.806422	357.80995	357.570802	357.556877	
5.334642	357.817351	357.827403	357.581732	357.565604	
5.347418	357.830145	357.83613	357.594526	357.574331	
5.355314	357.837816	357.844857	357.602196	357.583057	
5.365138	357.846797	357.844857	357.611178	357.583057	
5.37529	357.855532	357.853583	357.619912	357.591784	
5.38541	357.863707	357.86231	357.628087	357.60051	
5.395657	357.871437	357.86231	357.635818	357.609237	
5.405752	357.878533	357.871036	357.642914	357.617964	
5.415923	357.885157	357.871036	357.649537	357.62669	
5.426163	357.8913	357.879763	357.65568	357.635417	
5.436239	357.896846	357.879763	357.661227	357.65287	
5.44641	357.901936	357.879763	357.666317	357.65287	
5.456636	357.90656	357.88849	357.670941	357.661597	
5.466775	357.910661	357.897216	357.675042	357.67905	
5.476928	357.91432	357.897216	357.678701	357.687777	
5.48709	357.917493	357.897216	357.681874	357.687777	
5.497367	357.920286	357.905943	357.684667	357.687777	
5.507483	357.922596	357.91467	357.686977	357.67905	
5.517584	357.924531	357.91467	357.688912	357.67905	
5.527657	357.926105	357.923396	357.690485	357.67905	
5.53785	357.93065	357.932123	357.69503	357.67905	
5.547956	357.93065	357.932123	357.69503	357.687777	
5.558506	357.93065	357.932123	357.69503	357.687777	
5.568409	357.93065	357.932123	357.69503	357.687777	
5.57858	357.93065	357.932123	357.69503	357.687777	
5.588761	357.93065	357.932123	357.69503	357.687777	
5.598902	357.93065	357.932123	357.69503	357.687777	
5.609033	357.93065	357.932123	357.69503	357.687777	
5.619388	357.93065	357.932123	357.69503	357.687777	
5.629324	357.93065	357.932123	357.69503	357.67905	
5.639538	357.93065	357.932123	357.69503	357.67905	
5.650119	357.93065	357.932123	357.69503	357.67905	
5.659877	357.93065	357.932123	357.69503	357.67905	
5.670032	357.93065	357.932123	357.69503	357.67905	
5.680058	357.93065	357.932123	357.69503	357.67905	
5.690217	357.93065	357.932123	357.69503	357.67905	
5.700356	357.93065	357.932123	357.69503	357.67905	
5.710526	357.93065	357.932123	357.69503	357.67905	
5.720621	357.93065	357.932123	357.69503	357.67905	
5.730829	357.93065	357.932123	357.69503	357.67905	
5.741211	357.93065	357.932123	357.69503	357.67905	
5.751762	357.93065	357.932123	357.69503	357.67905	
5.761302	357.93065	357.932123	357.69503	357.67905	
5.771485	357.93065	357.932123	357.69503	357.67905	
5.781562	357.93065	357.932123	357.69503	357.67905	
5.791741	357.93065	357.932123	357.69503	357.67905	
5.801932	357.93065	357.932123	357.69503	357.67905	
5.812065	357.93065	357.932123	357.69503	357.67905	
5.822213	357.93065	357.932123	357.69503	357.67905	
5.832428	357.93065	357.932123	357.69503	357.67905	
5.842551	357.93065	357.932123	357.69503	357.67905	
5.852776	357.93065	357.932123	357.69503	357.67905	
5.862878	357.93065	357.932123	357.69503	357.67905	
5.873049	357.93065	357.932123	357.69503	357.67905	
5.883216	357.93065	357.932123	357.69503	357.67905	
5.893353	357.93065	357.932123	357.69503	357.67905	
5.903528	357.93065	357.932123	357.69503	357.67905	
5.913692	357.93065	357.932123	357.69503	357.67905	
5.923838	357.93065	357.932123	357.69503	357.67905	
5.934185	357.93065	357.932123	357.69503	357.67905	
5.944313	357.93065	357.932123	357.69503	357.67905	
5.954481	357.93065	357.932123	357.69503	357.67905	
5.964633	357.93065	357.932123	357.69503	357.67905	
5.974756	357.93065	357.932123	357.69503	357.67905	
5.984972	357.93065	357.932123	357.69503	357.67905	
5.99511	357.93065	357.932123	357.69503	357.67905	
6.005252	357.93065	357.932123	357.69503	357.67905	
6.015401	357.93065	357.932123	357.69503	357.67905	
6.025572	357.93065	357.932123	357.69503	357.67905	
6.035766	357.93065	357.932123	357.69503	357.67905	
6.04589	357.93065	357.932123	357.69503	357.67905	
6.056033	357.93065	357.932123	357.69503	357.67905	
6.066232	357.93065	357.932123	357.69503	357.67905	
6.07637	357.93065	357.932123	357.69503	357.67905	
6.086501	357.93065	357.932123	357.69503	357.67905	
6.09668	357.93065	357.932123	357.69503	357.67905	
6.106843	357.93065	357.932123	357.69503	357.67905	
6.117082	357.93065	357.932123	357.69503	357.67905	
6.127133	357.93065	357.932123	357.69503	357.67905	
6.137329	357.93065	357.932123	357.69503	357.67905	
6.14753	357.93065	357.932123	357.69503	357.67905	
6.15765	357.93065	357.932123	357.69503	357.67905	
6.182721	357.93065	357.932123	357.69503	357.67905	
6.193001	357.93065	357.932123	357.69503	357.67905	
