0.0449041	
0.05758956	
0.06215937	
0.0802076	
0.08458742	
0.09470899	
0.1048446	
0.1150411	
0.1251557	
0.1352933	
0.1454388	
0.1556984	
0.165791	
0.1759585	
0.1860941	
0.1962057	
0.2063183	
0.2164608	
0.2266444	
0.236803	
0.2469455	
0.2570941	
0.2672987	
0.2773852	
0.2875868	
0.2977174	
0.307892	
0.3179995	
0.3281881	
0.3383697	
0.3484912	
0.3586478	
0.3687484	
0.3789509	
0.3891315	
0.3992641	
0.4094226	
0.4196102	
0.4297248	
0.4398934	
0.4518369	
0.4618584	
0.471995	
0.4821886	
0.4923561	
0.5026287	
0.5126323	
0.5228268	
0.5329404	
0.5448979	
0.5549225	
0.565202	
0.5738687	
0.5840253	
0.6025035	
0.6068763	
0.6170379	
0.6271974	
0.637348	
0.6494005	
0.6576791	
0.6678777	
0.6779463	
0.6881508	
0.6982874	
0.708392	
0.7185345	
0.7287241	
0.7388467	
0.7490813	
0.7591968	
0.7693414	
0.779541	
0.7896535	
0.7997981	
0.8100277	
0.8201112	
0.8303818	
0.8404064	
0.850523	
0.8607005	
0.8708411	
0.8810167	
0.8911502	
0.9012948	
0.9114394	
0.9215729	
0.9417241	
0.9461499	
0.9562305	
0.966398	
0.9765456	
0.9867082	
0.9968668	
1.007038	
1.0172	
1.027351	
1.037507	
1.047619	
1.057814	
1.06793	
1.07811	
1.088252	
1.098438	
1.10856	
1.118759	
1.128923	
1.13905	
1.149205	
1.159309	
1.169498	
1.179688	
1.189822	
1.19994	
1.210098	
1.220234	
1.230396	
1.24054	
1.250688	
1.260879	
1.270997	
1.28109	
1.291284	
1.301416	
1.311597	
1.321749	
1.33194	
1.342038	
1.352194	
1.362352	
1.372475	
1.382616	
1.392814	
1.402929	
1.41313	
1.423227	
1.433509	
1.443632	
1.453693	
1.463817	
1.473959	
1.484184	
1.494301	
1.504583	
1.514539	
1.524954	
1.534852	
1.544999	
1.555134	
1.565274	
1.575427	
1.585615	
1.595812	
1.605858	
1.616013	
1.626216	
1.636411	
1.64649	
1.656597	
1.666805	
1.685722	
1.690156	
1.700223	
1.710348	
1.720491	
1.730688	
1.74092	
1.75099	
1.761143	
1.771287	
1.781398	
1.79158	
1.801725	
1.81188	
1.821996	
1.832276	
1.842319	
1.85247	
1.862651	
1.872767	
1.882891	
1.89308	
1.903155	
1.913293	
1.92349	
1.937592	
1.944048	
1.954373	
1.964393	
1.974522	
1.984637	
1.994993	
2.005171	
2.021537	421.953212	421.9508	423.314569	423.312157	
2.026253	421.953875	421.9508	423.315232	423.312157	
2.0363	421.956053	421.9508	423.31741	423.320883	
2.04643	421.958869	421.9508	423.320226	423.320883	
2.064698	421.966396	421.959527	423.327753	423.320883	
2.0693	421.968228	421.968253	423.329585	423.320883	
2.07951	421.973095	421.968253	423.334452	423.320883	
2.089648	421.978542	421.968253	423.339899	423.32961	
2.099844	421.984645	421.97698	423.346002	423.338337	
2.109992	421.991336	421.985707	423.352693	423.347063	
2.122915	422.000974	421.985707	423.362331	423.347063	
2.130602	422.006934	421.985707	423.36829	423.364517	
2.140505	422.015265	421.985707	423.376621	423.373243	
2.150604	422.024381	421.994433	423.385738	423.38197	
2.160822	422.034246	422.00316	423.395603	423.399423	
2.170962	422.044635	422.00316	423.405991	423.416877	
2.181183	422.055741	422.011886	423.417098	423.425603	
2.191325	422.067383	422.020613	423.42874	423.43433	
2.201433	422.079585	422.02934	423.440942	423.451783	
2.211729	422.092669	422.038066	423.454025	423.469236	
2.221734	422.105963	422.05552	423.46732	423.477963	
2.232037	422.120319	422.072973	423.481676	423.48669	
2.242161	422.135009	422.090426	423.496366	423.504143	
2.252242	422.150266	422.10788	423.511623	423.521596	
2.262443	422.166326	422.125333	423.527683	423.530323	
2.272586	422.182904	422.142786	423.544261	423.547776	
2.282688	422.200031	422.160239	423.561388	423.56523	
2.292871	422.217918	422.177693	423.579275	423.582683	
2.303008	422.23634	422.195146	423.597697	423.591409	
2.313198	422.25549	422.212599	423.616847	423.617589	
2.323315	422.275103	422.238779	423.63646	423.635043	
2.33353	422.295551	422.264959	423.656908	423.652496	
2.343673	422.316454	422.282413	423.677811	423.678676	
2.353812	422.337969	422.317319	423.699326	423.696129	
2.36398	422.36017	422.334772	423.721526	423.722309	
2.38244	422.40299	422.360952	423.764347	423.757216	
2.387008	422.413502	422.395859	423.774859	423.765942	
2.39724	422.437898	422.422039	423.799255	423.792122	
2.40735	422.462593	422.448219	423.82395	423.818302	
2.417481	422.487964	422.474399	423.849321	423.844482	
2.427728	422.514266	422.509305	423.875623	423.870662	
2.437966	422.541178	422.526759	423.902534	423.905569	
2.448003	422.568132	422.561665	423.929488	423.931749	
2.458189	422.596118	422.587845	423.957475	423.957929	
2.468297	422.624518	422.614025	423.985875	423.984109	
2.478501	422.653812	422.648932	424.015169	424.019015	
2.488654	422.683571	422.666385	424.044928	424.045195	
2.49881	422.713961	422.701292	424.075317	424.080102	
2.509019	422.745142	422.727471	424.106499	424.115008	
2.519067	422.776417	422.753651	424.137774	424.141188	
2.529231	422.808706	422.788558	424.170062	424.176095	
2.53945	422.841795	422.814738	424.203151	424.211001	
2.55986	422.910962	422.884551	424.272318	424.272088	
2.564437	422.926363	422.893278	424.287719	424.289541	
2.574544	422.96119	422.928184	424.322547	424.324448	
2.584998	422.998031	422.963091	424.359387	424.359354	
2.594891	423.033192	422.997998	424.394549	424.394261	
2.605108	423.070286	423.032904	424.431643	424.429167	
2.615178	423.107436	423.067811	424.468792	424.464074	
2.625289	423.145366	423.120171	424.506723	424.498981	
2.637407	423.191806	423.155077	424.553163	424.533887	
2.65384	423.256562	423.233617	424.617919	424.6037	
2.658447	423.27466	423.242344	424.636017	424.621154	
2.668587	423.31533	423.294703	424.676687	424.664787	
2.678676	423.35641	423.32961	424.717766	424.699694	
2.689814	423.402565	423.38197	424.763921	424.743327	
2.698988	423.440982	423.416877	424.802339	424.78696	
2.70918	423.484345	423.469236	424.845702	424.830593	
2.7193	423.52801	423.504143	424.889367	424.882953	
2.72943	423.572347	423.556503	424.933704	424.926586	
2.741696	423.627026	423.600136	424.988383	424.987673	
2.749809	423.663449	423.643769	425.024805	425.022579	
2.759947	423.709664	423.696129	425.071021	425.074939	
2.770087	423.756505	423.731036	425.117862	425.127299	
2.780233	423.804001	423.783396	425.165358	425.170932	
2.790458	423.852492	423.827029	425.213849	425.223292	
2.800592	423.90116	423.870662	425.262517	425.266926	
2.810765	423.950647	423.923022	425.312004	425.319285	
2.820928	424.000695	423.975382	425.362052	425.371645	
2.831158	424.051713	424.019015	425.41307	425.415279	
2.842901	424.111192	424.071375	425.472549	425.467638	
2.851387	424.154469	424.115008	425.515826	425.511272	
2.861552	424.20702	424.167368	425.568377	425.563632	
2.87171	424.260117	424.219728	425.621474	425.615991	
2.882016	424.31506	424.272088	425.676417	425.668351	
2.892166	424.368989	424.333174	425.730345	425.720711	
2.902266	424.423664	424.394261	425.785021	425.773071	
2.912411	424.47918	424.446621	425.840537	425.825431	
2.92259	424.535527	424.507707	425.896883	425.886517	
2.933179	424.599864	424.568794	425.961221	425.938877	
2.94547	424.664668	424.62988	426.026025	425.999964	
2.95312	424.70832	424.68224	426.069677	426.06105	
2.963124	424.766103	424.743327	426.12746	426.122137	
2.973322	424.825649	424.81314	426.187005	426.174497	
2.983472	424.885524	424.874226	426.246881	426.24431	
2.993624	424.946084	424.935313	426.307441	426.305396	
3.003838	425.007563	425.005126	426.36892	426.366483	
3.013945	425.069068	425.057486	426.430425	426.427569	
3.02411	425.131498	425.118573	426.492855	426.488656	
3.034266	425.194529	425.179659	426.555886	426.558469	
3.046684	425.272637	425.249472	426.633994	426.628282	
3.054597	425.322624	425.310559	426.683981	426.689369	
3.064644	425.386756	425.371645	426.748113	426.750455	
3.074924	425.453081	425.441458	426.814438	426.820269	
3.084945	425.518305	425.502545	426.879662	426.881355	
3.09514	425.58529	425.563632	426.946647	426.942442	
3.105298	425.652664	425.633445	427.01402	427.012255	
3.115453	425.720589	425.703258	427.081945	427.082068	
3.125629	425.78931	425.773071	427.150667	427.151881	
3.135728	425.858121	425.842884	427.219477	427.212968	
3.146244	425.930463	425.912697	427.29182	427.282781	
3.156364	426.000692	425.982511	427.362049	427.352594	
3.166527	426.071791	426.052324	427.433147	427.422407	
3.176656	426.143287	426.130864	427.504644	427.500947	
3.187483	426.220502	426.200677	427.581858	427.57076	
3.196962	426.28851	426.279217	427.649867	427.6493	
3.207093	426.361863	426.34903	427.72322	427.719113	
3.217268	426.436187	426.436296	427.797544	427.797653	
3.227902	426.514571	426.514836	427.875928	427.884919	
3.237529	426.585988	426.593376	427.947344	427.954733	
3.247736	426.662397	426.680642	428.023754	428.024546	
3.25796	426.739615	426.750455	428.100972	428.111812	
3.268122	426.816876	426.837722	428.178233	428.181625	
3.278211	426.894235	426.916262	428.255592	428.260165	
3.288341	426.972526	426.994802	428.333883	428.338705	
3.298558	427.052182	427.073341	428.413538	428.417245	
3.309009	427.134252	427.151881	428.495609	428.504511	
3.31886	427.212174	427.230421	428.573531	428.583051	
3.329007	427.293064	427.308961	428.654421	428.652864	
3.339132	427.374418	427.387501	428.735775	428.740131	
3.349353	427.457181	427.46604	428.818538	428.818671	
3.359531	427.540208	427.553307	428.901565	428.89721	
3.369716	427.623923	427.631847	428.98528	428.984477	
3.379896	427.708169	427.710386	429.069526	429.063017	
3.39001	427.792505	427.788926	429.153861	429.141556	
3.400176	427.877913	427.876193	429.23927	429.228823	
3.410391	427.96578	427.954733	429.327137	429.316089	
3.420508	428.050581	428.041999	429.411938	429.394629	
3.430655	428.137659	428.129266	429.499016	429.481896	
3.440811	428.225486	428.216532	429.586842	429.569162	
3.450935	428.313597	428.303798	429.674954	429.656429	
3.461402	428.405398	428.391065	429.766754	429.752422	
3.471565	428.495134	428.478331	429.856491	429.839688	
3.481728	428.585455	428.574324	429.946812	429.935681	
3.491905	428.676521	428.670318	430.037878	430.031674	
3.502138	428.768782	428.757584	430.130139	430.118941	
3.512194	428.860023	428.844851	430.221379	430.223661	
3.522415	428.953355	428.940844	430.314712	430.310927	
3.532465	429.045809	429.036837	430.407166	430.40692	
3.542618	429.139721	429.13283	430.501078	430.502913	
3.552947	429.23601	429.228823	430.597367	430.598906	
3.564046	429.340153	429.333543	430.70151	430.703626	
3.582073	429.511737	429.438262	430.873094	430.878159	
3.586679	429.555441	429.560436	430.916798	430.921792	
3.59677	429.652101	429.656429	431.013458	431.026512	
3.606951	429.750288	429.752422	431.111645	431.122505	
3.617149	429.849204	429.857141	431.210561	431.218498	
3.627317	429.948507	429.961861	431.309864	431.314491	
3.637452	430.048074	430.057854	431.409431	431.410485	
3.647566	430.148028	430.153847	431.509385	431.515204	
3.657763	430.249459	430.258567	431.610816	431.619924	
3.668012	430.352059	430.363287	431.713416	431.724644	
3.678135	430.453959	430.450553	431.815316	431.820637	
3.689093	430.565545	430.555273	431.926902	431.925357	
3.698434	430.660176	430.651266	432.021533	432.02135	
3.708529	430.763644	430.747259	432.125001	432.12607	
3.718683	430.868368	430.851979	432.229725	432.230789	
3.728901	430.974349	430.947972	432.335706	432.335509	
3.73905	431.080251	431.043965	432.441608	432.440229	
3.749289	431.187703	431.157412	432.54906	432.544949	
3.759323	431.29358	431.262132	432.654937	432.649668	
3.769582	431.402577	431.366851	432.763934	432.754388	
3.779758	431.511194	431.480298	432.87255	432.859108	
3.789887	431.619965	431.585017	432.981322	432.963828	
3.800029	431.729484	431.70719	433.09084	433.068547	
3.810178	431.839783	431.81191	433.20114	433.181994	
3.820393	431.951307	431.934083	433.312664	433.286713	
3.830637	432.061934	432.038803	433.423291	433.40016	
3.840678	432.169786	432.152249	433.531143	433.513606	
3.850827	432.278164	432.265696	433.639521	433.627053	
3.860966	432.385857	432.387869	433.747214	433.749226	
3.871925	432.501542	432.510042	433.862898	433.871399	
3.88209	432.608237	432.623488	433.969593	433.993572	
3.892223	432.713936	432.736935	434.075293	434.098292	
3.902358	432.81911	432.859108	434.180467	434.220465	
3.91247	432.923449	432.981281	434.284806	434.333911	
3.922675	433.028046	433.086001	434.389403	434.438631	
3.932889	433.132209	433.199447	434.493566	434.552077	
3.943043	433.235109	433.312893	434.596466	434.656797	
3.953116	433.33692	433.417613	434.698277	434.761517	
3.96352	433.440754	433.522333	434.802111	434.85751	
3.974705	433.551961	433.635779	434.913317	434.970956	
3.984847	433.652228	433.740499	435.013584	435.066949	
3.994981	433.751778	433.836492	435.113135	435.162942	
4.005141	433.851021	433.923759	435.212378	435.250209	
4.015306	433.9497	434.019752	435.311057	435.346202	
4.025391	434.046983	434.107018	435.40834	435.433468	
4.0357	434.145762	434.194285	435.507119	435.529462	
4.045811	434.242072	434.281551	435.603429	435.616728	
4.055924	434.337777	434.368818	435.699134	435.703994	
4.066204	434.43446	434.447357	435.795817	435.791261	
4.077563	434.540518	434.552077	435.901875	435.895981	
4.087737	434.634873	434.639344	435.99623	435.983247	
4.097867	434.728242	434.72661	436.089599	436.070514	
4.108075	434.821683	434.813877	436.18304	436.15778	
4.118143	434.913301	434.901143	436.274658	436.253773	
4.128355	435.00558	434.997136	436.366937	436.349766	
4.138534	435.096931	435.084403	436.458288	436.437033	
4.148714	435.187723	435.180396	436.549079	436.541753	
4.158836	435.277339	435.267662	436.638696	436.629019	
4.16895	435.366315	435.363655	436.727672	436.725012	
4.180203	435.464549	435.468375	436.825906	436.838458	
4.191164	435.559542	435.564368	436.920899	436.934452	
4.200413	435.639134	435.651635	437.000491	437.021718	
4.210573	435.726004	435.738901	437.08736	437.117711	
4.220679	435.811809	435.843621	437.173166	437.204978	
4.230882	435.897811	435.930887	437.259168	437.300971	
4.240987	435.982403	436.018154	437.34376	437.388237	
4.25121	436.067361	436.10542	437.428718	437.475504	
4.26141	436.151505	436.192687	437.512862	437.554043	
4.271481	436.233958	436.279953	437.595315	437.64131	
4.282849	436.326307	436.36722	437.687663	437.728576	
4.292956	436.407794	436.445759	437.769151	437.807116	
4.303027	436.488386	436.524299	437.849743	437.885656	
4.313258	436.569667	436.602839	437.931024	437.964196	
4.323542	436.650758	436.681379	438.012114	438.034009	
4.333541	436.72895	436.751192	438.090307	438.112549	
4.343681	436.807642	436.821005	438.168999	438.182362	
4.353843	436.885971	436.890818	438.247328	438.252175	
4.363987	436.963479	436.960632	438.324836	438.321988	
4.383854	437.112502	437.030445	438.473859	438.461615	
4.388508	437.147455	437.135164	438.508812	438.496521	
4.398598	437.222477	437.204978	438.583833	438.566334	
4.408755	437.29743	437.283517	438.658787	438.644874	
4.418889	437.371602	437.362057	438.732958	438.723414	
4.429092	437.445698	437.440597	438.807055	438.793227	
4.439244	437.518775	437.519137	438.880132	438.871767	
4.449405	437.591343	437.58895	438.9527	438.950307	
4.459585	437.6634	437.66749	439.024757	439.02012	
4.469691	437.734327	437.74603	439.095683	439.089933	
4.479859	437.805112	437.815843	439.166469	439.168473	
4.490259	437.876874	437.894383	439.238231	439.247013	
4.500402	437.946238	437.972922	439.307595	439.316826	
4.510573	438.015196	438.042736	439.376553	439.395366	
4.520699	438.083213	438.112549	439.44457	439.465179	
4.530825	438.15066	438.182362	439.512017	439.534992	
4.540988	438.217738	438.243449	439.579095	439.604805	
4.559957	438.340351	438.365622	439.701708	439.726978	
4.564597	438.370374	438.391802	439.731731	439.753158	
4.574648	438.434718	438.461615	439.796075	439.822972	
4.586655	438.510743	438.522701	439.8721	439.875331	
4.595359	438.565424	438.583788	439.926781	439.945145	
4.605195	438.6266	438.644874	439.987957	439.997504	
4.615311	438.688946	438.705961	440.050303	440.058591	
4.625412	438.750587	438.775774	440.111944	440.119677	
4.643977	438.861445	438.880494	440.222802	440.224397	
4.648546	438.888762	438.906674	440.250119	440.250577	
4.65875	438.949037	438.96776	440.310394	440.311664	
4.668883	439.008315	439.02012	440.369672	440.364024	
4.67902	439.066984	439.081207	440.428341	440.416383	
4.70051	439.188002	439.142293	440.549359	440.538556	
4.705062	439.213686	439.22956	440.575043	440.564736	
4.715203	439.270254	439.281919	440.63161	440.625823	
4.725433	439.326696	439.343006	440.688052	440.678183	
4.735961	439.384112	439.404092	440.745469	440.730543	
4.745765	439.437021	439.456452	440.798378	440.791629	
4.755941	439.491332	439.517539	440.852689	440.843989	
4.766068	439.544798	439.578625	440.906154	440.905076	
4.776205	439.597699	439.630985	440.959055	440.957436	
4.786404	439.650318	439.683345	441.011674	441.009795	
4.796847	439.70356	439.735705	441.064917	441.070882	
4.807008	439.754754	439.788065	441.116111	441.123242	
4.817139	439.805183	439.831698	441.16654	441.175602	
4.827296	439.855167	439.884058	441.216524	441.219235	
4.837465	439.904601	439.927691	441.265957	441.280321	
4.847622	439.953359	439.980051	441.314716	441.323955	
4.857763	440.001454	440.023684	441.362811	441.376315	
4.868005	440.049395	440.067318	441.410751	441.428674	
4.878112	440.096138	440.110951	441.457495	441.463581	
4.888217	440.142267	440.154584	441.503624	441.515941	
4.899467	440.19286	440.206944	441.554216	441.568301	
4.909606	440.237851	440.241851	441.599208	441.603207	
4.919734	440.28221	440.29421	441.643567	441.646841	
4.929901	440.326153	440.329117	441.68751	441.690474	
4.942144	440.378137	440.37275	441.739494	441.742834	
4.950176	440.411926	440.416383	441.773283	441.77774	
4.960305	440.453897	440.460017	441.815253	441.821373	
4.970513	440.495594	440.50365	441.856951	441.865007	
4.980647	440.536402	440.538556	441.897759	441.899913	
4.990754	440.576492	440.58219	441.937849	441.943547	
5.002108	440.620775	440.625823	441.982131	441.98718	
5.012288	440.659864	440.669456	442.021221	442.030813	
5.022423	440.698216	440.713089	442.059573	442.074446	
5.032501	440.735754	440.747996	442.09711	442.109353	
5.042665	440.773021	440.791629	442.134378	442.152986	
5.053151	440.810814	440.835262	442.172171	442.187893	
5.063032	440.845872	440.870169	442.207229	442.231526	
5.073129	440.881103	440.905076	442.24246	442.266432	
5.083407	440.91636	440.939982	442.277716	442.301339	
5.093526	440.950483	440.974889	442.31184	442.336246	
5.104721	440.987468	441.018522	442.348825	442.379879	
5.114838	441.02032	441.053429	442.381677	442.423512	
5.124996	441.052721	441.088335	442.414078	442.458419	
5.135089	441.084323	441.114515	442.44568	442.493325	
5.145597	441.116609	441.149422	442.477966	442.519505	
5.155434	441.146246	441.184328	442.507603	442.545685	
5.16565	441.176447	441.210508	442.537803	442.563138	
5.175767	441.205746	441.236688	442.567103	442.580592	
5.185893	441.234502	441.271595	442.595859	442.598045	
5.19631	441.263452	441.289048	442.624809	442.615498	
5.207578	441.294011	441.323955	442.655368	442.632952	
5.217719	441.320947	441.350135	442.682304	442.650405	
5.227955	441.347539	441.376315	442.708895	442.676585	
5.238036	441.373146	441.393768	442.734503	442.694038	
5.248142	441.398235	441.411221	442.759592	442.720218	
5.258352	441.423001	441.437401	442.784358	442.755125	
5.268504	441.447018	441.454854	442.808374	442.781305	
5.278603	441.470337	441.481034	442.831693	442.807485	
5.288792	441.493271	441.489761	442.854628	442.842391	
5.298953	441.515563	441.507214	442.87692	442.868571	
5.310502	441.54011	441.533394	442.901467	442.903478	
5.320611	441.561032	441.542121	442.922389	442.929658	
5.330808	441.581558	441.568301	442.942914	442.964564	
5.34092	441.601336	441.585754	442.962692	442.990744	
5.351041	441.620556	441.603207	442.981913	443.016924	
5.361235	441.639331	441.620661	443.000688	443.034377	
5.371391	441.657465	441.638114	443.018821	443.051831	
5.38156	441.67503	441.655567	443.036387	443.060557	
5.391726	441.69202	441.681747	443.053377	443.069284	
5.40202	441.708753	441.6992	443.07011	443.069284	
5.413098	441.7258	441.72538	443.087157	443.069284	
5.423221	441.74094	441.742834	443.102296	443.069284	
5.433568	441.75582	441.760287	443.117177	443.078011	
5.443518	441.769601	441.77774	443.130958	443.086737	
5.455355	441.785165	441.795194	443.146521	443.095464	
5.463795	441.795941	441.812647	443.157298	443.10419	
5.473906	441.808252	441.821373	443.169609	443.121644	
5.484223	441.820234	441.8301	443.181591	443.139097	
5.494254	441.831347	441.847553	443.192703	443.15655	
5.504746	441.842365	441.847553	443.203722	443.174004	
5.523954	441.860115	441.865007	443.221472	443.217637	
5.528508	441.864391	441.873733	443.225748	443.226364	
5.538712	441.873279	441.88246	443.234635	443.252543	
5.548826	441.881564	441.88246	443.24292	443.278723	
5.559012	441.889374	441.899913	443.250731	443.296177	
5.569172	441.896635	441.899913	443.257992	443.31363	
5.579338	441.903381	441.90864	443.264738	443.322357	
5.589562	441.909644	441.917367	443.271001	443.331083	
5.599684	441.915343	441.917367	443.2767	443.331083	
5.60988	441.92058	441.926093	443.281937	443.322357	
5.620116	441.925337	441.93482	443.286694	443.31363	
5.630253	441.929571	441.943547	443.290928	443.304903	
5.640383	441.933337	441.952273	443.294694	443.28745	
5.650595	441.936673	441.952273	443.29803	443.278723	
5.66068	441.939538	441.952273	443.300895	443.26127	
5.670883	441.94201	441.952273	443.303367	443.243817	
5.681032	441.944074	441.952273	443.305431	443.243817	
5.692156	441.945871	441.943547	443.307228	443.243817	
5.709156	441.9508	441.93482	443.312157	443.243817	
5.713727	441.9508	441.93482	443.312157	443.243817	
5.724004	441.9508	441.926093	443.312157	443.252543	
5.734148	441.9508	441.926093	443.312157	443.26127	
5.744272	441.9508	441.926093	443.312157	443.278723	
5.754354	441.9508	441.93482	443.312157	443.28745	
5.764771	441.9508	441.93482	443.312157	443.304903	
5.774637	441.9508	441.943547	443.312157	443.322357	
5.784814	441.9508	441.952273	443.312157	443.33981	
5.79497	441.9508	441.952273	443.312157	443.357263	
5.805072	441.9508	441.952273	443.312157	443.36599	
5.823368	441.9508	441.952273	443.312157	443.36599	
5.828217	441.9508	441.952273	443.312157	443.36599	
5.838123	441.9508	441.952273	443.312157	443.357263	
5.848273	441.9508	441.952273	443.312157	443.348537	
5.858382	441.9508	441.952273	443.312157	443.33981	
5.868611	441.9508	441.952273	443.312157	443.322357	
5.878722	441.9508	441.952273	443.312157	443.304903	
5.888891	441.9508	441.952273	443.312157	443.296177	
5.899065	441.9508	441.952273	443.312157	443.278723	
5.909185	441.9508	441.952273	443.312157	443.26127	
5.919386	441.9508	441.952273	443.312157	443.252543	
5.929533	441.9508	441.952273	443.312157	443.243817	
5.940244	441.9508	441.952273	443.312157	443.252543	
5.949849	441.9508	441.952273	443.312157	443.26127	
5.959974	441.9508	441.952273	443.312157	443.269997	
5.970102	441.9508	441.952273	443.312157	443.278723	
5.980339	441.9508	441.952273	443.312157	443.296177	
5.990446	441.9508	441.952273	443.312157	443.31363	
6.000604	441.9508	441.952273	443.312157	443.331083	
6.010805	441.9508	441.952273	443.312157	443.348537	
6.020897	441.9508	441.952273	443.312157	443.357263	
6.031052	441.9508	441.952273	443.312157	443.374717	
6.041235	441.9508	441.952273	443.312157	443.383443	
6.05139	441.9508	441.952273	443.312157	443.383443	
6.061592	441.9508	441.952273	443.312157	443.383443	
6.071704	441.9508	441.952273	443.312157	443.374717	
6.08185	441.9508	441.952273	443.312157	443.357263	
6.092092	441.9508	441.952273	443.312157	443.348537	
6.102152	441.9508	441.952273	443.312157	443.331083	
6.112299	441.9508	441.952273	443.312157	443.31363	
6.122429	441.9508	441.952273	443.312157	443.28745	
6.132684	441.9508	441.952273	443.312157	443.269997	
6.142826	441.9508	441.952273	443.312157	443.26127	
6.152917	441.9508	441.952273	443.312157	443.243817	
6.163067	441.9508	441.952273	443.312157	443.243817	
6.173493	441.9508	441.952273	443.312157	443.243817	
6.183333	441.9508	441.952273	443.312157	443.252543	
6.194134	441.9508	441.952273	443.312157	443.26127	
6.204351	441.9508	441.952273	443.312157	443.278723	
6.214362	441.9508	441.952273	443.312157	443.296177	
6.224863	441.9508	441.952273	443.312157	443.31363	
6.234887	441.9508	441.952273	443.312157	443.331083	
6.244965	441.9508	441.952273	443.312157	443.348537	
6.255118	441.9508	441.952273	443.312157	443.374717	
6.265262	441.9508	441.952273	443.312157	443.383443	
6.275384	441.9508	441.952273	443.312157	443.39217	
6.287444	441.9508	441.952273	443.312157	443.383443	
6.295764	441.9508	441.952273	443.312157	443.383443	
6.306163	441.9508	441.952273	443.312157	443.374717	
6.316153	441.9508	441.952273	443.312157	443.36599	
6.326262	441.9508	441.952273	443.312157	443.348537	
6.356324	441.9508	441.952273	443.312157	443.28745	
6.364399	441.9508	441.952273	443.312157	443.269997	
