0.03726842	
0.04196422	
0.05203279	
0.06240835	
0.07243592	
0.0825065	
0.09265307	
0.1027696	
0.1129742	
0.1231188	
0.1332593	
0.1450948	
0.1535415	
0.1636431	
0.1738276	
0.1839622	
0.1941608	
0.2042803	
0.2144559	
0.2246565	
0.234712	
0.2448676	
0.2550592	
0.2651747	
0.2753753	
0.2854979	
0.2956504	
0.3137457	
0.3181625	
0.3283791	
0.3384556	
0.3486152	
0.3587488	
0.3695993	
0.3790979	
0.3891985	
0.399358	
0.4095226	
0.4196322	
0.4298407	
0.4399983	
0.4501359	
0.4602765	
0.470393	
0.4806856	
0.4907432	
0.5008597	
0.5110443	
0.5211679	
0.5313044	
0.541477	
0.5516416	
0.5618471	
0.5718887	
0.5820823	
0.5923148	
0.6024134	
0.612546	
0.6226616	
0.6328621	
0.6429557	
0.6531433	
0.6633388	
0.6736274	
0.683592	
0.6937355	
0.7039131	
0.7156956	
0.7242692	
0.7344368	
0.7445534	
0.7549119	
0.7648135	
0.7749901	
0.7850977	
0.7952502	
0.8053908	
0.8155434	
0.8257269	
0.8358615	
0.8459861	
0.8561256	
0.8662322	
0.8764188	
0.8865414	
0.8986958	
0.9069135	
0.9170271	
0.9272206	
0.9451289	
0.9495097	
0.9596762	
0.9698938	
0.9799634	
0.990088	
1.000337	
1.010464	
1.020588	
1.030749	
1.040878	
1.051063	
1.061199	
1.071378	
1.081494	
1.091605	
1.101789	
1.111942	
1.122128	
1.132271	
1.142372	
1.152597	
1.162685	
1.172831	
1.183016	
1.199454	319.746755	319.744319	319.711849	319.709412	
1.204119	319.747409	319.744319	319.712503	319.709412	
1.214258	319.749619	319.753046	319.714712	319.718139	
1.224483	319.752477	319.761772	319.71757	319.726866	
1.234895	319.756042	319.761772	319.721136	319.735592	
1.244707	319.759963	319.770499	319.725057	319.744319	
1.254837	319.764636	319.770499	319.729729	319.744319	
1.264993	319.769942	319.770499	319.735035	319.753046	
1.27513	319.775852	319.761772	319.740945	319.744319	
1.285285	319.782395	319.770499	319.747488	319.744319	
1.295447	319.789559	319.770499	319.754652	319.744319	
1.305671	319.797404	319.779226	319.762497	319.744319	
1.323798	319.813701	319.779226	319.778795	319.753046	
1.328453	319.81782	319.787952	319.782914	319.753046	
1.338497	319.827493	319.796679	319.792586	319.770499	
1.348696	319.837948	319.796679	319.803042	319.779226	
1.358846	319.848964	319.814132	319.814058	319.796679	
1.369029	319.860641	319.822859	319.825734	319.814132	
1.379174	319.872895	319.831585	319.837989	319.831585	
1.389292	319.885717	319.849039	319.850811	319.849039	
1.401631	319.902377	319.857765	319.86747	319.866492	
1.409694	319.913531	319.875219	319.878625	319.883945	
1.420073	319.928619	319.892672	319.893712	319.901399	
1.429949	319.943588	319.910125	319.908681	319.927579	
1.440073	319.959459	319.936305	319.924552	319.945032	
1.450255	319.976093	319.953758	319.941186	319.971212	
1.460396	319.993275	319.971212	319.958369	319.988665	
1.470567	320.011141	319.997392	319.976235	320.023572	
1.480996	320.030116	320.023572	319.995209	320.041025	
1.491127	320.049143	320.049752	320.014236	320.067205	
1.501265	320.068812	320.075932	320.033905	320.084658	
1.511694	320.089724	320.102111	320.054817	320.093385	
1.521604	320.110136	320.128291	320.07523	320.102111	
1.531773	320.131724	320.145745	320.096817	320.102111	
1.541948	320.154025	320.171925	320.119118	320.110838	
1.552049	320.176619	320.198105	320.141713	320.110838	
1.562241	320.200121	320.215558	320.165215	320.128291	
1.572341	320.224023	320.241738	320.189117	320.137018	
1.582543	320.248789	320.267918	320.213882	320.154471	
1.592738	320.274161	320.285371	320.239255	320.171925	
1.602811	320.299832	320.311551	320.264925	320.198105	
1.613084	320.326679	320.337731	320.291772	320.224285	
1.623283	320.353919	320.355184	320.319013	320.259191	
1.633369	320.381475	320.372637	320.346569	320.294098	
1.643455	320.409656	320.390091	320.374749	320.329004	
1.653764	320.439096	320.416271	320.404189	320.372637	
1.663848	320.468488	320.442451	320.433581	320.407544	
1.674066	320.498897	320.459904	320.463991	320.451177	
1.684175	320.529604	320.477357	320.494698	320.486084	
1.694377	320.561221	320.503537	320.526315	320.529717	
1.704897	320.594501	320.529717	320.559595	320.564624	
1.714692	320.626036	320.564624	320.591129	320.608257	
1.725423	320.661319	320.590804	320.626412	320.65189	
1.735257	320.694194	320.634437	320.659287	320.686797	
1.75318	320.757193	320.669343	320.722287	320.75661	
1.758288	320.774203	320.721703	320.739296	320.78279	
1.768497	320.810361	320.774063	320.775454	320.826423	
1.778628	320.846881	320.817696	320.811975	320.86133	
1.788735	320.88392	320.86133	320.849013	320.904963	
1.808998	320.96127	320.966049	320.926363	320.983503	
1.815238	320.985084	320.983503	320.950178	321.000956	
1.823785	321.018125	321.027136	320.983218	321.035863	
1.833973	321.058232	321.070769	321.023325	321.079496	
1.844078	321.098607	321.123129	321.0637	321.114402	
1.854173	321.139585	321.158036	321.104679	321.158036	
1.864447	321.181892	321.201669	321.146985	321.192942	
1.875147	321.2267	321.245302	321.191793	321.236575	
1.884685	321.267098	321.280209	321.232192	321.271482	
1.894775	321.310498	321.323842	321.275592	321.315115	
1.905126	321.35569	321.358749	321.320783	321.350022	
1.917661	321.411419	321.393655	321.376512	321.402382	
1.925279	321.445498	321.437288	321.410591	321.428562	
1.935434	321.491634	321.472195	321.456727	321.472195	
1.94558	321.538383	321.507102	321.503477	321.507102	
1.955772	321.585937	321.542008	321.55103	321.550735	
1.966331	321.635907	321.585641	321.601001	321.594368	
1.976121	321.682792	321.629275	321.647885	321.629275	
1.986152	321.731412	321.681634	321.696505	321.664181	
1.996334	321.781415	321.725268	321.746508	321.716541	
2.006455	321.831722	321.777628	321.796815	321.760174	
2.019035	321.895346	321.821261	321.860439	321.803807	
2.02683	321.934963	321.882347	321.900056	321.856167	
2.037101	321.987913	321.943434	321.953007	321.908527	
2.047133	322.040234	321.995794	322.005327	321.960887	
2.057269	322.09369	322.065607	322.058783	322.021974	
2.067832	322.150102	322.126693	322.115196	322.08306	
2.077937	322.204668	322.18778	322.169761	322.152873	
2.088065	322.259963	322.248866	322.225056	322.21396	
2.098248	322.316209	322.309953	322.281303	322.283773	
2.108368	322.372693	322.371039	322.337786	322.34486	
2.120304	322.440303	322.432126	322.405396	322.405946	
2.129071	322.490269	322.493213	322.455363	322.475759	
2.138871	322.54675	322.554299	322.511844	322.536846	
2.149059	322.606091	322.615386	322.571184	322.597932	
2.15924	322.666053	322.676472	322.631147	322.659019	
2.169404	322.726511	322.728832	322.691605	322.720105	
2.179535	322.787381	322.781192	322.752475	322.781192	
2.189713	322.849175	322.851005	322.814269	322.842278	
2.199877	322.911522	322.903365	322.876616	322.894638	
2.210065	322.97459	322.964451	322.939684	322.955725	
2.220184	323.037868	323.025538	323.002962	323.016811	
2.230511	323.103164	323.077898	323.068257	323.069171	
2.240681	323.167949	323.138984	323.133042	323.130258	
2.250756	323.232818	323.200071	323.197911	323.191344	
2.260901	323.298738	323.261157	323.263831	323.252431	
2.271115	323.365714	323.330971	323.330808	323.304791	
2.281241	323.432752	323.392057	323.397846	323.374604	
2.291411	323.500738	323.46187	323.465831	323.444417	
2.301572	323.569208	323.531683	323.534301	323.505504	
2.3117	323.638097	323.601497	323.60319	323.575317	
2.321937	323.708373	323.67131	323.673466	323.64513	
2.332093	323.778745	323.741123	323.743838	323.714943	
2.34222	323.849439	323.810936	323.814533	323.793483	
2.352368	323.920941	323.889476	323.886034	323.863296	
2.362582	323.993578	323.968016	323.958672	323.950562	
2.373436	324.073378	324.037829	324.038471	324.020376	
2.382811	324.139186	324.116369	324.104279	324.098915	
2.392947	324.21307	324.194909	324.178164	324.177455	
2.403077	324.287526	324.264722	324.252619	324.255995	
2.413288	324.363235	324.343262	324.328329	324.334535	
2.423629	324.441106	324.421801	324.4062	324.413075	
2.433655	324.516097	324.491615	324.481191	324.491615	
2.443793	324.593081	324.578881	324.558175	324.561428	
2.454002	324.671224	324.648694	324.636318	324.631241	
2.464127	324.749398	324.727234	324.714492	324.709781	
2.474228	324.827944	324.805774	324.793038	324.788321	
2.484492	324.908403	324.875587	324.873496	324.86686	
2.49468	324.98891	324.962853	324.954004	324.936673	
2.504741	325.068961	325.032667	325.034055	325.015213	
2.514859	325.15013	325.111206	325.115223	325.093753	
2.525149	325.233336	325.189746	325.198429	325.172293	
2.535287	325.315942	325.277013	325.281035	325.259559	
2.545435	325.39919	325.355553	325.364283	325.338099	
2.555561	325.482846	325.434092	325.44794	325.416639	
2.565733	325.567538	325.521359	325.532632	325.503905	
2.57638	325.656924	325.608625	325.622017	325.591172	
2.593997	325.806947	325.756978	325.77204	325.748252	
2.598554	325.845738	325.800611	325.810832	325.783158	
2.608748	325.933237	325.887878	325.89833	325.879151	
2.618828	326.020353	325.983871	325.985447	325.966418	
2.629009	326.109029	326.079864	326.074123	326.062411	
2.63927	326.199072	326.175857	326.164165	326.149677	
2.649367	326.288133	326.27185	326.253226	326.24567	
2.659497	326.37819	326.359117	326.343283	326.341664	
2.669625	326.468818	326.463837	326.433912	326.437657	
2.679878	326.561245	326.551103	326.526338	326.53365	
2.697948	326.726483	326.725636	326.691577	326.699456	
2.702496	326.768	326.769269	326.733093	326.743089	
2.712745	326.862356	326.865262	326.82745	326.839082	
2.722775	326.955349	326.952529	326.920442	326.935075	
2.732966	327.050415	327.048522	327.015509	327.022342	
2.743341	327.147925	327.144515	327.113019	327.118335	
2.753335	327.24234	327.231781	327.207434	327.214328	
2.763453	327.338593	327.319048	327.303686	327.310321	
2.773599	327.435721	327.406314	327.400814	327.397588	
2.783756	327.533631	327.511034	327.498724	327.493581	
2.793977	327.63269	327.598301	327.597783	327.589574	
2.804067	327.731144	327.694294	327.696237	327.685567	
2.81423	327.830932	327.790287	327.796025	327.772834	
2.824437	327.931798	327.895007	327.896892	327.877553	
2.834882	328.035618	327.991	328.000712	327.973546	
2.84476	328.13447	328.086993	328.099564	328.069539	
2.854869	328.236121	328.191713	328.201215	328.174259	
2.865038	328.339038	328.296432	328.304132	328.270252	
2.875545	328.446121	328.401152	328.411215	328.374972	
2.885572	328.548873	328.514598	328.513967	328.488419	
2.895482	328.650929	328.619318	328.616023	328.593138	
2.905619	328.75601	328.732765	328.721103	328.697858	
2.915822	328.862423	328.846211	328.827516	328.802578	
2.925906	328.968137	328.959657	328.933231	328.916024	
2.936393	329.078825	329.064377	329.043919	329.029471	
2.946303	329.183976	329.177824	329.149069	329.13419	
2.956636	329.294311	329.29127	329.259405	329.23891	
2.966603	329.401196	329.39599	329.36629	329.352356	
2.976745	329.510636	329.509436	329.475729	329.465803	
2.987006	329.622082	329.614156	329.587175	329.579249	
2.997032	329.731431	329.727602	329.696524	329.692696	
3.007288	329.842135	329.832322	329.807229	329.806142	
3.017383	329.950483	329.937042	329.915576	329.919589	
3.027457	330.058037	330.041762	330.023131	330.041762	
3.038093	330.171261	330.146481	330.136355	330.155208	
3.048096	330.276481	330.251201	330.241574	330.268654	
3.058298	330.383484	330.373374	330.348578	330.373374	
3.068444	330.489273	330.478094	330.454366	330.486821	
3.07856	330.594217	330.582814	330.55931	330.59154	
3.088821	330.700027	330.704987	330.665121	330.69626	
3.098935	330.803722	330.809706	330.768815	330.80098	
3.109087	330.907175	330.923153	330.872269	330.896973	
3.119301	331.010642	331.027873	330.975735	331.001693	
3.129383	331.112185	331.132592	331.077278	331.106412	
3.139544	331.2139	331.237312	331.178994	331.202406	
3.150429	331.32222	331.350758	331.287313	331.307125	
3.160703	331.423739	331.438025	331.388833	331.403118	
3.170741	331.522406	331.542745	331.4875	331.499111	
3.180889	331.621494	331.630011	331.586587	331.595105	
3.191006	331.719685	331.726004	331.684778	331.691098	
3.201259	331.818619	331.821997	331.783712	331.787091	
3.211361	331.915478	331.909264	331.880572	331.883084	
3.221513	332.012188	331.99653	331.977282	331.979077	
3.231679	332.108411	332.083797	332.073505	332.066343	
3.241802	332.203652	332.17979	332.168745	332.171063	
3.253038	332.308598	332.28451	332.273692	332.275783	
3.263269	332.403554	332.380503	332.368648	332.363049	
3.273339	332.496394	332.467769	332.461488	332.459043	
3.283499	332.589507	332.572489	332.554601	332.555036	
3.293787	332.683136	332.668482	332.64823	332.651029	
3.303926	332.774789	332.764475	332.739883	332.747022	
3.314069	332.865827	332.860468	332.83092	332.843015	
3.324175	332.955993	332.956461	332.921086	332.939008	
3.334299	333.045731	333.061181	333.010825	333.035001	
3.344889	333.138897	333.148448	333.10399	333.122268	
3.363753	333.30236	333.253167	333.267453	333.296801	
3.368356	333.342195	333.37534	333.307288	333.340434	
3.378529	333.429711	333.462607	333.394805	333.4277	
3.38863	333.515992	333.549873	333.481085	333.514967	
3.398779	333.602056	333.63714	333.567149	333.602233	
3.408979	333.687955	333.724406	333.653048	333.6895	
3.419107	333.77262	333.811673	333.737713	333.776766	
3.42941	333.85815	333.898939	333.823244	333.855306	
3.439449	333.940846	333.968752	333.905939	333.942572	
3.449612	334.024008	334.056019	333.989101	334.021112	
3.459799	334.106762	334.125832	334.071856	334.099652	
3.469954	334.18861	334.204372	334.153703	334.178192	
3.48218	334.286268	334.282912	334.251361	334.265458	
3.490295	334.350723	334.352725	334.315816	334.335272	
3.500375	334.430177	334.422538	334.395271	334.413811	
3.510839	334.512025	334.501078	334.477118	334.492351	
3.520801	334.589316	334.579618	334.554409	334.570891	
3.530874	334.666929	334.658157	334.632023	334.649431	
3.541204	334.74584	334.736697	334.710934	334.719244	
3.551365	334.82288	334.80651	334.787974	334.797784	
3.561581	334.899751	334.893777	334.864844	334.876324	
3.5717	334.975225	334.96359	334.940319	334.946137	
3.581834	335.050229	335.050857	335.015323	335.024677	
3.592016	335.125029	335.12067	335.090122	335.103216	
3.60221	335.199253	335.207936	335.164346	335.17303	
3.612368	335.27261	335.277749	335.237703	335.251569	
3.62253	335.34548	335.347562	335.310573	335.330109	
3.632771	335.418163	335.434829	335.383256	335.408649	
3.642811	335.488873	335.504642	335.453967	335.478462	
3.652929	335.559536	335.574455	335.52463	335.557002	
3.66366	335.633847	335.644268	335.59894	335.626815	
3.673805	335.703432	335.714082	335.668525	335.705355	
3.683915	335.772185	335.783895	335.737278	335.775168	
3.694109	335.840923	335.853708	335.806017	335.844981	
3.704182	335.908273	335.923521	335.873366	335.914794	
3.714493	335.976568	335.993334	335.941661	335.975881	
3.724572	336.042685	336.063147	336.007778	336.045694	
3.734707	336.10861	336.115507	336.073704	336.115507	
3.74486	336.174022	336.185321	336.139115	336.176594	
3.755128	336.23959	336.246407	336.204683	336.23768	
3.76625	336.309856	336.31622	336.274949	336.298767	
3.776402	336.373413	336.377307	336.338506	336.359853	
3.786475	336.435827	336.438393	336.40092	336.42094	
3.807879	336.565179	336.490753	336.530272	336.543113	
3.812464	336.592941	336.586746	336.558034	336.569293	
3.822709	336.654313	336.639106	336.619406	336.621653	
3.832972	336.715145	336.708919	336.680238	336.682739	
3.842951	336.77369	336.761279	336.738783	336.743826	
3.853049	336.832385	336.831092	336.797478	336.796186	
3.865939	336.906229	336.883452	336.871322	336.857272	
3.873719	336.950549	336.953265	336.915643	336.918359	
3.88351	337.005661	337.005625	336.970755	336.970719	
3.893637	337.062084	337.066712	337.027177	337.031805	
3.903786	337.118048	337.127798	337.083141	337.092892	
3.913969	337.173603	337.180158	337.138696	337.145252	
3.924135	337.228407	337.241245	337.1935	337.206338	
3.93427	337.282482	337.293605	337.247576	337.267425	
3.944507	337.336486	337.345964	337.301579	337.319785	
3.954562	337.388949	337.398324	337.354043	337.372144	
3.96741	337.454958	337.450684	337.420052	337.424504	
3.974921	337.493277	337.503044	337.458371	337.476864	
3.985065	337.544345	337.555404	337.509439	337.529224	
3.99515	337.594559	337.599037	337.559652	337.581584	
4.005302	337.644508	337.651397	337.609601	337.633944	
4.015486	337.694013	337.703757	337.659107	337.686304	
4.025619	337.742659	337.74739	337.707753	337.738664	
4.043704	337.82719	337.791023	337.792283	337.817203	
4.048284	337.848632	337.85211	337.813726	337.843383	
4.058397	337.895252	337.895743	337.860345	337.887017	
4.071087	337.952779	337.948103	337.917872	337.93065	
4.078795	337.987444	338.000463	337.952537	337.974283	
4.088981	338.032568	338.044096	337.997661	338.017916	
4.099075	338.07672	338.087729	338.041814	338.061549	
4.109226	338.120517	338.131363	338.085611	338.105183	
4.119454	338.164062	338.174996	338.129155	338.148816	
4.12958	338.206538	338.218629	338.171631	338.192449	
4.139714	338.24848	338.262262	338.213573	338.236082	
4.149892	338.289977	338.297169	338.255071	338.279716	
4.16002	338.330705	338.340802	338.295799	338.314622	
4.172458	338.379777	338.384435	338.34487	338.358255	
4.180415	338.410847	338.428069	338.37594	338.401889	
4.19054	338.449741	338.462975	338.414834	338.445522	
4.200786	338.488499	338.506608	338.453593	338.480428	
4.210832	338.525938	338.541515	338.491031	338.524062	
4.221406	338.564681	338.576422	338.529774	338.558968	
4.231178	338.599945	338.611328	338.565039	338.593875	
4.241548	338.636732	338.646235	338.601826	338.637508	
4.251508	338.671493	338.689868	338.636587	338.672415	
4.26161	338.706167	338.724775	338.671261	338.707321	
4.271794	338.740529	338.759681	338.705622	338.742228	
4.282334	338.775462	338.803314	338.740555	338.777134	
4.292143	338.807373	338.838221	338.772466	338.812041	
4.302307	338.839886	338.873128	338.804979	338.846948	
4.312459	338.871752	338.899308	338.836846	338.881854	
4.322582	338.902945	338.925487	338.868039	338.908034	
4.332766	338.933722	338.960394	338.898816	338.942941	
4.342963	338.963962	338.995301	338.929055	338.977847	
4.35314	338.993516	339.021481	338.95861	339.012754	
4.363302	339.022453	339.04766	338.987546	339.04766	
4.374432	339.053421	339.082567	339.018515	339.07384	
4.383618	339.078533	339.108747	339.043626	339.091294	
4.393694	339.105456	339.134927	339.070549	339.10002	
4.403814	339.131918	339.169834	339.097011	339.117474	
4.413959	339.15787	339.196013	339.122964	339.134927	
4.424139	339.183323	339.222193	339.148416	339.15238	
4.434461	339.208511	339.239647	339.173605	339.169834	
4.444514	339.232465	339.265827	339.197558	339.187287	
4.454694	339.256145	339.292007	339.221238	339.213467	
4.46487	339.279219	339.30946	339.244313	339.239647	
4.475138	339.301915	339.33564	339.267008	339.2571	
4.495155	339.343328	339.379273	339.308422	339.30946	
4.499729	339.352856	339.388	339.317949	339.326913	
4.509865	339.373271	339.405453	339.338364	339.344366	
4.520042	339.393183	339.431633	339.358277	339.370546	
4.530301	339.412662	339.449086	339.377755	339.396726	
4.540563	339.431563	339.46654	339.396657	339.422906	
4.550544	339.449389	339.483993	339.414482	339.449086	
4.560826	339.46716	339.510173	339.432254	339.475266	
4.570853	339.483938	339.527626	339.449031	339.501446	
4.58422	339.505205	339.553806	339.470298	339.518899	
4.591672	339.516855	339.553806	339.481948	339.527626	
4.601397	339.531486	339.562533	339.49658	339.536353	
4.611532	339.546158	339.562533	339.511252	339.536353	
4.621653	339.560252	339.562533	339.525346	339.536353	
4.631859	339.573899	339.562533	339.538992	339.536353	
4.641971	339.586852	339.571259	339.551945	339.536353	
4.65232	339.59953	339.571259	339.564623	339.536353	
4.662352	339.611283	339.588713	339.576377	339.536353	
4.67246	339.622564	339.588713	339.587657	339.553806	
4.682626	339.633365	339.606166	339.598459	339.562533	
4.692853	339.643665	339.614892	339.608758	339.571259	
4.703079	339.653412	339.623619	339.618506	339.588713	
4.713283	339.662585	339.632346	339.627678	339.606166	
4.723376	339.671135	339.649799	339.636229	339.623619	
4.733729	339.679339	339.658526	339.644432	339.641072	
4.743717	339.686748	339.675979	339.651842	339.658526	
4.753822	339.693722	339.693432	339.658815	339.675979	
4.764123	339.700295	339.710886	339.665388	339.702159	
4.774116	339.706195	339.728339	339.671288	339.710886	
4.784235	339.71163	339.745792	339.676724	339.728339	
4.79451	339.716655	339.754519	339.681748	339.728339	
4.804681	339.72114	339.763245	339.686233	339.728339	
4.814781	339.725124	339.763245	339.690218	339.728339	
4.82495	339.72867	339.763245	339.693764	339.719612	
4.835191	339.731784	339.754519	339.696877	339.710886	
4.845217	339.734416	339.745792	339.69951	339.702159	
4.85546	339.736684	339.728339	339.701777	339.684706	
4.865703	339.738561	339.728339	339.703655	339.675979	
4.875752	339.744319	339.710886	339.709412	339.658526	
4.886351	339.744319	339.702159	339.709412	339.649799	
4.896225	339.744319	339.693432	339.709412	339.641072	
4.906428	339.744319	339.702159	339.709412	339.641072	
4.916551	339.744319	339.710886	339.709412	339.649799	
4.926651	339.744319	339.719612	339.709412	339.658526	
4.936915	339.744319	339.728339	339.709412	339.675979	
4.946977	339.744319	339.745792	339.709412	339.684706	
4.957133	339.744319	339.763245	339.709412	339.702159	
4.975144	339.744319	339.780699	339.709412	339.737066	
4.979679	339.744319	339.789425	339.709412	339.745792	
4.989834	339.744319	339.798152	339.709412	339.763245	
5.00016	339.744319	339.789425	339.709412	339.780699	
5.018266	339.744319	339.780699	339.709412	339.780699	
5.022842	339.744319	339.780699	339.709412	339.780699	
5.033046	339.744319	339.763245	339.709412	339.771972	
5.043134	339.744319	339.745792	339.709412	339.763245	
5.05333	339.744319	339.728339	339.709412	339.745792	
5.06351	339.744319	339.719612	339.709412	339.728339	
5.073627	339.744319	339.710886	339.709412	339.710886	
5.083797	339.744319	339.693432	339.709412	339.693432	
5.093892	339.744319	339.693432	339.709412	339.675979	
5.104122	339.744319	339.684706	339.709412	339.649799	
5.122203	339.744319	339.693432	339.709412	339.632346	
5.126771	339.744319	339.693432	339.709412	339.632346	
5.136948	339.744319	339.702159	339.709412	339.632346	
5.148791	339.744319	339.719612	339.709412	339.632346	
5.165041	339.744319	339.745792	339.709412	339.649799	
5.169576	339.744319	339.754519	339.709412	339.658526	
5.179729	339.744319	339.771972	339.709412	339.675979	
5.189913	339.744319	339.789425	339.709412	339.702159	
5.200079	339.744319	339.798152	339.709412	339.719612	
5.218055	339.744319	339.798152	339.709412	339.763245	
5.222588	339.744319	339.798152	339.709412	339.771972	
5.232856	339.744319	339.798152	339.709412	339.780699	
5.24293	339.744319	339.780699	339.709412	339.798152	
5.253083	339.744319	339.771972	339.709412	339.798152	
5.26327	339.744319	339.763245	339.709412	339.789425	
5.273606	339.744319	339.745792	339.709412	339.780699	
5.283593	339.744319	339.728339	339.709412	339.771972	
5.293726	339.744319	339.710886	339.709412	339.754519	
5.303889	339.744319	339.693432	339.709412	339.737066	
5.314001	339.744319	339.684706	339.709412	339.710886	
5.324162	339.744319	339.675979	339.709412	339.684706	
5.334276	339.744319	339.675979	339.709412	339.667252	
5.344482	339.744319	339.684706	339.709412	339.641072	
5.35465	339.744319	339.693432	339.709412	339.632346	
5.364928	339.744319	339.710886	339.709412	339.632346	
5.374874	339.744319	339.728339	339.709412	339.632346	
5.385144	339.744319	339.745792	339.709412	339.641072	
5.39522	339.744319	339.763245	339.709412	339.641072	
5.405346	339.744319	339.789425	339.709412	339.658526	
5.415523	339.744319	339.806879	339.709412	339.675979	
5.425647	339.744319	339.815605	339.709412	339.702159	
5.444166	339.744319	339.815605	339.709412	339.745792	
5.448835	339.744319	339.815605	339.709412	339.745792	
5.458915	339.744319	339.806879	339.709412	339.771972	
5.469077	339.744319	339.798152	339.709412	339.780699	
5.479205	339.744319	339.780699	339.709412	339.789425	
5.489955	339.744319	339.763245	339.709412	339.789425	
5.500048	339.744319	339.737066	339.709412	339.780699	
5.510177	339.744319	339.719612	339.709412	339.771972	
5.540555	339.744319	339.658526	339.709412	339.719612	
5.551536	339.744319	339.658526	339.709412	339.693432	
