0.03753373	
0.04218357	
0.05226023	
0.06245689	
0.07263655	
0.0827332	
0.09292386	
0.1030275	
0.1132382	
0.1234168	
0.1335225	
0.1436801	
0.1538878	
0.1639965	
0.1741671	
0.1842518	
0.1943754	
0.2045481	
0.2146807	
0.2248324	
0.2349751	
0.2451297	
0.2552694	
0.265415	
0.2756007	
0.2857313	
0.295863	
0.3060237	
0.3161533	
0.326333	
0.3364876	
0.3466813	
0.3568819	
0.3670116	
0.3771193	
0.3873609	
0.3974246	
0.4075662	
0.4177889	
0.4278735	
0.4379992	
0.4481339	
0.4582735	
0.4684672	
0.4785828	
0.4887435	
0.4988761	
0.5090118	
0.5191955	
0.5293071	
0.5396668	
0.5496014	
0.5597541	
0.5699317	
0.5800204	
0.5901841	
0.6003067	
0.6105024	
0.6286028	
0.6329446	
0.6431643	
0.6532209	
0.6634286	
0.6745752	
0.6840289	
0.6941365	
0.7042792	
0.7144149	
0.7246465	
0.7347492	
0.7448918	
0.7550525	
0.7651591	
0.7755488	
0.7873704	
0.7956381	
0.8057168	
0.8158494	
0.8260871	
0.8361937	
0.8489483	
0.856524	
0.8669797	
0.8768504	
0.887054	
0.8971667	
0.9074033	
0.917461	
0.9275606	
0.9379513	
0.947993	
0.9580666	
0.9681803	
0.9785159	
1.002742	
1.00708	
1.017223	
1.027743	
1.037815	
1.048263	
1.058109	
1.0682	
1.078325	
1.088765	
1.098645	
1.108859	
1.11896	
1.129151	
1.139398	
1.149367	
1.159529	
1.169644	
1.179854	
1.189951	
1.200121	
1.210276	
1.220418	
1.230633	
1.240743	
1.250894	
1.261023	
1.271187	
1.281337	
1.291536	
1.301687	
1.311818	
1.322228	
1.332293	
1.342476	
1.352623	
1.362818	
1.372962	
1.383137	
1.3933	
1.403783	
1.413612	
1.424791	79.6405068	79.6393738	79.9372127	79.9360797	
1.434729	79.6420553	79.6393738	79.9387613	79.9360797	
1.444925	79.6442827	79.6393738	79.9409886	79.9360797	
1.455077	79.6471173	79.6393738	79.9438233	79.9448064	
1.465229	79.6505711	79.6481004	79.9472771	79.953533	
1.475471	79.6546873	79.6568271	79.9513933	79.953533	
1.485533	79.6593315	79.6568271	79.9560375	79.9622597	
1.495654	79.6646214	79.6655537	79.9613274	79.9709863	
1.505898	79.6706126	79.6742804	79.9673186	79.9884396	
1.516016	79.6771346	79.683007	79.9738406	79.9971663	
1.527642	79.6854987	79.6917336	79.9822047	80.0058929	
1.53747	79.6930866	79.7004603	79.9897925	80.0146196	
1.547625	79.7015605	79.7091869	79.9982665	80.0146196	
1.557805	79.7106817	79.7091869	80.0073876	80.0146196	
1.568259	79.7207087	79.7091869	80.0174147	80.0058929	
1.578112	79.730725	79.7179136	80.027431	80.0058929	
1.58818	79.741578	79.7266402	80.038284	80.0146196	
1.598341	79.7531441	79.7266402	80.0498501	80.0146196	
1.608473	79.7652981	79.7266402	80.062004	80.0233462	
1.618699	79.7782032	79.7266402	80.0749092	80.0320729	
1.630073	79.7933639	79.7353669	80.0900699	80.0407995	
1.640168	79.8073836	79.7440935	80.1040896	80.0582528	
1.650332	79.8221327	79.7440935	80.1188387	80.0757061	
1.660441	79.8374138	79.7615468	80.1341198	80.0931594	
1.679271	79.868503	79.7877268	80.165209	80.128066	
1.684613	79.8772717	79.7964534	80.1739777	80.1455193	
1.69401	79.8933339	79.8139067	80.1900399	80.1629725	
1.704128	79.9112777	79.8400866	80.2079837	80.1804258	
1.714293	79.9299379	79.8662666	80.2266438	80.2066058	
1.724458	79.9491988	79.8924465	80.2459048	80.2240591	
1.734698	79.9692473	79.9186264	80.2659532	80.250239	
1.744814	79.9897205	79.953533	80.2864265	80.2764189	
1.754976	80.0107702	79.9884396	80.3074762	80.3025989	
1.765128	80.0324865	80.0233462	80.3291925	80.3287788	
1.775237	80.0547316	80.0582528	80.3514376	80.3549588	
1.785437	80.0778019	80.0931594	80.3745078	80.3898653	
1.795636	80.1014916	80.128066	80.3981976	80.4160453	
1.805749	80.1255877	80.1542459	80.4222937	80.4509519	
1.815851	80.1502718	80.1804258	80.4469778	80.4771318	
1.826077	80.1759135	80.2066058	80.4726194	80.5120384	
1.836229	80.2019735	80.2327857	80.4986795	80.546945	
1.846367	80.2285843	80.2589657	80.5252903	80.5731249	
1.856662	80.256278	80.2851456	80.5529839	80.6080315	
1.866777	80.2840793	80.3025989	80.5807852	80.6342114	
1.877023	80.3131037	80.3287788	80.6098097	80.669118	
1.887114	80.3418515	80.3549588	80.6385575	80.695298	
1.897244	80.3715576	80.3724121	80.6682635	80.7214779	
1.907465	80.4021663	80.3898653	80.6988723	80.7389312	
1.917556	80.4329712	80.4073186	80.7296772	80.7651111	
1.927881	80.4651597	80.4334986	80.7618656	80.7912911	
1.938398	80.4986296	80.4509519	80.7953356	80.8087444	
1.948063	80.52988	80.4771318	80.826586	80.8349243	
1.9582	80.5633012	80.5033117	80.8600072	80.8611042	
1.968317	80.5972834	80.5294917	80.8939894	80.8785575	
1.978574	80.6323786	80.5643983	80.9290845	80.9134641	
1.990941	80.6756875	80.5993049	80.9723935	80.9396441	
1.998766	80.7033301	80.6342114	81.000036	80.965824	
2.008925	80.7399266	80.669118	81.0366325	80.9920039	
2.019149	80.7773789	80.7214779	81.0740849	81.0181839	
2.038934	80.8528172	80.7563845	81.1495232	81.087997	
2.043583	80.8704202	80.8261977	81.1671262	81.114177	
2.053684	80.9095185	80.8872842	81.2062245	81.1578102	
2.063807	80.9493175	80.9396441	81.2460235	81.2014434	
2.073973	80.9899192	80.9920039	81.2866251	81.2538033	
2.084108	81.0310045	81.0443638	81.3277105	81.2974366	
2.094272	81.0728114	81.1054503	81.3695174	81.3497964	
2.104414	81.1151525	81.1490836	81.4118585	81.4021563	
2.114594	81.1582837	81.2014434	81.4549897	81.4632428	
2.124757	81.2019578	81.2450767	81.4986638	81.5156027	
2.134918	81.2462428	81.2974366	81.5429487	81.5679626	
2.145113	81.2913276	81.3410698	81.5880336	81.6203225	
2.155307	81.3369774	81.3759764	81.6336834	81.6726823	
2.165402	81.3828145	81.4196096	81.6795204	81.7250422	
2.17557	81.4296383	81.4545162	81.7263443	81.7774021	
2.185666	81.4766839	81.4894228	81.7733899	81.8210353	
2.195821	81.5246485	81.533056	81.8213544	81.8733952	
2.20594	81.5730707	81.5766892	81.8697767	81.9170284	
2.216131	81.6224631	81.6115958	81.919169	81.9606617	
2.226325	81.6724638	81.6465024	81.9691698	81.9955683	
2.236476	81.7229256	81.6901356	82.0196316	82.0392015	
2.246705	81.7743701	81.7337689	82.0710761	82.0828347	
2.25682	81.8258206	81.7774021	82.1225266	82.126468	
2.266947	81.8779839	81.8210353	82.1746899	82.1701012	
2.277115	81.93098	81.8733952	82.227686	82.2050078	
2.287214	81.9842211	81.9257551	82.2809271	82.2573676	
2.2974	82.0385407	81.9868416	82.3352467	82.3010009	
2.307569	82.0933949	82.0479281	82.3901008	82.3446341	
2.317742	82.1488861	82.1177413	82.4455921	82.396994	
2.327878	82.2048188	82.1788278	82.5015248	82.4493539	
2.338389	82.2634781	82.2399144	82.5601841	82.5104404	
2.348702	82.3216648	82.3184542	82.6183707	82.5715269	
2.358523	82.3776169	82.3795407	82.6743229	82.6326134	
2.368634	82.4358495	82.4580805	82.7325555	82.6937	
2.378784	82.4949317	82.5278937	82.7916376	82.7635131	
2.389021	82.5551935	82.5889802	82.8518995	82.8333263	
2.407029	82.6634852	82.6587934	82.9601912	82.9554993	
2.411606	82.6909369	82.7286065	82.9876429	82.9904059	
2.421724	82.7524445	82.7984197	83.0491505	83.0602191	
2.43186	82.8146847	82.8595062	83.1113907	83.1300323	
2.442107	82.8782337	82.9205928	83.1749397	83.1998454	
2.460415	82.9942676	83.0253125	83.2909735	83.3220185	
2.465008	83.0232863	83.0514925	83.3199923	83.3481984	
2.475162	83.0882698	83.1038523	83.3849757	83.4180116	
2.485269	83.1535508	83.1649389	83.4502567	83.4790981	
2.495482	83.220152	83.2172987	83.516858	83.5401846	
2.505614	83.2868584	83.2696586	83.5835644	83.6012712	
2.515833	83.35474	83.3394718	83.6514459	83.6623577	
2.525939	83.4224867	83.3918317	83.7191927	83.7234442	
2.536058	83.4909558	83.4529182	83.7876617	83.7845307	
2.546257	83.5605721	83.5140047	83.8572781	83.8456173	
2.556542	83.6318735	83.5838179	83.9285795	83.9154304	
2.566668	83.7018038	83.653631	83.9985097	83.976517	
2.57675	83.7724553	83.7408975	84.0691613	84.0376035	
2.58691	83.8443037	83.8107107	84.1410096	84.1074167	
2.597127	83.9171689	83.8892505	84.2138749	84.1772298	
2.607287	83.990238	83.9677903	84.2869439	84.2557696	
2.617458	84.0640071	84.0550568	84.360713	84.3343095	
2.627618	84.1383152	84.1335966	84.4350212	84.4041226	
2.63777	84.2131904	84.2208631	84.5098964	84.4913891	
2.64825	84.2911917	84.2994029	84.5878976	84.5699289	
2.658136	84.3652978	84.3866693	84.6620038	84.6484687	
2.668496	84.4436314	84.4739358	84.7403373	84.7357352	
2.678729	84.5216215	84.5524756	84.8183275	84.8230016	
2.688729	84.5983978	84.6310154	84.8951038	84.9102681	
2.698894	84.6771051	84.7095552	84.9738111	84.9975346	
2.709129	84.7569694	84.7880951	85.0536753	85.0760744	
2.719289	84.8368971	84.8666349	85.1336031	85.1633409	
2.729374	84.9167792	84.9451747	85.2134852	85.2418807	
2.73958	84.9983048	85.0149879	85.2950108	85.3204205	
2.749923	85.0815872	85.084801	85.3782932	85.4076869	
2.759962	85.1629942	85.1633409	85.4597002	85.4775001	
2.769996	85.2449151	85.233154	85.5416211	85.5560399	
2.780138	85.3283713	85.3116938	85.6250773	85.6258531	
2.790264	85.4123189	85.381507	85.7090248	85.7043929	
2.800449	85.4974051	85.4687735	85.794111	85.7829327	
2.810628	85.583012	85.5385866	85.879718	85.8614726	
2.828821	85.7385474	85.6956663	86.0352534	86.0010989	
2.833352	85.7771463	85.7305729	86.0738522	86.0360055	
2.843564	85.8651013	85.8178393	86.1618073	86.1145453	
2.853672	85.9527536	85.9051058	86.2494596	86.1930851	
2.863897	86.0420425	85.9923722	86.3387485	86.2803516	
2.874106	86.1317811	86.0796387	86.428487	86.367618	
2.884182	86.2210263	86.1843585	86.5177322	86.4636111	
2.894341	86.3115655	86.2716249	86.6082715	86.5508776	
2.904457	86.4023519	86.3763447	86.6990579	86.6468707	
2.914662	86.4945919	86.4636111	86.7912979	86.7428638	
2.924875	86.587503	86.5683309	86.884209	86.8475836	
2.934975	86.6799945	86.6730507	86.9767005	86.9523033	
2.945129	86.7736193	86.7690438	87.0703253	87.0482964	
2.955257	86.8676192	86.8650369	87.1643252	87.1530162	
2.965548	86.9637913	86.9697566	87.2604973	87.2664626	
2.975617	87.0584153	87.0657497	87.3551213	87.3624557	
2.985745	87.1542585	87.1617428	87.4509645	87.4671755	
3.006046	87.3495218	87.3624557	87.6462278	87.6678883	
3.01888	87.4735894	87.4933554	87.7702954	87.7900614	
3.023391	87.5171819	87.5457153	87.8138879	87.8424213	
3.033629	87.6170403	87.6417084	87.9137462	87.9384144	
3.043771	87.7165375	87.7377015	88.0132435	88.0344075	
3.053881	87.816323	87.8424213	88.113029	88.1391272	
3.06655	87.9431457	87.9384144	88.2398517	88.2525736	
3.074304	88.0199175	88.0344075	88.3166234	88.3311134	
3.084365	88.1210576	88.1391272	88.4177635	88.4271066	
3.094546	88.2240704	88.2263937	88.5207764	88.5230997	
3.104657	88.3269456	88.3311134	88.6236515	88.6278194	
3.11486	88.4314255	88.4358332	88.7281315	88.7238125	
3.125083	88.5367381	88.5318263	88.833444	88.8198056	
3.135162	88.6411102	88.6365461	88.9378162	88.9245254	
3.145353	88.7473423	88.7325392	89.0440483	89.0205185	
3.155555	88.8542719	88.8372589	89.1509779	89.1252383	
3.1677	88.9826629	88.9419787	89.2793689	89.2212314	
3.176551	89.0781241	89.0466984	89.37483	89.3346778	
3.185943	89.1765421	89.1514182	89.4732481	89.4393975	
3.196057	89.2849826	89.2648646	89.5816885	89.5528439	
3.206194	89.3943192	89.3695843	89.6910252	89.6575637	
3.216395	89.5049834	89.4830307	89.8016894	89.7797367	
3.226543	89.6162721	89.5877505	89.9129781	89.8844565	
3.236714	89.7254604	89.7099236	90.0221664	90.0066295	
3.246855	89.8342357	89.8146433	90.1309417	90.1200759	
3.257121	89.9437687	89.9368164	90.2404747	90.2335223	
3.270923	90.0918958	90.0589894	90.3886017	90.3556954	
3.277349	90.1575789	90.1724358	90.4542849	90.4778684	
3.287507	90.2640579	90.2858822	90.5607639	90.5913148	
3.297625	90.3696084	90.4080553	90.6663144	90.7047612	
3.307808	90.4751815	90.5302283	90.7718875	90.8269343	
3.318253	90.5828401	90.6349481	90.879546	90.9403807	
3.328063	90.6833946	90.7571211	90.9801005	91.0538271	
3.338238	90.787099	90.8705675	91.083805	91.1585468	
3.348385	90.889821	90.9752873	91.186527	91.2719932	
3.358503	90.9917269	91.080007	91.2884329	91.3679863	
3.36882	91.0950126	91.1760001	91.3917186	91.4727061	
3.378895	91.1952648	91.2719932	91.4919708	91.5686992	
3.397119	91.3741998	91.4377995	91.6709058	91.7345055	
3.401677	91.4189434	91.4727061	91.7156494	91.7781387	
3.411861	91.5183265	91.5599726	91.8150325	91.8654052	
3.422025	91.6168577	91.6385124	91.9135637	91.9526716	
3.432176	91.7146464	91.7257788	92.0113524	92.0312115	
3.442335	91.8119229	91.8043187	92.1086289	92.1184779	
3.452497	91.9086384	91.8915851	92.2053443	92.2057444	
3.462622	92.0043891	91.9701249	92.3010951	92.2842842	
3.474912	92.119699	92.0573914	92.416405	92.3715507	
3.483049	92.195645	92.1446579	92.492351	92.4500905	
3.493223	92.2900414	92.240651	92.5867474	92.5373569	
3.503342	92.3832437	92.3279174	92.6799496	92.63335	
3.513462	92.475916	92.4239105	92.772622	92.7206165	
3.523723	92.5692459	92.5199036	92.8659518	92.8166096	
3.533819	92.6604706	92.6246234	92.9571766	92.9126027	
3.543966	92.7515663	92.7293432	93.0482723	93.0085958	
3.554207	92.8428676	92.8253363	93.1395736	93.1133156	
3.56427	92.9320261	92.930056	93.2287321	93.2093087	
3.574432	93.0214154	93.0347758	93.3181214	93.3053018	
3.584632	93.1105687	93.1307689	93.4072747	93.4100216	
3.594818	93.1989718	93.2354886	93.4956778	93.5147413	
3.61293	93.3537209	93.4100216	93.6504269	93.6892742	
3.617498	93.3928243	93.4449282	93.6895303	93.7416341	
3.627679	93.4792237	93.5409213	93.7759297	93.8376272	
3.637823	93.5646712	93.6281877	93.8613772	93.9336203	
3.648004	93.649828	93.7154542	93.9465339	94.0208868	
3.658131	93.7339315	93.8027206	94.0306374	94.1081533	
3.668228	93.8171626	93.8812605	94.1138686	94.1954197	
3.680427	93.9168969	93.9598003	94.2136028	94.2739595	
3.68857	93.9830485	94.0383401	94.2797544	94.3524994	
3.698744	94.0651111	94.1081533	94.3618171	94.4223125	
3.708991	94.1471272	94.1866931	94.4438332	94.5008523	
3.719114	94.2275601	94.2565063	94.5242661	94.5706655	
3.729709	94.3110927	94.3263194	94.6077987	94.6492053	
3.73942	94.3871047	94.3874059	94.6838106	94.7102919	
3.749549	94.4657736	94.4572191	94.7624796	94.780105	
3.759678	94.5438322	94.5270323	94.8405382	94.8411916	
3.769789	94.6212052	94.5968455	94.9179112	94.9110047	
3.78008	94.6992969	94.6666586	94.9960028	94.9808179	
3.790376	94.776811	94.7451984	95.073517	95.0506311	
3.800306	94.8509426	94.8237383	95.1476485	95.1204442	
3.810478	94.926319	94.8935514	95.223025	95.1902574	
3.828706	95.0590183	95.0419044	95.3557243	95.3298837	
3.833244	95.0920892	95.076811	95.3887952	95.3647903	
3.84348	95.1659406	95.1640775	95.4626466	95.4346035	
3.853587	95.2382658	95.2426173	95.5349718	95.52187	
3.863734	95.3102862	95.3211571	95.6069922	95.6004098	
3.87386	95.3815497	95.3996969	95.6782556	95.6789496	
3.88556	95.4630953	95.4869634	95.7598012	95.7662161	
3.894256	95.5232428	95.5655032	95.8199488	95.8447559	
3.90439	95.5927276	95.644043	95.8894335	95.9232957	
3.914575	95.6619864	95.7138562	95.9586924	96.0018355	
3.924675	95.7300717	95.792396	96.0267777	96.0803753	
3.934868	95.7981389	95.8622092	96.0948449	96.1589151	
3.94504	95.8657283	95.9320223	96.1624343	96.2287283	
3.955196	95.9321246	95.9931089	96.2288306	96.2985415	
3.965327	95.9979722	96.0541954	96.2946782	96.3683546	
3.975456	96.0632255	96.1152819	96.3599315	96.4294412	
3.988208	96.1444077	96.1676418	96.4411137	96.4905277	
4.005725	96.253735	96.2898148	96.550441	96.6127007	
4.010307	96.2823802	96.3072681	96.5790862	96.6388807	
4.020451	96.3450334	96.359628	96.6417394	96.6912406	
4.0385	96.4542492	96.4556211	96.7509552	96.7872337	
4.043081	96.4820043	96.4818011	96.7787103	96.804687	
4.053256	96.5429089	96.5341609	96.8396149	96.8570468	
4.063401	96.6030452	96.5865208	96.8997512	96.9094067	
4.073576	96.6627766	96.6388807	96.9594825	96.9617666	
4.083741	96.7217996	96.6999672	97.0185056	97.0141265	
4.095291	96.78811	96.7610537	97.084816	97.075213	
4.10517	96.8442271	96.8134136	97.1409331	97.1188462	
4.115342	96.9014365	96.8745001	97.1981424	97.1799328	
4.125529	96.9581295	96.9355867	97.2548355	97.2322926	
4.135614	97.0136535	96.9966732	97.3103594	97.2846525	
4.145808	97.0691896	97.0577597	97.3658956	97.345739	
4.155995	97.1240556	97.1275729	97.4207616	97.4068256	
4.166113	97.1779553	97.1886594	97.4746612	97.4591854	
4.176249	97.231393	97.2497459	97.5280989	97.5289986	
4.186395	97.284226	97.3021058	97.580932	97.5813585	
4.198049	97.3441239	97.371919	97.6408298	97.6511716	
4.207846	97.3939298	97.4242788	97.6906358	97.7035315	
4.218013	97.4450248	97.4766387	97.7417308	97.7646181	
4.228151	97.4953717	97.5289986	97.7920777	97.8257046	
4.238485	97.5460743	97.5813585	97.8427803	97.8780645	
4.248448	97.5943947	97.6249917	97.8911006	97.9304243	
4.258605	97.6430214	97.6686249	97.9397274	97.9827842	
4.268746	97.6909977	97.7122582	97.9877036	98.0264174	
4.278873	97.7383118	97.7558914	98.0350178	98.0787773	
4.289397	97.7868201	97.790798	98.083526	98.1224105	
4.308483	97.8722279	97.8344312	98.1689338	98.2009504	
4.31352	97.8947971	97.8867911	98.1915031	98.2271303	
4.323767	97.9399964	97.9304243	98.2367024	98.2620369	
4.333828	97.9837935	97.9653309	98.2804995	98.2969435	
4.344021	98.0275336	98.0176908	98.3242396	98.3405767	
4.354207	98.0706804	98.0525974	98.3673863	98.3754833	
4.364332	98.1129599	98.1049573	98.4096659	98.4103899	
4.37446	98.1546538	98.1398638	98.4513598	98.4452965	
4.384598	98.1957898	98.1834971	98.4924958	98.4889297	
4.39479	98.2365543	98.2271303	98.5332602	98.5238363	
4.405043	98.2769566	98.2707635	98.5736625	98.5587429	
4.415133	98.3161099	98.3143968	98.6128158	98.5936494	
4.425274	98.3548882	98.3493033	98.6515942	98.6372827	
4.435495	98.3933591	98.3929366	98.6900651	98.6721893	
4.44556	98.4306553	98.4365698	98.7273613	98.7158225	
4.455756	98.4678513	98.4714764	98.7645573	98.7507291	
4.465904	98.5042689	98.506383	98.8009749	98.7943623	
4.476079	98.5401824	98.5412896	98.8368883	98.8379955	
4.486231	98.5754285	98.5761962	98.8721344	98.8816288	
4.496326	98.6098881	98.6111027	98.9065941	98.9165354	
4.506649	98.644529	98.6460093	98.9412349	98.9601686	
4.516742	98.6777832	98.6809159	98.9744892	98.9950752	
4.526883	98.7105975	98.7158225	99.0073034	99.0299818	
4.537296	98.7437023	98.7507291	99.0404082	99.0648883	
4.547148	98.7744585	98.7856357	99.0711645	99.0997949	
4.55736	98.8057271	98.8118156	99.1024331	99.1347015	
4.56749	98.8361678	98.8379955	99.1328738	99.1696081	
4.577584	98.8659121	98.8729021	99.162618	99.2045147	
4.587834	98.8955103	98.8990821	99.1922163	99.2306946	
4.598254	98.9249901	98.925262	99.2216961	99.2656012	
4.608477	98.9533156	98.9601686	99.2500216	99.2917811	
4.618327	98.9800327	98.9776219	99.2767387	99.3179611	
4.628452	99.0069279	99.0038018	99.3036339	99.344141	
4.638686	99.0335228	99.0299818	99.3302288	99.3615943	
4.648764	99.0591237	99.0561617	99.3558297	99.3790476	
4.658929	99.0843534	99.0823416	99.3810593	99.3877743	
4.67702	99.1270238	99.0997949	99.4237297	99.4139542	
4.681651	99.137978	99.1347015	99.434684	99.4226808	
4.691796	99.1612712	99.1521548	99.4579772	99.4401341	
4.701891	99.1838861	99.1783347	99.4805921	99.4575874	
4.712114	99.2062023	99.195788	99.5029082	99.4750407	
4.722305	99.2278329	99.221968	99.5245388	99.492494	
4.732429	99.2487611	99.2394213	99.545467	99.5186739	
4.742526	99.2690634	99.2568746	99.5657694	99.5361272	
4.752724	99.2889844	99.2743279	99.5856904	99.5535805	
4.762889	99.3082613	99.2917811	99.6049673	99.5797605	
4.773086	99.327015	99.3092344	99.623721	99.5972138	
4.78321	99.3450664	99.3266877	99.6417724	99.6233937	
4.793327	99.3625372	99.344141	99.6592432	99.6495736	
4.803569	99.3796373	99.3615943	99.6763433	99.6670269	
4.81395	99.396374	99.3790476	99.69308	99.6932069	
4.82405	99.412088	99.3965009	99.708794	99.7193868	
4.833973	99.4269929	99.4226808	99.7236989	99.7368401	
4.84413	99.4416753	99.4401341	99.7383813	99.76302	
4.854333	99.4558522	99.4663141	99.7525581	99.7804733	
4.864462	99.4693687	99.4837674	99.7660747	99.7979266	
4.874644	99.4823909	99.5012207	99.7790968	99.8066533	
4.884798	99.4948148	99.5274006	99.7915208	99.8153799	
4.894916	99.5066458	99.5448539	99.8033518	99.8153799	
4.905137	99.518067	99.5623072	99.814773	99.8153799	
4.916461	99.5299303	99.5797605	99.8266362	99.8153799	
4.926296	99.5397787	99.5884871	99.8364846	99.8153799	
4.936444	99.5493929	99.5972138	99.8460989	99.8153799	
4.946636	99.5585038	99.5884871	99.8552098	99.8153799	
4.956988	99.5672472	99.5884871	99.8639532	99.8241066	
4.966934	99.5750336	99.5884871	99.8717396	99.8328332	
4.977016	99.5824861	99.5797605	99.8791921	99.8415599	
4.987496	99.5898014	99.5884871	99.8865073	99.8502865	
5.010231	99.6018572	99.5884871	99.8985632	99.8764664	
5.017275	99.6056964	99.5972138	99.9024024	99.8851931	
5.024933	99.6095762	99.6059404	99.9062822	99.8939197	
5.035145	99.6142182	99.6059404	99.9109242	99.9026464	
5.045315	99.6183742	99.6146671	99.9150801	99.911373	
5.055405	99.6220541	99.6233937	99.9187601	99.9288263	
5.065606	99.6253276	99.6321204	99.9220335	99.937553	
5.075844	99.6281796	99.640847	99.9248856	99.937553	
5.085876	99.6305825	99.6495736	99.9272885	99.9462796	
5.096076	99.6326333	99.6583003	99.9293393	99.9462796	
5.106214	99.6343132	99.6583003	99.9310192	99.937553	
5.119043	99.6393738	99.6583003	99.9360797	99.937553	
5.126542	99.6393738	99.6495736	99.9360797	99.937553	
5.136706	99.6393738	99.640847	99.9360797	99.9288263	
5.146858	99.6393738	99.640847	99.9360797	99.9200997	
5.15704	99.6393738	99.640847	99.9360797	99.911373	
5.167137	99.6393738	99.6321204	99.9360797	99.9026464	
5.177453	99.6393738	99.6321204	99.9360797	99.9026464	
5.187435	99.6393738	99.6233937	99.9360797	99.9026464	
5.197555	99.6393738	99.6233937	99.9360797	99.911373	
5.207828	99.6393738	99.6233937	99.9360797	99.9200997	
5.221456	99.6393738	99.6233937	99.9360797	99.9200997	
5.228146	99.6393738	99.6233937	99.9360797	99.9288263	
5.238221	99.6393738	99.6233937	99.9360797	99.937553	
5.24836	99.6393738	99.6233937	99.9360797	99.937553	
5.258516	99.6393738	99.6233937	99.9360797	99.9462796	
5.268688	99.6393738	99.6233937	99.9360797	99.9550063	
5.278829	99.6393738	99.6233937	99.9360797	99.9550063	
5.28896	99.6393738	99.6233937	99.9360797	99.9550063	
5.299197	99.6393738	99.6233937	99.9360797	99.9550063	
5.309331	99.6393738	99.6233937	99.9360797	99.9550063	
5.319806	99.6393738	99.6233937	99.9360797	99.9550063	
5.32958	99.6393738	99.6233937	99.9360797	99.9462796	
5.339824	99.6393738	99.6233937	99.9360797	99.9462796	
5.349912	99.6393738	99.6233937	99.9360797	99.9462796	
5.360051	99.6393738	99.6233937	99.9360797	99.9462796	
5.370195	99.6393738	99.6233937	99.9360797	99.9462796	
5.380377	99.6393738	99.6233937	99.9360797	99.9462796	
5.390584	99.6393738	99.6233937	99.9360797	99.9462796	
5.400715	99.6393738	99.6233937	99.9360797	99.9462796	
5.410796	99.6393738	99.6233937	99.9360797	99.9462796	
5.421244	99.6393738	99.6233937	99.9360797	99.9462796	
5.431383	99.6393738	99.6233937	99.9360797	99.9462796	
5.441551	99.6393738	99.6233937	99.9360797	99.9462796	
5.451788	99.6393738	99.6233937	99.9360797	99.9462796	
5.461841	99.6393738	99.6233937	99.9360797	99.9462796	
5.472031	99.6393738	99.6233937	99.9360797	99.9462796	
5.482269	99.6393738	99.6233937	99.9360797	99.9462796	
5.492383	99.6393738	99.6233937	99.9360797	99.9462796	
5.502526	99.6393738	99.6233937	99.9360797	99.9462796	
5.512697	99.6393738	99.6233937	99.9360797	99.9462796	
5.522859	99.6393738	99.6233937	99.9360797	99.9462796	
5.533034	99.6393738	99.6233937	99.9360797	99.9462796	
5.543175	99.6393738	99.6233937	99.9360797	99.9462796	
5.553344	99.6393738	99.6233937	99.9360797	99.9462796	
5.563525	99.6393738	99.6233937	99.9360797	99.9462796	
5.573634	99.6393738	99.6233937	99.9360797	99.9462796	
5.583803	99.6393738	99.6233937	99.9360797	99.9462796	
5.593977	99.6393738	99.6233937	99.9360797	99.9462796	
5.604168	99.6393738	99.6233937	99.9360797	99.9462796	
5.614293	99.6393738	99.6233937	99.9360797	99.9462796	
5.624442	99.6393738	99.6233937	99.9360797	99.9462796	
5.634666	99.6393738	99.6233937	99.9360797	99.9462796	
5.644785	99.6393738	99.6233937	99.9360797	99.9462796	
5.654948	99.6393738	99.6233937	99.9360797	99.9462796	
5.665085	99.6393738	99.6233937	99.9360797	99.9462796	
5.675278	99.6393738	99.6233937	99.9360797	99.9462796	
5.693443	99.6393738	99.6233937	99.9360797	99.9462796	
5.698037	99.6393738	99.6233937	99.9360797	99.9462796	
5.70814	99.6393738	99.6233937	99.9360797	99.9462796	
5.718281	99.6393738	99.6233937	99.9360797	99.9462796	
5.728438	99.6393738	99.6233937	99.9360797	99.9462796	
5.738601	99.6393738	99.6233937	99.9360797	99.9462796	
5.74875	99.6393738	99.6233937	99.9360797	99.9462796	
5.758879	99.6393738	99.6233937	99.9360797	99.9462796	
5.769069	99.6393738	99.6233937	99.9360797	99.9462796	
5.779301	99.6393738	99.6233937	99.9360797	99.9462796	
5.791222	99.6393738	99.6233937	99.9360797	99.9462796	
5.801332	99.6393738	99.6233937	99.9360797	99.9462796	
5.823179	99.6393738	99.6233937	99.9360797	99.9462796	
5.833043	99.6393738	99.6233937	99.9360797	99.9462796	
