0.03698851	
0.04155132	
0.05168791	
0.0618235	
0.07206509	
0.08213568	
0.09228627	
0.1024049	
0.1126145	
0.122732	
0.1328716	
0.1430882	
0.1531788	
0.1633424	
0.173527	
0.1836716	
0.1940172	
0.2040228	
0.2143133	
0.2347485	
0.2390743	
0.2492709	
0.2593995	
0.2695281	
0.2797247	
0.2898363	
0.2999939	
0.3101535	
0.3202871	
0.3304657	
0.3405692	
0.3507838	
0.3608384	
0.371016	
0.3811656	
0.3913132	
0.4014978	
0.4116204	
0.421784	
0.4319446	
0.4420742	
0.4522517	
0.4623833	
0.4725269	
0.4826645	
0.4928451	
0.5030167	
0.5131343	
0.5232799	
0.5335255	
0.5435781	
0.5537636	
0.5639052	
0.5740508	
0.59386	
0.5982218	
0.6083734	
0.618536	
0.6286816	
0.6388782	
0.6489758	
0.6591294	
0.669324	
0.6812575	
0.6896482	
0.6999637	
0.7099503	
0.7201229	
0.7302765	
0.7404201	
0.7508417	
0.7609133	
0.7710029	
0.7813944	
0.793161	
0.8016916	
0.8117892	
0.8219148	
0.8321854	
0.842242	
0.8523576	
0.8624992	
0.8726838	
0.8827934	
0.8930049	
0.9031815	
0.9133171	
0.9234847	
0.9336173	
0.9437339	
0.9538815	
0.9640291	
0.9741667	
0.9843843	
0.9944408	
1.004637	
1.015009	
1.024935	
1.035053	
1.045187	
1.055364	
1.065491	
1.075636	
1.085783	
1.095995	
1.106111	
1.116553	
1.126375	
1.136497	
1.146649	
1.156741	
1.166984	
1.177054	
1.187166	
1.197524	
1.207508	
1.218009	
1.228093	
1.238251	
1.248606	
1.258541	
1.268704	
1.278925	
1.288977	
1.299137	
1.309326	
1.325413	159.612692	159.61036	160.066477	160.064146	
1.335228	159.614505	159.61036	160.068291	160.064146	
1.345317	159.616989	159.61036	160.070774	160.064146	
1.355463	159.620106	159.61036	160.073892	160.064146	
1.365646	159.623859	159.619087	160.077645	160.072872	
1.375774	159.628204	159.627813	160.081989	160.072872	
1.38599	159.633218	159.627813	160.087004	160.081599	
1.396233	159.638873	159.645267	160.092659	160.081599	
1.406211	159.644971	159.645267	160.098756	160.081599	
1.416667	159.652036	159.66272	160.105822	160.090326	
1.427753	159.660282	159.671447	160.114068	160.099052	
1.437881	159.668398	159.680173	160.122183	160.107779	
1.448039	159.677163	159.6889	160.130949	160.116506	
1.458166	159.686517	159.697627	160.140303	160.116506	
1.468413	159.696621	159.706353	160.150406	160.125232	
1.478551	159.707216	159.71508	160.161002	160.133959	
1.488674	159.718414	159.71508	160.172199	160.151412	
1.498844	159.730287	159.732533	160.184073	160.151412	
1.508942	159.74269	159.732533	160.196476	160.168865	
1.519193	159.755914	159.749986	160.209699	160.186319	
1.53083	159.771793	159.749986	160.225579	160.203772	
1.540603	159.785633	159.76744	160.239418	160.221225	
1.55083	159.800766	159.776166	160.254551	160.238679	
1.560896	159.81626	159.784893	160.270046	160.256132	
1.571014	159.832452	159.802346	160.286238	160.273585	
1.581458	159.850364	159.8198	160.30415	160.291039	
1.591424	159.86701	159.828526	160.320796	160.308492	
1.601544	159.885056	159.84598	160.338841	160.325945	
1.61168	159.903754	159.863433	160.357539	160.352125	
1.621818	159.92307	159.880886	160.376856	160.369578	
1.633397	159.946118	159.898339	160.399904	160.395758	
1.643305	159.966142	159.924519	160.419927	160.413212	
1.65351	159.987524	159.941973	160.44131	160.430665	
1.663597	160.009268	159.968153	160.463054	160.465571	
1.673938	160.03223	159.994333	160.486016	160.483025	
1.683893	160.054887	160.020512	160.508673	160.509205	
1.694135	160.078844	160.046692	160.53263	160.535385	
1.704321	160.103303	160.081599	160.557089	160.561565	
1.714401	160.1281	160.099052	160.581885	160.587744	
1.724505	160.153589	160.133959	160.607374	160.613924	
1.744045	160.20571	160.168865	160.659495	160.666284	
1.748791	160.218289	160.203772	160.672075	160.675011	
1.758852	160.245712	160.238679	160.699498	160.709918	
1.768877	160.27365	160.264859	160.727436	160.736097	
1.779088	160.302758	160.291039	160.756544	160.762277	
1.789208	160.332201	160.325945	160.785987	160.788457	
1.799424	160.362555	160.352125	160.816341	160.814637	
1.809551	160.393252	160.378305	160.847037	160.849544	
1.819665	160.424518	160.413212	160.878304	160.88445	
1.830557	160.458974	160.439391	160.912759	160.919357	
1.840054	160.48947	160.465571	160.943256	160.945537	
1.850292	160.523012	160.500478	160.976797	160.980444	
1.860423	160.556816	160.526658	161.010601	161.006623	
1.870611	160.591441	160.552838	161.045226	161.04153	
1.8807	160.626337	160.587744	161.080123	161.076437	
1.891749	160.66533	160.613924	161.119115	161.111343	
1.90102	160.698487	160.648831	161.152272	161.137523	
1.911185	160.735493	160.683738	161.189279	161.17243	
1.921282	160.772873	160.718644	161.226658	161.207336	
1.931422	160.811033	160.762277	161.264819	161.25097	
1.941721	160.850461	160.797184	161.304247	161.285876	
1.952043	160.89057	160.840817	161.344356	161.320783	
1.961968	160.929719	160.88445	161.383505	161.364416	
1.972101	160.970327	160.928084	161.424112	161.408049	
1.982234	161.011534	160.971717	161.465319	161.442956	
1.992434	161.053656	161.01535	161.507442	161.495316	
2.002579	161.096159	161.058983	161.549945	161.538949	
2.012735	161.139336	161.111343	161.593122	161.582582	
2.02296	161.183423	161.163703	161.637208	161.626215	
2.033003	161.227324	161.216063	161.681109	161.678575	
2.043839	161.275494	161.259696	161.72928	161.722208	
2.053718	161.319865	161.303329	161.773651	161.774568	
2.063882	161.366182	161.355689	161.819967	161.826928	
2.074011	161.412962	161.390596	161.866748	161.870561	
2.084101	161.460197	161.442956	161.913982	161.922921	
2.094305	161.508549	161.477862	161.962335	161.966555	
2.104506	161.557527	161.530222	162.011312	162.018914	
2.114638	161.606796	161.573856	162.060582	162.071274	
2.124745	161.656571	161.626215	162.110357	162.114908	
2.135307	161.70924	161.669849	162.163026	162.167267	
2.14659	161.766324	161.730935	162.22011	162.219627	
2.156422	161.81656	161.774568	162.270346	162.263261	
2.16658	161.869118	161.835655	162.322903	162.31562	
2.17666	161.921863	161.879288	162.375649	162.36798	
2.18683	161.975735	161.940375	162.42952	162.42034	
2.207632	162.089175	162.001461	162.542961	162.52506	
2.212168	162.113771	162.088728	162.567556	162.55124	
2.222329	162.169748	162.149814	162.623534	162.6036	
2.232484	162.226311	162.210901	162.680097	162.664686	
2.244894	162.296493	162.271987	162.750279	162.717046	
2.252844	162.341649	162.333074	162.795434	162.778133	
2.263058	162.400399	162.402887	162.854184	162.839219	
2.273153	162.459066	162.4727	162.912852	162.900306	
2.283296	162.518642	162.542513	162.972428	162.961392	
2.293648	162.581127	162.6036	163.034913	163.031205	
2.303633	162.639995	162.664686	163.093781	163.092292	
2.313765	162.701371	162.734499	163.155157	163.162105	
2.3239	162.763339	162.786859	163.217124	163.223192	
2.334066	162.826198	162.856673	163.279983	163.293005	
2.344209	162.8895	162.926486	163.343286	163.354091	
2.354398	162.953701	162.978846	163.407487	163.423905	
2.364582	163.018467	163.039932	163.472253	163.484991	
2.374847	163.084409	163.101019	163.538195	163.554804	
2.384869	163.149372	163.162105	163.603157	163.607164	
2.39534	163.217971	163.223192	163.671756	163.676977	
2.40515	163.282726	163.275552	163.736512	163.74679	
2.415322	163.350531	163.345365	163.804317	163.807877	
2.425452	163.41867	163.406451	163.872456	163.868963	
2.435567	163.487336	163.467538	163.941121	163.938777	
2.445731	163.556969	163.537351	164.010755	164.00859	
2.463857	163.683531	163.607164	164.137317	164.122036	
2.468453	163.715531	163.694431	164.169317	164.156943	
2.478599	163.787021	163.764244	164.240806	164.226756	
2.48871	163.858869	163.842784	164.312654	164.296569	
2.498891	163.93186	163.921323	164.385645	164.366382	
2.509038	164.005224	163.999863	164.45901	164.444922	
2.519211	164.07934	164.078403	164.533125	164.514735	
2.529344	164.153837	164.165669	164.607623	164.584548	
2.539477	164.228936	164.244209	164.682722	164.671815	
2.549696	164.305316	164.322749	164.759102	164.750355	
2.559867	164.381973	164.410016	164.835758	164.828895	
2.56997	164.458636	164.479829	164.912421	164.907434	
2.580181	164.536855	164.567095	164.990641	164.985974	
2.590318	164.615068	164.636908	165.068854	165.073241	
2.600481	164.694087	164.724175	165.147872	165.15178	
2.61058	164.773249	164.793988	165.227034	165.23032	
2.620719	164.853327	164.872528	165.307112	165.317587	
2.630982	164.935036	164.951068	165.388821	165.396127	
2.641013	165.015462	165.020881	165.469248	165.483393	
2.651213	165.097922	165.099421	165.551708	165.561933	
2.661481	165.181583	165.17796	165.635369	165.649199	
2.671565	165.26426	165.247774	165.718045	165.727739	
2.681819	165.349075	165.33504	165.802861	165.806279	
2.691861	165.432636	165.41358	165.886422	165.893545	
2.701981	165.517497	165.49212	165.971283	165.972085	
2.712173	165.60363	165.579386	166.057416	166.059352	
2.72229	165.689681	165.657926	166.143467	166.137891	
2.732474	165.776935	165.753919	166.230721	166.225158	
2.742616	165.86448	165.841186	166.318265	166.312424	
2.752873	165.953626	165.928452	166.407411	166.399691	
2.76313	166.043482	166.024445	166.497268	166.486957	
2.773233	166.132466	166.111712	166.586251	166.574224	
2.783378	166.222975	166.207705	166.676761	166.670217	
2.793571	166.313594	166.303698	166.76738	166.757483	
2.803865	166.40693	166.399691	166.860716	166.853476	
2.813904	166.497132	166.495684	166.950918	166.940743	
2.824006	166.589265	166.591677	167.04305	167.028009	
2.834154	166.682427	166.68767	167.136213	167.132729	
2.844276	166.775936	166.783663	167.229722	167.219996	
2.854455	166.870643	166.87093	167.324428	167.315989	
2.865027	166.969697	166.966923	167.423483	167.411982	
2.87487	167.06237	167.054189	167.516156	167.516702	
2.885027	167.158726	167.150182	167.612511	167.603968	
2.89523	167.256143	167.237449	167.709929	167.708688	
2.905345	167.353293	167.324715	167.807079	167.795954	
2.915472	167.451174	167.420708	167.90496	167.900674	
2.925642	167.550112	167.516702	168.003898	167.996667	
2.935769	167.649256	167.612695	168.103041	168.09266	
2.94596	167.749621	167.708688	168.203407	168.19738	
2.956535	167.854522	167.804681	168.308308	168.3021	
2.97539	168.044102	167.987941	168.497887	168.485359	
2.979962	168.089953	168.0403	168.543739	168.528993	
2.990094	168.192408	168.14502	168.646194	168.633712	
3.000283	168.296105	168.241013	168.749891	168.738432	
3.010418	168.399836	168.35446	168.853622	168.843152	
3.020572	168.504443	168.459179	168.958228	168.947872	
3.030746	168.609784	168.563899	169.063569	169.052591	
3.040842	168.714978	168.677346	169.168763	169.157311	
3.050996	168.821396	168.790792	169.275182	169.270758	
3.061158	168.928551	168.904238	169.382336	169.384204	
3.073481	169.059498	169.043865	169.513284	169.506377	
3.081499	169.144883	169.139858	169.598668	169.60237	
3.091641	169.253638	169.262031	169.707424	169.715816	
3.101823	169.363522	169.375477	169.817307	169.820536	
3.11193	169.473076	169.488924	169.926862	169.933983	
3.1221	169.584002	169.619823	170.037788	170.047429	
3.13224	169.693371	169.73327	170.147156	170.160875	
3.142399	169.802367	169.855443	170.256152	170.274322	
3.152601	169.911156	169.968889	170.364942	170.379042	
3.162687	170.018164	170.082336	170.47195	170.492488	
3.17318	170.128869	170.187055	170.582655	170.605934	
3.183131	170.233186	170.291775	170.686972	170.719381	
3.19316	170.337758	170.405222	170.791543	170.824101	
3.203363	170.443524	170.518668	170.89731	170.937547	
3.213647	170.551925	170.623388	171.005711	171.042267	
3.223694	170.652474	170.719381	171.106259	171.146986	
3.233803	170.755475	170.815374	171.209261	171.251706	
3.243955	170.858295	170.920094	171.312081	171.356426	
3.254138	170.960837	171.016087	171.414623	171.452419	
3.264222	171.061806	171.103353	171.515591	171.548412	
3.275545	171.174348	171.199346	171.628134	171.661859	
3.285349	171.271203	171.295339	171.724988	171.757852	
3.295526	171.371182	171.382606	171.824968	171.853845	
3.30564	171.469913	171.469872	171.923698	171.949838	
3.315839	171.568964	171.565865	172.022749	172.045831	
3.333921	171.74209	171.653132	172.195876	172.211637	
3.338458	171.785513	171.775305	172.239299	172.255271	
3.34862	171.882214	171.862571	172.336	172.351264	
3.358736	171.977829	171.967291	172.431615	172.447257	
3.368905	172.073297	172.063284	172.527083	172.54325	
3.379158	172.169044	172.176731	172.622829	172.639243	
3.389222	172.262306	172.272724	172.716092	172.726509	
3.399422	172.356278	172.368717	172.810064	172.822503	
3.409557	172.449003	172.473437	172.902789	172.918496	
3.419717	172.541439	172.578156	172.995225	173.014489	
3.429935	172.633696	172.665423	173.087481	173.101755	
3.440059	172.724539	172.770143	173.178324	173.197748	
3.450209	172.814999	172.857409	173.268785	173.293741	
3.460365	172.905222	172.953402	173.359008	173.381008	
3.470509	172.994102	173.040669	173.447888	173.468274	
3.481119	173.086823	173.119209	173.540609	173.564267	
3.49091	173.171715	173.206475	173.6255	173.651534	
3.501051	173.259045	173.293741	173.712831	173.730074	
3.51127	173.346465	173.363555	173.80025	173.81734	
3.521481	173.433186	173.450821	173.886972	173.904607	
3.531661	173.519053	173.529361	173.972838	173.991873	
3.541807	173.604012	173.607901	174.057797	174.070413	
3.551948	173.688324	173.677714	174.14211	174.148953	
3.562097	173.772097	173.76498	174.225883	174.236219	
3.573976	173.869368	173.852247	174.323153	174.332212	
3.584151	173.952019	173.930787	174.405805	174.410752	
3.594295	174.033823	174.009326	174.487609	174.498019	
3.60443	174.11492	174.096593	174.568706	174.567832	
3.614631	174.196004	174.175133	174.649789	174.655098	
3.625086	174.278432	174.253673	174.732218	174.733638	
3.634829	174.354686	174.340939	174.808472	174.812178	
3.645034	174.433955	174.428205	174.887741	174.899444	
3.655206	174.512361	174.506745	174.966147	174.977984	
3.665302	174.589585	174.585285	175.043371	175.056524	
3.675455	174.666683	174.681278	175.120469	175.135064	
3.686366	174.748787	174.759818	175.202573	175.22233	
3.696314	174.823013	174.847084	175.276798	175.30087	
3.706438	174.898005	174.934351	175.351791	175.370683	
3.71659	174.972614	175.004164	175.4264	175.449223	
3.726827	175.047251	175.091431	175.501037	175.527763	
3.736891	175.119974	175.16997	175.573759	175.597576	
3.747042	175.192733	175.239784	175.646519	175.667389	
3.757212	175.265049	175.318323	175.718835	175.745929	
3.767397	175.336849	175.388137	175.790635	175.815742	
3.7879	175.478363	175.51031	175.932148	175.955369	
3.792537	175.510354	175.562669	175.96414	175.981548	
3.802666	175.579687	175.623756	176.033473	176.051362	
3.812783	175.648319	175.684843	176.102105	176.121175	
3.823027	175.717194	175.754656	176.170979	176.182261	
3.833958	175.790011	175.807016	176.243797	176.252075	
3.843197	175.850999	175.876829	176.304785	176.313161	
3.85334	175.917404	175.929189	176.371189	176.374248	
3.863608	175.984031	175.990275	176.437817	176.444061	
3.873701	176.048868	176.051362	176.502654	176.505147	
3.883932	176.114033	176.112448	176.567818	176.566234	
3.894025	176.17772	176.173535	176.631506	176.62732	
3.904104	176.240663	176.234621	176.694449	176.697133	
3.91426	176.30355	176.295708	176.757336	176.75822	
3.92439	176.365839	176.356794	176.819625	176.828033	
3.935187	176.431158	176.417881	176.884944	176.88912	
3.944758	176.488667	176.487694	176.942453	176.950206	
3.954891	176.548993	176.54878	177.002778	177.011293	
3.965038	176.608793	176.609867	177.062579	177.072379	
3.975202	176.668078	176.67968	177.121864	177.142192	
3.985329	176.726561	176.749493	177.180347	177.194552	
3.995567	176.785092	176.819307	177.238877	177.255639	
4.005728	176.842503	176.871666	177.296289	177.316725	
4.015806	176.898906	176.94148	177.352692	177.377812	
4.025996	176.955326	176.993839	177.409111	177.430172	
4.036525	177.013159	177.054926	177.466945	177.491258	
4.046342	177.066187	177.116012	177.519972	177.543618	
4.056443	177.120301	177.168372	177.574087	177.604705	
4.066549	177.173868	177.220732	177.627654	177.657065	
4.07666	177.226891	177.273092	177.680677	177.709424	
4.086856	177.279715	177.316725	177.733501	177.761784	
4.10542	177.37348	177.412718	177.827266	177.849051	
4.110008	177.396676	177.430172	177.850461	177.875231	
4.120165	177.447349	177.473805	177.901134	177.918864	
4.130264	177.497107	177.517438	177.950892	177.971224	
4.140512	177.547023	177.552345	178.000808	178.023584	
4.150635	177.595718	177.604705	178.049504	178.067217	
4.160778	177.643912	177.639611	178.097697	178.11085	
4.170899	177.691415	177.691971	178.145201	178.16321	
4.181026	177.738341	177.726878	178.192127	178.198117	
4.191219	177.784977	177.770511	178.238763	178.250477	
4.218018	177.902141	177.892684	178.355926	178.363923	
4.222589	177.922273	177.910137	178.376058	178.381376	
4.232779	177.966438	177.953771	178.420224	178.425009	
4.242917	178.009781	178.00613	178.463566	178.477369	
4.253273	178.053436	178.049764	178.507222	178.512276	
4.263329	178.095226	178.093397	178.549012	178.555909	
4.273402	178.136713	178.145757	178.590498	178.599542	
4.283576	178.177611	178.180663	178.631397	178.643176	
4.293713	178.21798	178.233023	178.671765	178.686809	
4.303933	178.25808	178.26793	178.711866	178.730442	
4.314184	178.297695	178.32029	178.75148	178.774075	
4.324283	178.336085	178.355196	178.789871	178.817709	
4.334865	178.375724	178.398829	178.82951	178.861342	
4.344755	178.412174	178.442463	178.865959	178.896248	
4.35511	178.449732	178.477369	178.903517	178.931155	
4.364883	178.484635	178.512276	178.93842	178.966061	
4.375111	178.520552	178.547182	178.974337	179.009695	
4.385157	178.555254	178.582089	179.009039	179.044601	
4.395299	178.589704	178.608269	179.043489	179.079508	
4.405462	178.62364	178.634449	179.077426	179.114414	
4.416878	178.660956	178.669356	179.114742	179.158048	
4.427042	178.693605	178.704262	179.14739	179.184228	
4.437103	178.725352	178.739169	179.179137	179.219134	
4.447256	178.756811	178.765349	179.210597	179.254041	
4.46607	178.812619	178.808982	179.266404	179.306401	
4.470634	178.826199	178.826435	179.279985	179.323854	
4.480791	178.85572	178.852615	179.309505	179.350034	
4.490948	178.884657	178.878795	179.338443	179.384941	
4.501061	178.912865	178.904975	179.366651	179.41112	
4.511289	178.940814	178.931155	179.3946	179.4373	
4.521478	178.96807	178.957335	179.421855	179.454754	
4.531597	178.994542	178.983515	179.448328	179.46348	
4.541749	179.020522	179.009695	179.474308	179.480934	
4.551895	179.045903	179.035875	179.499688	179.48966	
4.562004	179.07062	179.053328	179.524405	179.507114	
4.572179	179.094896	179.079508	179.548681	179.524567	
4.582351	179.118584	179.105688	179.57237	179.54202	
4.602523	179.16271	179.149321	179.616496	179.585653	
4.607138	179.17287	179.158048	179.626656	179.59438	
4.619464	179.199492	179.184228	179.653278	179.611833	
4.635311	179.230879	179.219134	179.684664	179.655467	
4.639866	179.240081	179.227861	179.693866	179.664193	
4.650006	179.259842	179.254041	179.713627	179.681646	
4.660129	179.279006	179.280221	179.732792	179.707826	
4.670402	179.297862	179.297674	179.751647	179.734006	
4.68063	179.316053	179.315127	179.769839	179.75146	
4.69069	179.333389	179.332581	179.787175	179.77764	
4.700868	179.350353	179.350034	179.804138	179.80382	
4.711025	179.366711	179.367487	179.820496	179.829999	
4.72392	179.386481	179.384941	179.840266	179.856179	
4.731323	179.39762	179.402394	179.851406	179.873633	
4.741593	179.412444	179.41112	179.86623	179.899813	
4.751827	179.426635	179.428574	179.88042	179.908539	
4.761749	179.439867	179.4373	179.893652	179.917266	
4.772271	179.453285	179.454754	179.907071	179.925993	
4.782112	179.465327	179.46348	179.919113	179.925993	
4.79224	179.477161	179.472207	179.930946	179.925993	
4.802442	179.488523	179.48966	179.942308	179.925993	
4.812568	179.499253	179.498387	179.953039	179.925993	
4.825225	179.511744	179.507114	179.96553	179.925993	
4.833531	179.519663	179.51584	179.973449	179.934719	
4.842979	179.528174	179.524567	179.98196	179.943446	
4.853103	179.536749	179.533294	179.990535	179.943446	
4.863388	179.54526	179.54202	179.999046	179.952173	
4.873582	179.552466	179.54202	180.006251	179.960899	
4.883728	179.559471	179.550747	180.013257	179.969626	
4.893929	179.56599	179.559473	180.019775	179.978352	
4.904027	179.57194	179.559473	180.025725	179.995806	
4.91411	179.577389	179.5682	180.031175	180.004532	
4.926164	179.583145	179.576927	180.03693	180.013259	
4.934513	179.586878	179.576927	180.040664	180.030712	
4.9447	179.590913	179.585653	180.044699	180.039439	
4.954821	179.594466	179.59438	180.048252	180.048166	
4.964929	179.597572	179.59438	180.051358	180.056892	
4.975314	179.600308	179.603107	180.054094	180.065619	
4.985241	179.602542	179.611833	180.056328	180.065619	
4.995399	179.604438	179.611833	180.058223	180.065619	
5.005537	179.605974	179.62056	180.05976	180.056892	
5.015673	179.61036	179.629287	180.064146	180.048166	
5.025831	179.61036	179.629287	180.064146	180.039439	
5.036097	179.61036	179.629287	180.064146	180.030712	
5.046147	179.61036	179.62056	180.064146	180.030712	
5.05682	179.61036	179.62056	180.064146	180.030712	
5.066471	179.61036	179.611833	180.064146	180.030712	
5.076793	179.61036	179.611833	180.064146	180.030712	
5.087051	179.61036	179.611833	180.064146	180.048166	
5.096928	179.61036	179.611833	180.064146	180.048166	
5.107062	179.61036	179.611833	180.064146	180.065619	
5.117163	179.61036	179.611833	180.064146	180.074346	
5.127603	179.61036	179.611833	180.064146	180.083072	
5.137539	179.61036	179.611833	180.064146	180.083072	
5.147639	179.61036	179.611833	180.064146	180.083072	
5.157847	179.61036	179.611833	180.064146	180.083072	
5.167959	179.61036	179.611833	180.064146	180.083072	
5.178116	179.61036	179.611833	180.064146	180.083072	
5.188238	179.61036	179.611833	180.064146	180.083072	
5.198452	179.61036	179.611833	180.064146	180.083072	
5.20866	179.61036	179.611833	180.064146	180.083072	
5.218742	179.61036	179.611833	180.064146	180.083072	
5.22887	179.61036	179.611833	180.064146	180.083072	
5.239091	179.61036	179.611833	180.064146	180.083072	
5.249192	179.61036	179.611833	180.064146	180.083072	
5.259369	179.61036	179.611833	180.064146	180.083072	
5.269513	179.61036	179.611833	180.064146	180.083072	
5.279697	179.61036	179.611833	180.064146	180.083072	
5.289793	179.61036	179.611833	180.064146	180.083072	
5.300001	179.61036	179.611833	180.064146	180.083072	
5.31015	179.61036	179.611833	180.064146	180.083072	
5.32031	179.61036	179.611833	180.064146	180.083072	
5.330451	179.61036	179.611833	180.064146	180.083072	
5.340636	179.61036	179.611833	180.064146	180.083072	
5.350729	179.61036	179.611833	180.064146	180.083072	
5.360849	179.61036	179.611833	180.064146	180.083072	
5.371046	179.61036	179.611833	180.064146	180.083072	
5.381185	179.61036	179.611833	180.064146	180.083072	
5.391366	179.61036	179.611833	180.064146	180.083072	
5.401693	179.61036	179.611833	180.064146	180.083072	
5.411842	179.61036	179.611833	180.064146	180.083072	
5.421994	179.61036	179.611833	180.064146	180.083072	
5.432142	179.61036	179.611833	180.064146	180.083072	
5.442251	179.61036	179.611833	180.064146	180.083072	
5.452445	179.61036	179.611833	180.064146	180.083072	
5.46261	179.61036	179.611833	180.064146	180.083072	
5.472801	179.61036	179.611833	180.064146	180.083072	
5.482919	179.61036	179.611833	180.064146	180.083072	
5.493037	179.61036	179.611833	180.064146	180.083072	
5.503331	179.61036	179.611833	180.064146	180.083072	
5.513374	179.61036	179.611833	180.064146	180.083072	
5.52352	179.61036	179.611833	180.064146	180.083072	
5.533673	179.61036	179.611833	180.064146	180.083072	
5.543758	179.61036	179.611833	180.064146	180.083072	
5.553905	179.61036	179.611833	180.064146	180.083072	
5.564038	179.61036	179.611833	180.064146	180.083072	
5.574175	179.61036	179.611833	180.064146	180.083072	
5.584335	179.61036	179.611833	180.064146	180.083072	
5.619738	179.61036	179.611833	180.064146	180.083072	
5.624506	179.61036	179.611833	180.064146	180.083072	
