0.03735136	
0.04211415	
0.05200972	
0.06215827	
0.07236183	
0.08250438	
0.09262694	
0.1032395	
0.112937	
0.1230716	
0.1332362	
0.1433437	
0.1534823	
0.1638808	
0.1740704	
0.1841119	
0.1942605	
0.204388	
0.2145746	
0.2247201	
0.2348357	
0.2450183	
0.2551818	
0.2652744	
0.2758269	
0.2855955	
0.295709	
0.3058426	
0.3160091	
0.3261347	
0.3362863	
0.3464098	
0.364465	
0.3687808	
0.3806123	
0.3907489	
0.4014264	
0.410996	
0.4211905	
0.4312681	
0.4414346	
0.4517992	
0.4616868	
0.4718133	
0.4819489	
0.4921624	
0.502296	
0.5124215	
0.5226521	
0.5327366	
0.5428692	
0.5530067	
0.5631383	
0.5733359	
0.5834674	
0.59361	
0.6038335	
0.6139091	
0.6240246	
0.6341632	
0.6442997	
0.6544843	
0.6645699	
0.6746854	
0.6854909	
0.6962525	
0.7160826	
0.7203864	
0.730551	
0.7407055	
0.7508371	
0.7609786	
0.7711252	
0.7812777	
0.7914403	
0.8017768	
0.8117824	
0.821838	
0.8320255	
0.8421661	
0.8523116	
0.8624702	
0.8729757	
0.8827783	
0.8929328	
0.9033304	
0.9134869	
0.9236445	
0.9338151	
0.9439856	
0.9540852	
0.9644967	
0.9743033	
0.9844588	
0.9946044	
1.004739	
1.014923	
1.025109	
1.035257	
1.045374	
1.05549	
1.06557	
1.075811	
1.085882	
1.096022	
1.106179	
1.116533	
1.126553	
1.144446	
1.148752	
1.158878	
1.169057	
1.179164	
1.189325	
1.199465	
1.209576	
1.219955	
1.229918	
1.240061	
1.250197	
1.260336	
1.27056	
1.280666	
1.290799	
1.300969	
1.311063	
1.321252	
1.331443	
1.34158	
1.351719	
1.361856	
1.371985	
1.38215	
1.392277	
1.402864	
1.412539	
1.423006	
1.432866	
1.443022	
1.453264	
1.463276	
1.473398	
1.48356	
1.493792	
1.50388	
1.513998	
1.524151	
1.534504	
1.54446	
1.554602	
1.564729	
1.574889	
1.585152	
1.59521	
1.605345	
1.615444	
1.625829	
1.635773	
1.645906	
1.656034	
1.666131	
1.676335	
1.686454	
1.70445	
1.708766	
1.718906	
1.729038	
1.739194	
1.749445	
1.759517	
1.769664	
1.779872	
1.789979	
1.800147	
1.810264	
1.820413	
1.83607	262.063396	262.061187	263.372393	263.370184	
1.846345	262.065311	262.061187	263.374308	263.370184	
1.856421	262.067791	262.061187	263.376788	263.370184	
1.874474	262.074627	262.061187	263.383624	263.370184	
1.879108	262.076321	262.061187	263.385318	263.370184	
1.889254	262.080822	262.069914	263.389819	263.378911	
1.899397	262.085938	262.069914	263.394935	263.387637	
1.909586	262.091702	262.07864	263.400699	263.396364	
1.919664	262.098006	262.07864	263.407003	263.405091	
1.929817	262.104983	262.07864	263.41398	263.422544	
1.940118	262.112701	262.087367	263.421698	263.431271	
1.950253	262.120904	262.096094	263.429901	263.439997	
1.960386	262.129722	262.096094	263.438719	263.457451	
1.970489	262.139123	262.096094	263.44812	263.474904	
1.980636	262.149186	262.096094	263.458183	263.492357	
1.990839	262.159935	262.10482	263.468932	263.501084	
2.001233	262.171536	262.10482	263.480533	263.50981	
2.011062	262.183064	262.113547	263.49206	263.50981	
2.021335	262.19577	262.122274	263.504767	263.50981	
2.031357	262.20875	262.131	263.517747	263.50981	
2.042539	262.224184	262.148454	263.533181	263.518537	
2.052713	262.23853	262.165907	263.547527	263.527264	
2.06289	262.253637	262.18336	263.562634	263.527264	
2.073023	262.269307	262.20954	263.578304	263.544717	
2.083144	262.285574	262.23572	263.594571	263.544717	
2.093375	262.302639	262.2619	263.611636	263.56217	
2.103431	262.320013	262.28808	263.62901	263.579624	
2.11492	262.340726	262.322987	263.649723	263.597077	
2.123833	262.357185	262.349167	263.666182	263.61453	
2.134224	262.377078	262.384073	263.686075	263.631984	
2.145302	262.399037	262.410253	263.708034	263.649437	
2.155454	262.419759	262.44516	263.728755	263.684343	
2.166318	262.442658	262.47134	263.751655	263.710523	
2.176424	262.464545	262.497519	263.773542	263.74543	
2.194862	262.507012	262.541153	263.816009	263.79779	
2.19942	262.517414	262.549879	263.826411	263.815243	
2.209509	262.541275	262.576059	263.850272	263.85015	
2.219707	262.566019	262.602239	263.875016	263.885056	
2.229826	262.591184	262.619693	263.90018	263.911236	
2.240025	262.617176	262.637146	263.926173	263.946143	
2.250246	262.643876	262.654599	263.952873	263.981049	
2.260428	262.671045	262.672052	263.980042	264.015956	
2.270639	262.698947	262.698232	264.007944	264.050863	
2.280724	262.7271	262.715686	264.036097	264.077042	
2.290839	262.755954	262.733139	264.064951	264.111949	
2.301038	262.785684	262.759319	264.09468	264.138129	
2.311191	262.815884	262.776772	264.124881	264.173036	
2.321321	262.846634	262.802952	264.155631	264.207942	
2.33146	262.878035	262.829132	264.187032	264.242849	
2.34162	262.910127	262.855312	264.219124	264.269029	
2.351849	262.943067	262.881492	264.252064	264.295209	
2.361991	262.976326	262.916399	264.285323	264.330115	
2.372192	263.010397	262.951305	264.319394	264.356295	
2.382324	263.044868	262.994938	264.353865	264.382475	
2.392389	263.07971	263.038572	264.388707	264.408655	
2.403204	263.1179	263.090931	264.426897	264.434835	
2.412702	263.151906	263.134565	264.460903	264.469742	
2.422894	263.189064	263.186925	264.498061	264.487195	
2.433007	263.226542	263.239284	264.535539	264.522101	
2.443166	263.264815	263.291644	264.573812	264.557008	
2.453487	263.304374	263.335278	264.613371	264.591915	
2.463519	263.343351	263.387637	264.652348	264.618095	
2.473657	263.383391	263.431271	264.692388	264.653001	
2.483908	263.424519	263.474904	264.733516	264.696634	
2.494258	263.466695	263.50981	264.775692	264.731541	
2.504095	263.507321	263.56217	264.816318	264.766448	
2.514243	263.549876	263.597077	264.858873	264.810081	
2.524382	263.593014	263.631984	264.902011	264.853714	
2.53453	263.636796	263.66689	264.945793	264.906074	
2.544654	263.681115	263.701797	264.990112	264.949707	
2.556001	263.7316	263.736703	265.040597	265.010794	
2.566119	263.777164	263.77161	265.086161	265.063154	
2.576394	263.82411	263.79779	265.133107	265.115513	
2.586366	263.870186	263.832696	265.179183	265.167873	
2.604825	263.958105	263.90251	265.267102	265.25514	
2.609375	263.97971	263.919963	265.288707	265.28132	
2.619504	264.028578	263.963596	265.337575	265.33368	
2.629692	264.078344	264.015956	265.387341	265.386039	
2.639772	264.128204	264.068316	265.437201	265.438399	
2.649961	264.179234	264.120676	265.488231	265.490759	
2.660417	264.232297	264.181762	265.541293	265.551846	
2.670315	264.283023	264.242849	265.59202	265.604206	
2.680424	264.335493	264.312662	265.64449	265.656565	
2.700223	264.441213	264.443562	265.75021	265.752559	
2.704754	264.465316	264.478468	265.774313	265.778738	
2.714893	264.520034	264.548281	265.829031	265.831098	
2.725108	264.57578	264.618095	265.884777	265.883458	
2.73525	264.631764	264.679181	265.940761	265.935818	
2.745337	264.688019	264.748994	265.997016	265.996905	
2.758387	264.762043	264.818807	266.07104	266.049265	
2.765975	264.805242	264.879894	266.114239	266.110351	
2.775767	264.861648	264.94098	266.170645	266.162711	
2.785933	264.920851	264.99334	266.229848	266.223797	
2.79609	264.980614	265.0457	266.289611	266.284884	
2.80624	265.04096	265.09806	266.349957	266.345971	
2.816329	265.101534	265.15042	266.410531	266.407057	
2.826621	265.164	265.20278	266.472997	266.47687	
2.836709	265.22582	265.246413	266.534817	266.537957	
2.846839	265.288501	265.290046	266.597498	266.599043	
2.859781	265.369783	265.33368	266.67878	266.668856	
2.867408	265.417851	265.377313	266.726848	266.729943	
2.877586	265.482677	265.429673	266.791674	266.791029	
2.887674	265.547594	265.482033	266.856591	266.860843	
2.897827	265.613525	265.551846	266.922522	266.921929	
2.908029	265.680445	265.612932	266.989442	266.983016	
2.918105	265.747086	265.682745	267.056082	267.052829	
2.928238	265.814734	265.752559	267.123731	267.113915	
2.938419	265.883353	265.831098	267.19235	267.183729	
2.94855	265.952236	265.909638	267.261233	267.244815	
2.958825	266.022743	265.988178	267.33174	267.314628	
2.968925	266.092705	266.075444	267.401702	267.384441	
2.979035	266.163245	266.162711	267.472242	267.454255	
2.989202	266.234832	266.249977	267.543829	267.524068	
2.999319	266.306708	266.337244	267.615705	267.593881	
3.009456	266.379322	266.42451	267.688319	267.672421	
3.019633	266.45286	266.511777	267.761857	267.742234	
3.029809	266.527019	266.590317	267.836015	267.820774	
3.03995	266.601509	266.668856	267.910506	267.899314	
3.050056	266.676398	266.747396	267.985395	267.977853	
3.060254	266.752574	266.817209	268.061571	268.06512	
3.070468	266.82951	266.887023	268.138507	268.14366	
3.08064	266.906727	266.965562	268.215724	268.222199	
3.090798	266.984705	267.026649	268.293701	268.309466	
3.101115	267.064077	267.087735	268.373074	268.396732	
3.111177	267.142284	267.157549	268.451281	268.466546	
3.121458	267.222881	267.209908	268.531878	268.553812	
3.131515	267.302283	267.279722	268.61128	268.632352	
3.141723	267.383524	267.340808	268.692521	268.710892	
3.151821	267.464489	267.401895	268.773486	268.798158	
3.161931	267.546172	267.471708	268.855169	268.876698	
3.172288	267.630543	267.541521	268.93954	268.955238	
3.182273	267.712382	267.620061	269.021379	269.025051	
3.192411	267.796155	267.698601	269.105152	269.103591	
3.202886	267.883448	267.785867	269.192445	269.182131	
3.213055	267.968721	267.88186	269.277718	269.269397	
3.222982	268.052497	267.977853	269.361494	269.33921	
3.233087	268.138463	268.06512	269.44746	269.41775	
3.243217	268.225223	268.16984	269.53422	269.505016	
3.253452	268.313566	268.274559	269.622563	269.583556	
3.263471	268.400616	268.370552	269.709613	269.670823	
3.274688	268.499365	268.483999	269.808362	269.758089	
3.284562	268.585922	268.588719	269.894919	269.845356	
3.294749	268.676312	268.693438	269.985309	269.932622	
3.304817	268.766305	268.798158	270.075301	270.028615	
3.315008	268.858032	268.885425	270.167029	270.124608	
3.325256	268.95085	268.990144	270.259847	270.229328	
3.335311	269.042529	269.094864	270.351526	270.325321	
3.345443	269.135528	269.199584	270.444525	270.421314	
3.355544	269.228909	269.28685	270.537906	270.526034	
3.365962	269.325882	269.39157	270.634879	270.630754	
3.377583	269.434891	269.49629	270.743888	270.752927	
3.387389	269.527299	269.583556	270.836296	270.857647	
3.397601	269.624268	269.670823	270.933265	270.962366	
3.407699	269.720755	269.758089	271.029752	271.058359	
3.417828	269.818125	269.845356	271.127122	271.163079	
3.428008	269.916637	269.932622	271.225634	271.259072	
3.438159	270.015457	270.019889	271.324454	271.363792	
3.448274	270.11455	270.107155	271.423546	271.468512	
3.458977	270.220168	270.203148	271.529165	271.573232	
3.469071	270.320274	270.299141	271.629271	271.669225	
3.480205	270.431607	270.403861	271.740604	271.773944	
3.490028	270.53021	270.491127	271.839207	271.869938	
3.500258	270.633653	270.595847	271.94265	271.957204	
3.510384	270.736626	270.700567	272.045623	272.053197	
3.520518	270.840297	270.805287	272.149294	272.14919	
3.530706	270.945176	270.910006	272.254173	272.236457	
3.540859	271.050281	271.014726	272.359278	272.341176	
3.551044	271.156351	271.136899	272.465348	272.428443	
3.561179	271.262494	271.250346	272.571491	272.533163	
3.571282	271.368956	271.363792	272.677953	272.629156	
3.582873	271.491995	271.503418	272.800992	272.742602	
3.592755	271.597332	271.608138	272.906328	272.847322	
3.602854	271.705967	271.730311	273.014964	272.952042	
3.613045	271.815556	271.852484	273.124553	273.065488	
3.623325	271.927142	271.965931	273.236139	273.178935	
3.633317	272.036042	272.079377	273.345039	273.292381	
3.643443	272.14529	272.192823	273.454287	273.414554	
3.653644	272.25473	272.30627	273.563727	273.536727	
3.663793	272.362996	272.41099	273.671993	273.6589	
3.674234	272.473777	272.515709	273.782774	273.781073	
3.685681	272.594388	272.637882	273.903385	273.929426	
3.695366	272.695841	272.742602	274.004838	274.042873	
3.705509	272.801547	272.847322	274.110543	274.165046	
3.715623	272.906389	272.952042	274.215386	274.287219	
3.725978	273.013098	273.056761	274.322095	274.409392	
3.735955	273.115186	273.144028	274.424183	274.522838	
3.746083	273.218302	273.248748	274.527299	274.636284	
3.756237	273.321135	273.344741	274.630132	274.749731	
3.766343	273.422791	273.440734	274.731788	274.854451	
3.78712	273.628767	273.60654	274.937764	275.055163	
3.791692	273.674037	273.667627	274.983034	275.098797	
3.801832	273.773992	273.76362	275.082989	275.19479	
3.812004	273.873613	273.859613	275.18261	275.282056	
3.822141	273.972286	273.946879	275.281283	275.360596	
3.832391	274.071475	274.051599	275.380472	275.447863	
3.842445	274.168082	274.147592	275.477079	275.517676	
3.852611	274.26524	274.243585	275.574237	275.596216	
3.862784	274.361798	274.348305	275.670795	275.674755	
3.872904	274.457279	274.435572	275.766276	275.744569	
3.883106	274.552956	274.540291	275.861953	275.814382	
3.893296	274.647881	274.636284	275.956878	275.892922	
3.911838	274.818138	274.732278	276.127135	276.041274	
3.916379	274.859876	274.854451	276.168873	276.076181	
3.926617	274.953192	274.95917	276.262189	276.154721	
3.937149	275.048608	275.06389	276.357605	276.250714	
3.947034	275.137511	275.151157	276.446508	276.33798	
3.957948	275.235046	275.255876	276.544043	276.4427	
3.967309	275.318131	275.351869	276.627128	276.529967	
3.977435	275.407437	275.447863	276.716434	276.634686	
3.989322	275.511476	275.535129	276.820473	276.748133	
3.997832	275.585471	275.631122	276.894468	276.852853	
4.007908	275.672522	275.727115	276.981519	276.966299	
4.018095	275.759919	275.814382	277.068916	277.071019	
4.028232	275.846284	275.901648	277.155281	277.184465	
4.038419	275.93248	275.988915	277.241477	277.289185	
4.048558	276.017658	276.067454	277.326655	277.393905	
4.058707	276.102306	276.145994	277.411303	277.498624	
4.068865	276.18643	276.233261	277.495427	277.594618	
4.07903	276.270013	276.303074	277.57901	277.690611	
4.089199	276.352997	276.381614	277.661994	277.786604	
4.099425	276.435877	276.460154	277.744874	277.87387	
4.109775	276.519105	276.529967	277.828102	277.95241	
4.128707	276.668737	276.669593	277.977734	278.092036	
4.133229	276.704558	276.7045	278.013555	278.126943	
4.143405	276.784412	276.774313	278.093409	278.188029	
4.153569	276.863472	276.844126	278.172469	278.257843	
4.164429	276.947366	276.922666	278.256363	278.310203	
4.173837	277.019405	277.001206	278.328402	278.380016	
4.184357	277.099408	277.079745	278.408405	278.432376	
4.196175	277.18842	277.158285	278.497417	278.493462	
4.204268	277.249003	277.236825	278.558	278.545822	
4.214405	277.324309	277.315365	278.633306	278.606908	
4.224597	277.399376	277.393905	278.708373	278.659268	
4.234707	277.473257	277.481171	278.782254	278.729082	
4.24486	277.546846	277.559711	278.855843	278.790168	
4.255142	277.620759	277.638251	278.929756	278.851255	
4.265244	277.692751	277.716791	279.001748	278.921068	
4.275334	277.764081	277.786604	279.073078	278.982154	
4.28553	277.835562	277.865144	279.144559	279.051967	
4.297396	277.917879	277.943683	279.226876	279.130507	
4.305819	277.975946	278.013497	279.284943	279.209047	
4.315971	278.045268	278.08331	279.354265	279.287587	
4.326076	278.113691	278.153123	279.422688	279.366127	
4.336189	278.181583	278.214209	279.49058	279.444667	
4.346367	278.249309	278.275296	279.558306	279.531933	
4.356613	278.316857	278.345109	279.625854	279.619199	
4.366719	278.382876	278.406196	279.691872	279.706466	
4.376867	278.448577	278.467282	279.757574	279.793732	
4.387025	278.513739	278.519642	279.822736	279.880999	
4.397223	278.578547	278.580729	279.887544	279.959539	
4.407409	278.642679	278.641815	279.951676	280.038078	
4.417502	278.705619	278.694175	280.014616	280.107892	
4.427636	278.768213	278.763988	280.07721	280.177705	
4.437811	278.830478	278.816348	280.139475	280.247518	
4.447973	278.892018	278.877435	280.201015	280.308605	
4.459007	278.958178	278.938521	280.267174	280.369691	
4.468254	279.013085	278.999608	280.322082	280.430778	
4.478346	279.072429	279.060694	280.381426	280.474411	
4.48848	279.131424	279.113054	280.440421	280.535497	
4.498661	279.190087	279.182867	280.499084	280.579131	
4.508904	279.248514	279.243954	280.557511	280.63149	
4.519115	279.3061	279.30504	280.615097	280.68385	
4.52924	279.362639	279.366127	280.671636	280.718757	
4.539363	279.418563	279.427213	280.72756	280.771117	
4.549603	279.474517	279.4883	280.783514	280.81475	
4.559691	279.529063	279.549386	280.83806	280.858383	
4.569873	279.583483	279.601746	280.89248	280.89329	
4.580057	279.637355	279.654106	280.946352	280.936923	
4.590156	279.690129	279.706466	280.999126	280.980556	
4.600311	279.742635	279.758826	281.051632	281.02419	
4.610576	279.795096	279.802459	281.104093	281.059096	
4.620653	279.845961	279.846092	281.154957	281.102729	
4.630863	279.896906	279.889725	281.205903	281.137636	
4.640989	279.946848	279.933359	281.255845	281.189996	
4.651085	279.996069	279.985719	281.305066	281.233629	
4.66128	280.04513	280.029352	281.354127	281.277262	
4.671411	280.093308	280.072985	281.402305	281.320895	
4.681543	280.140884	280.116618	281.449881	281.373255	
4.70157	280.232051	280.203885	281.541047	281.486702	
4.708021	280.26143	280.230065	281.570427	281.504155	
4.716378	280.299004	280.264971	281.608001	281.565242	
4.726436	280.343599	280.317331	281.652596	281.617601	
4.744416	280.421078	280.404598	281.730075	281.722321	
4.7489	280.440438	280.430778	281.749435	281.748501	
4.759122	280.48384	280.474411	281.792837	281.800861	
4.769256	280.526264	280.526771	281.835261	281.853221	
4.779436	280.568303	280.570404	281.8773	281.905581	
4.789645	280.609834	280.614037	281.918831	281.957941	
4.799707	280.650197	280.666397	281.959194	282.010301	
4.812212	280.700402	280.71003	282.009399	282.045207	
4.820075	280.730006	280.753663	282.039003	282.097567	
4.830203	280.768843	280.78857	282.07784	282.1412	
4.840343	280.807135	280.832203	282.116132	282.184833	
4.850441	280.844671	280.875837	282.153668	282.21974	
4.860642	280.881997	280.902016	282.190994	282.24592	
4.870814	280.918621	280.936923	282.227617	282.263373	
4.880964	280.954576	280.963103	282.263572	282.280827	
4.891089	280.989849	280.99801	282.298845	282.307007	
4.90124	281.024611	281.032916	282.333608	282.32446	
4.913534	281.065791	281.059096	282.374788	282.341913	
4.921597	281.092494	281.085276	282.401491	282.359366	
4.931699	281.125319	281.120183	282.434316	282.385546	
4.941901	281.157868	281.137636	282.466865	282.411726	
4.952008	281.189533	281.172542	282.49853	282.42918	
4.962188	281.220849	281.189996	282.529846	282.464086	
4.97231	281.251375	281.216176	282.560372	282.490266	
4.982687	281.282063	281.242356	282.59106	282.516446	
4.992736	281.31121	281.277262	282.620207	282.551353	
5.002959	281.340245	281.312169	282.649242	282.586259	
5.013148	281.368613	281.338349	282.67761	282.612439	
5.023284	281.396236	281.364529	282.705233	282.647346	
5.033399	281.423221	281.399435	282.732218	282.690979	
5.043532	281.449659	281.434342	282.758656	282.725886	
5.053775	281.475801	281.469248	282.784798	282.760792	
5.064232	281.501863	281.504155	282.81086	282.804425	
5.073967	281.525579	281.539062	282.834576	282.839332	
5.084369	281.550326	281.573968	282.859323	282.882965	
5.094263	281.573291	281.608875	282.882288	282.917872	
5.104392	281.596234	281.643781	282.905231	282.952778	
5.114559	281.618682	281.678688	282.927679	282.987685	
5.124993	281.641102	281.704868	282.950099	283.022592	
5.134995	281.662008	281.731048	282.971005	283.048771	
5.145143	281.682655	281.748501	282.991652	283.066225	
5.155233	281.702617	281.757228	283.011614	283.083678	
5.166552	281.724263	281.765954	283.03326	283.092405	
5.175466	281.740905	281.765954	283.049902	283.101131	
5.185603	281.759231	281.783408	283.068228	283.101131	
5.195764	281.77703	281.783408	283.086027	283.101131	
5.205901	281.794205	281.800861	283.103202	283.101131	
5.216067	281.810867	281.800861	283.119864	283.092405	
5.226815	281.827821	281.818314	283.136818	283.101131	
5.236671	281.842847	281.818314	283.151844	283.101131	
5.246777	281.857688	281.835768	283.166685	283.109858	
5.256886	281.871976	281.835768	283.180973	283.109858	
5.267217	281.885987	281.853221	283.194984	283.118585	
5.277405	281.899234	281.853221	283.208231	283.127311	
5.287518	281.91184	281.870674	283.220836	283.144765	
5.297706	281.923964	281.879401	283.232961	283.153491	
5.307806	281.935444	281.888127	283.244441	283.170944	
5.317993	281.946458	281.905581	283.255455	283.197124	
5.329544	281.958199	281.923034	283.267196	283.214578	
5.339453	281.967782	281.940487	283.276779	283.232031	
5.349669	281.97711	281.957941	283.286107	283.258211	
5.359742	281.985779	281.975394	283.294775	283.284391	
5.369861	281.993955	282.001574	283.302952	283.301844	
5.38189	282.002894	282.019027	283.311891	283.336751	
5.390155	282.008725	282.045207	283.317722	283.354204	
5.400358	282.015379	282.06266	283.324375	283.371657	
5.410547	282.021505	282.080114	283.330502	283.389111	
5.420648	282.02708	282.080114	283.336077	283.406564	
5.432358	282.032833	282.08884	283.34183	283.415291	
5.442104	282.037218	282.097567	283.346215	283.415291	
5.452396	282.041349	282.097567	283.350346	283.415291	
5.462472	282.044938	282.080114	283.353935	283.415291	
5.472844	282.048213	282.080114	283.35721	283.406564	
5.482743	282.050829	282.071387	283.359826	283.406564	
5.49289	282.053153	282.06266	283.36215	283.397837	
5.503369	282.05513	282.045207	283.364127	283.389111	
5.513263	282.056668	282.03648	283.365665	283.371657	
5.523374	282.061187	282.027754	283.370184	283.354204	
5.535014	282.061187	282.010301	283.370184	283.336751	
5.5448	282.061187	282.010301	283.370184	283.319297	
5.55702	282.061187	282.010301	283.370184	283.301844	
5.575751	282.061187	282.027754	283.370184	283.301844	
5.585753	282.061187	282.027754	283.370184	283.301844	
5.590669	282.061187	282.045207	283.370184	283.301844	
5.600859	282.061187	282.045207	283.370184	283.310571	
5.611152	282.061187	282.06266	283.370184	283.319297	
5.621285	282.061187	282.080114	283.370184	283.336751	
5.633113	282.061187	282.080114	283.370184	283.345477	
5.641577	282.061187	282.097567	283.370184	283.371657	
5.651885	282.061187	282.106294	283.370184	283.389111	
5.662128	282.061187	282.11502	283.370184	283.406564	
5.672347	282.061187	282.106294	283.370184	283.424017	
5.682528	282.061187	282.106294	283.370184	283.432744	
5.692726	282.061187	282.097567	283.370184	283.441471	
5.702899	282.061187	282.08884	283.370184	283.441471	
5.713162	282.061187	282.080114	283.370184	283.441471	
5.723376	282.061187	282.06266	283.370184	283.432744	
5.741917	282.061187	282.045207	283.370184	283.406564	
5.746792	282.061187	282.03648	283.370184	283.406564	
5.757011	282.061187	282.027754	283.370184	283.389111	
5.767295	282.061187	282.010301	283.370184	283.371657	
5.777413	282.061187	282.010301	283.370184	283.345477	
5.787611	282.061187	282.010301	283.370184	283.336751	
5.79787	282.061187	282.010301	283.370184	283.319297	
5.808019	282.061187	282.027754	283.370184	283.301844	
5.83513	282.061187	282.053934	283.370184	283.301844	
5.839928	282.061187	282.06266	283.370184	283.310571	
5.85013	282.061187	282.080114	283.370184	283.319297	
5.860363	282.061187	282.097567	283.370184	283.328024	
5.870557	282.061187	282.106294	283.370184	283.336751	
5.880788	282.061187	282.11502	283.370184	283.362931	
5.891032	282.061187	282.11502	283.370184	283.371657	
5.901197	282.061187	282.11502	283.370184	283.397837	
5.91148	282.061187	282.11502	283.370184	283.406564	
5.921687	282.061187	282.106294	283.370184	283.424017	
5.931909	282.061187	282.097567	283.370184	283.432744	
5.942152	282.061187	282.080114	283.370184	283.432744	
5.952354	282.061187	282.06266	283.370184	283.432744	
5.962549	282.061187	282.045207	283.370184	283.432744	
5.972774	282.061187	282.03648	283.370184	283.424017	
5.982963	282.061187	282.019027	283.370184	283.406564	
5.993191	282.061187	282.010301	283.370184	283.397837	
6.003408	282.061187	282.001574	283.370184	283.380384	
6.021964	282.061187	281.992847	283.370184	283.354204	
6.035139	282.061187	282.001574	283.370184	283.328024	
6.039953	282.061187	282.010301	283.370184	283.319297	
6.050188	282.061187	282.019027	283.370184	283.301844	
6.060436	282.061187	282.027754	283.370184	283.301844	
6.070627	282.061187	282.045207	283.370184	283.301844	
6.080855	282.061187	282.06266	283.370184	283.301844	
6.091101	282.061187	282.080114	283.370184	283.310571	
6.101279	282.061187	282.097567	283.370184	283.319297	
6.11152	282.061187	282.11502	283.370184	283.336751	
6.121927	282.061187	282.132474	283.370184	283.345477	
6.131925	282.061187	282.132474	283.370184	283.371657	
6.142178	282.061187	282.132474	283.370184	283.389111	
6.152377	282.061187	282.132474	283.370184	283.406564	
6.162666	282.061187	282.11502	283.370184	283.424017	
6.172992	282.061187	282.11502	283.370184	283.432744	
6.18304	282.061187	282.097567	283.370184	283.441471	
6.193262	282.061187	282.080114	283.370184	283.441471	
6.203473	282.061187	282.06266	283.370184	283.441471	
6.213861	282.061187	282.03648	283.370184	283.432744	
6.242778	282.061187	281.992847	283.370184	283.406564	
6.248084	282.061187	281.975394	283.370184	283.389111	
6.264149	282.061187	281.975394	283.370184	283.371657	
