0.03737236	
0.04194716	
0.05206771	
0.0705539	
0.07500271	
0.08505927	
0.09520982	
0.1053974	
0.1156709	
0.1256525	
0.135812	
0.1459816	
0.1561081	
0.1662237	
0.1764713	
0.1865648	
0.1966964	
0.2068439	
0.2170215	
0.227194	
0.2373406	
0.2474441	
0.2576567	
0.2677102	
0.2779088	
0.2880833	
0.2982599	
0.3083925	
0.318662	
0.3286636	
0.3388361	
0.3489687	
0.3591302	
0.3692128	
0.3794443	
0.3895659	
0.3996814	
0.409847	
0.4199606	
0.4301001	
0.4402737	
0.4504002	
0.4605048	
0.4707023	
0.4808869	
0.4989891	
0.5033459	
0.5135854	
0.523616	
0.5338246	
0.5439571	
0.5541257	
0.5642712	
0.5743748	
0.5845783	
0.5947259	
0.6048634	
0.615047	
0.6251375	
0.6355411	
0.6454537	
0.6556152	
0.6658098	
0.6759263	
0.6860579	
0.6979064	
0.7079769	
0.7197304	
0.7298669	
0.7402535	
0.7501201	
0.7602946	
0.7704242	
0.7805337	
0.7906783	
0.8009018	
0.8110044	
0.8211519	
0.8312635	
0.8414111	
0.8515436	
0.8616942	
0.8717927	
0.8820133	
0.8921208	
0.910557	
0.9151688	
0.9250424	
0.9352579	
0.9453725	
0.955557	
0.9656716	
0.9757832	
0.9860197	
0.9960703	
1.006259	
1.016452	
1.026574	
1.036733	
1.046863	
1.057071	
1.067245	
1.077353	
1.087497	
1.097717	
1.107792	
1.118184	
1.128372	
1.138456	
1.148603	
1.15876	
1.168897	
1.179102	
1.18917	
1.199299	
1.209861	
1.227661	
1.232769	
1.242211	
1.252369	
1.26242	
1.272597	
1.282747	
1.292901	
1.303078	
1.31321	
1.32333	
1.333516	
1.343888	
1.3539	
1.363986	
1.374096	
1.384336	
1.394404	
1.404637	
1.41477	
1.430508	199.580713	199.5784	200.104312	200.101999	
1.435529	199.581369	199.5784	200.104968	200.101999	
1.445653	199.583553	199.5784	200.107151	200.110725	
1.455779	199.586352	199.5784	200.109951	200.110725	
1.465928	199.589776	199.5784	200.113374	200.110725	
1.476122	199.593842	199.587127	200.117441	200.110725	
1.48624	199.598485	199.595853	200.122084	200.119452	
1.496439	199.603797	199.595853	200.127396	200.119452	
1.506574	199.609687	199.595853	200.133286	200.119452	
1.516688	199.616178	199.60458	200.139777	200.128179	
1.52684	199.623314	199.613307	200.146913	200.136905	
1.53727	199.631315	199.613307	200.154914	200.145632	
1.547247	199.639537	199.613307	200.163136	200.154359	
1.567433	199.659254	199.622033	200.182853	200.171812	
1.571974	199.663592	199.63076	200.187191	200.171812	
1.582149	199.674161	199.63076	200.19776	200.180539	
1.600261	199.695269	199.639486	200.218868	200.197992	
1.604818	199.700519	199.648213	200.224118	200.206718	
1.614979	199.713044	199.648213	200.236643	200.215445	
1.625111	199.726131	199.665666	200.24973	200.224172	
1.638513	199.744683	199.68312	200.268282	200.241625	
1.645472	199.754441	199.691846	200.27804	200.259078	
1.65563	199.769435	199.7093	200.293034	200.267805	
1.665834	199.785117	199.726753	200.308716	200.276532	
1.675905	199.801203	199.744206	200.324801	200.293985	
1.686108	199.818121	199.770386	200.341719	200.311438	
1.696312	199.835672	199.787839	200.359271	200.328892	
1.706427	199.85368	199.814019	200.377278	200.346345	
1.716559	199.872332	199.831473	200.395931	200.363798	
1.726679	199.89158	199.857653	200.415179	200.389978	
1.739734	199.917572	199.883833	200.44117	200.407431	
1.747155	199.932518	199.910013	200.456117	200.433611	
1.757191	199.95344	199.936192	200.477039	200.459791	
1.767366	199.975281	199.962372	200.49888	200.485971	
1.777492	199.997622	199.988552	200.521221	200.512151	
1.787697	200.020767	200.014732	200.544366	200.538331	
1.797826	200.044357	200.032186	200.567956	200.573238	
1.807982	200.068625	200.067092	200.592224	200.599418	
1.818112	200.093448	200.084545	200.617047	200.625598	
1.828593	200.12007	200.119452	200.643669	200.660504	
1.840829	200.151555	200.145632	200.675154	200.686684	
1.848656	200.172097	200.171812	200.695696	200.721591	
1.85879	200.199401	200.197992	200.723	200.747771	
1.868913	200.22729	200.224172	200.750888	200.782677	
1.878999	200.255685	200.250352	200.779284	200.808857	
1.88916	200.284932	200.276532	200.808531	200.835037	
1.899411	200.315047	200.311438	200.838646	200.869944	
1.909494	200.34527	200.328892	200.868868	200.896124	
1.919631	200.376278	200.363798	200.899877	200.922303	
1.929815	200.40807	200.389978	200.931669	200.948483	
1.940116	200.440862	200.416158	200.96446	200.974663	
1.952157	200.480154	200.451065	201.003753	201.00957	
1.960266	200.506856	200.485971	201.030455	201.03575	
1.970352	200.540783	200.512151	201.064382	201.06193	
1.980485	200.575482	200.547058	201.099081	201.096836	
1.990655	200.61094	200.581964	201.134539	201.131743	
2.000922	200.647372	200.625598	201.17097	201.16665	
2.011021	200.683792	200.660504	201.207391	201.201556	
2.021155	200.720971	200.695411	201.24457	201.236463	
2.031274	200.758709	200.730317	201.282308	201.271369	
2.041653	200.798082	200.773951	201.321681	201.306276	
2.05169	200.836757	200.808857	201.360356	201.341183	
2.061798	200.876293	200.85249	201.399892	201.384816	
2.071932	200.916555	200.896124	201.440154	201.428449	
2.082082	200.957483	200.939757	201.481082	201.472082	
2.100583	201.034652	201.018297	201.558251	201.550622	
2.105134	201.053557	201.044477	201.577156	201.576802	
2.115377	201.096947	201.079383	201.620546	201.620435	
2.12548	201.140314	201.131743	201.663912	201.672795	
2.13563	201.184536	201.175376	201.708135	201.716428	
2.145861	201.229725	201.219009	201.753324	201.760062	
2.156101	201.275614	201.262643	201.799213	201.803695	
2.166151	201.321203	201.306276	201.844802	201.856055	
2.176371	201.368218	201.358636	201.891816	201.899688	
2.186447	201.415175	201.402269	201.938774	201.943321	
2.196622	201.463218	201.445902	201.986816	201.995681	
2.206811	201.511969	201.498262	202.035568	202.039314	
2.216926	201.560935	201.541895	202.084534	202.091674	
2.227133	201.611013	201.594255	202.134612	202.135307	
2.237674	201.663392	201.637888	202.186991	202.187667	
2.247796	201.714286	201.690248	202.237885	202.2313	
2.258038	201.766447	201.742608	202.290046	202.28366	
2.268134	201.818415	201.794968	202.342014	202.33602	
2.278334	201.871588	201.847328	202.395187	202.38838	
2.288513	201.925241	201.899688	202.44884	202.44074	
2.298743	201.979835	201.952048	202.503434	202.4931	
2.308775	202.033927	202.013134	202.557526	202.54546	
2.318914	202.089244	202.074221	202.612842	202.59782	
2.329006	202.144914	202.126581	202.668513	202.650179	
2.339251	202.202051	202.187667	202.72565	202.711266	
2.349311	202.258775	202.248754	202.782374	202.772352	
2.359747	202.318296	202.301114	202.841894	202.833439	
2.369901	202.376778	202.370927	202.900377	202.894526	
2.379988	202.435501	202.423287	202.959099	202.946885	
2.390131	202.49515	202.484373	203.018749	203.016699	
2.400319	202.555724	202.54546	203.079323	203.077785	
2.410434	202.616446	202.615273	203.140045	203.138872	
2.420572	202.677917	202.676359	203.201516	203.199958	
2.430783	202.740496	202.737446	203.264094	203.261045	
2.44091	202.803147	202.798532	203.326746	203.330858	
2.451365	202.868514	202.859619	203.392112	203.400671	
2.461256	202.930944	202.929432	203.454543	203.461758	
2.471338	202.995144	202.990519	203.518743	203.522844	
2.481502	203.060488	203.051605	203.584087	203.592657	
2.491606	203.126077	203.121418	203.649676	203.653744	
2.5018	203.192889	203.182505	203.716488	203.723557	
2.511913	203.259748	203.243591	203.783347	203.784643	
2.522082	203.327641	203.313405	203.851239	203.854457	
2.540173	203.450788	203.426851	203.974387	203.967903	
2.544673	203.481322	203.453031	204.004921	203.994083	
2.55486	203.551339	203.522844	204.074938	204.063896	
2.56508	203.62221	203.601384	204.145809	204.133709	
2.575221	203.693369	203.66247	204.216968	204.203522	
2.58539	203.764841	203.74101	204.28844	204.273336	
2.59566	203.83791	203.810823	204.361509	204.343149	
2.605755	203.910339	203.889363	204.433938	204.412962	
2.616035	203.984802	203.967903	204.5084	204.491502	
2.626117	204.058361	204.046443	204.58196	204.570042	
2.636519	204.134946	204.116256	204.658544	204.648581	
2.646417	204.208362	204.186069	204.731961	204.727121	
2.656561	204.284259	204.273336	204.807858	204.796934	
2.666818	204.361674	204.343149	204.885273	204.875474	
2.67691	204.438344	204.430415	204.961942	204.954014	
2.687087	204.516352	204.500228	205.039951	205.041281	
2.697252	204.594889	204.578768	205.118487	205.111094	
2.707384	204.673777	204.657308	205.197376	205.189634	
2.717578	204.753766	204.744575	205.277365	205.268173	
2.727703	204.833859	204.814388	205.357457	205.346713	
2.737941	204.915477	204.901654	205.439076	205.425253	
2.74798	204.99606	204.980194	205.519659	205.512519	
2.758118	205.078066	205.058734	205.601664	205.591059	
2.768541	205.16312	205.146	205.686718	205.669599	
2.778655	205.246118	205.22454	205.769717	205.756866	
2.788775	205.329847	205.30308	205.853446	205.835405	
2.798959	205.414754	205.390346	205.938353	205.913945	
2.809045	205.49947	205.468886	206.023068	206.001212	
2.819306	205.586232	205.556153	206.109831	206.088478	
2.829458	205.672696	205.643419	206.196294	206.167018	
2.839571	205.759482	205.730686	206.283081	206.254284	
2.849766	205.847573	205.817952	206.371172	206.341551	
2.860088	205.937396	205.905219	206.460995	206.428817	
2.871195	206.034905	206.009938	206.558504	206.533537	
2.881296	206.124021	206.105931	206.64762	206.620803	
2.891482	206.214601	206.193198	206.7382	206.716797	
2.901578	206.3049	206.280464	206.828498	206.804063	
2.911792	206.397011	206.367731	206.920609	206.900056	
2.921918	206.488859	206.472451	207.012458	206.996049	
2.932058	206.581507	206.559717	207.105106	207.083316	
2.942253	206.675246	206.65571	207.198845	207.179309	
2.954447	206.788407	206.751703	207.312006	207.275302	
2.962867	206.866755	206.856423	207.390354	207.380022	
2.974082	206.972125	206.961143	207.495724	207.484741	
2.984153	207.067204	207.065862	207.590803	207.580735	
2.994484	207.165464	207.161856	207.689063	207.676728	
3.004479	207.26106	207.257849	207.784659	207.781447	
3.014609	207.358596	207.362568	207.882195	207.877441	
3.024809	207.457482	207.458562	207.981081	207.973434	
3.034981	207.556648	207.554555	208.080247	208.078153	
3.045107	207.655998	207.659274	208.179597	208.182873	
3.055276	207.756731	207.755268	208.28033	208.278866	
3.065426	207.857247	207.851261	208.380845	208.383586	
3.077165	207.97484	207.95598	208.498439	208.497032	
3.087011	208.07383	208.0607	208.597428	208.601752	
3.097181	208.176831	208.16542	208.70043	208.697745	
3.107426	208.281173	208.27014	208.804772	208.802465	
3.11767	208.386176	208.366133	208.909775	208.898458	
3.127637	208.488897	208.470853	209.012496	209.003178	
3.137885	208.595142	208.575572	209.118741	209.107898	
3.148011	208.700765	208.680292	209.224364	209.212617	
3.158148	208.80713	208.785012	209.330729	209.317337	
3.168438	208.918211	208.898458	209.44181	209.422057	
3.179937	209.037943	209.020631	209.561542	209.54423	
3.189691	209.142018	209.125351	209.665617	209.64895	
3.199838	209.251005	209.238797	209.774604	209.75367	
3.210052	209.361406	209.352244	209.885005	209.867116	
3.220146	209.473003	209.456964	209.996601	209.980562	
3.230314	209.582093	209.57041	210.105692	210.094009	
3.240512	209.692278	209.683856	210.215877	210.207455	
3.250603	209.800674	209.806029	210.324273	210.320902	
3.268744	209.993175	209.910749	210.516774	210.521614	
3.273323	210.041793	210.050375	210.565391	210.573974	
3.283836	210.152709	210.172549	210.676308	210.696147	
3.293699	210.256089	210.285995	210.779688	210.800867	
3.303848	210.3619	210.399441	210.885499	210.914313	
3.31406	210.467821	210.504161	210.991419	211.02776	
3.324137	210.571691	210.626334	211.09529	211.13248	
3.33432	210.675965	210.731054	211.199563	211.237199	
3.344502	210.779675	210.835774	211.303273	211.341919	
3.356388	210.899913	210.931767	211.423512	211.464092	
3.364737	210.983916	211.02776	211.507514	211.542632	
3.374902	211.08564	211.13248	211.609239	211.638625	
3.38542	211.190299	211.219746	211.713897	211.743345	
3.403179	211.364529	211.376826	211.888128	211.917878	
3.40773	211.409253	211.429186	211.932852	211.952784	
3.417992	211.509295	211.516452	212.032893	212.048777	
3.427987	211.606139	211.603719	212.129738	212.144771	
3.438207	211.705063	211.690985	212.228662	212.232037	
3.448393	211.802034	211.778251	212.325633	212.32803	
3.458512	211.898294	211.865518	212.421893	212.415297	
3.468667	211.994227	211.961511	212.517826	212.502563	
3.478769	212.089132	212.057504	212.61273	212.598556	
3.489328	212.187624	212.153497	212.711223	212.685823	
3.499497	212.281796	212.24949	212.805394	212.781816	
3.509644	212.375237	212.35421	212.898836	212.877809	
3.519746	212.467661	212.450203	212.99126	212.965075	
3.533824	212.599273	212.546196	213.122872	213.069795	
3.54008	212.651576	212.642189	213.175175	213.165788	
3.550208	212.742401	212.738183	213.266	213.261781	
3.560393	212.833095	212.842902	213.356694	213.357774	
3.570476	212.922299	212.947622	213.445898	213.453768	
3.580638	213.011615	213.043615	213.535213	213.558487	
3.590941	213.101571	213.139608	213.625169	213.65448	
3.601035	213.188968	213.235601	213.712567	213.750473	
3.611188	213.276352	213.331594	213.799951	213.846467	
3.621312	213.362914	213.418861	213.886513	213.94246	
3.631689	213.450926	213.506127	213.974525	214.029726	
3.641626	213.534642	213.584667	214.058241	214.116993	
3.651764	213.619447	213.663207	214.143045	214.204259	
3.661895	213.703578	213.750473	214.227176	214.291526	
3.672015	213.787037	213.820287	214.310636	214.370065	
3.700987	214.019427	213.977366	214.543026	214.579505	
3.705572	214.056337	214.064633	214.579936	214.614411	
3.715712	214.137341	214.134446	214.66094	214.684225	
3.725867	214.217887	214.204259	214.741485	214.745311	
3.736747	214.303418	214.291526	214.827016	214.815124	
3.746165	214.376934	214.361339	214.900533	214.884938	
3.756264	214.455185	214.448605	214.978784	214.954751	
3.766402	214.533123	214.518418	215.056721	215.03329	
3.776634	214.611192	214.605685	215.134791	215.103104	
3.786721	214.68753	214.675498	215.211129	215.181643	
3.79725	214.766574	214.762764	215.290173	215.26891	
3.807361	214.842074	214.850031	215.365673	215.338723	
3.817532	214.916975	214.928571	215.440573	215.42599	
3.827666	214.991204	215.007111	215.514802	215.513256	
3.837815	215.064963	215.08565	215.588562	215.591796	
3.848007	215.138443	215.16419	215.662042	215.679062	
3.858187	215.211535	215.251457	215.735134	215.757602	
3.868324	215.28301	215.32127	215.806609	215.844869	
3.878412	215.353906	215.391083	215.877505	215.923408	
3.888725	215.425791	215.469623	215.94939	216.001948	
3.899178	215.497975	215.539436	216.021574	216.071761	
3.9091	215.565914	215.600522	216.089513	216.150301	
3.919099	215.633783	215.670336	216.157381	216.220114	
3.929192	215.70166	215.740149	216.225259	216.281201	
3.939903	215.773047	215.809962	216.296645	216.351014	
3.94956	215.836858	215.862322	216.360457	216.412101	
3.959999	215.905231	215.923408	216.42883	216.473187	
3.970357	215.972399	215.984495	216.495998	216.534274	
3.980256	216.036027	216.045581	216.559626	216.59536	
3.990459	216.100987	216.106668	216.624586	216.64772	
4.001023	216.167616	216.159028	216.691215	216.708807	
4.010886	216.229205	216.220114	216.752804	216.761166	
4.020936	216.291382	216.272474	216.814981	216.813526	
4.031086	216.353588	216.333561	216.877187	216.874613	
4.049318	216.46296	216.438281	216.986559	216.970606	
4.053892	216.490418	216.473187	217.014017	216.996786	
4.064059	216.550769	216.534274	217.074367	217.057872	
4.074266	216.610731	216.59536	217.13433	217.118959	
4.084324	216.669218	216.656447	217.192816	217.180045	
4.09452	216.72792	216.717533	217.251519	217.241132	
4.105032	216.787783	216.787346	217.311382	217.302219	
4.115155	216.844808	216.848433	217.368407	217.363305	
4.125298	216.901357	216.909519	217.424956	217.433118	
4.135478	216.957504	216.970606	217.481103	217.494205	
4.145944	217.014588	217.031692	217.538187	217.555291	
4.15588	217.068207	217.084052	217.591806	217.607651	
4.165928	217.12182	217.145139	217.645419	217.668738	
4.176076	217.175376	217.206225	217.698974	217.729824	
4.186302	217.228728	217.258585	217.752327	217.782184	
4.196368	217.280651	217.310945	217.80425	217.834544	
4.206675	217.333234	217.363305	217.856833	217.886904	
4.216792	217.384179	217.406938	217.907778	217.939264	
4.226936	217.434712	217.450572	217.95831	217.982897	
4.23708	217.484637	217.494205	218.008236	218.02653	
4.247205	217.533831	217.537838	218.05743	218.07889	
4.25734	217.582496	217.581471	218.106095	218.113797	
4.267492	217.630627	217.625104	218.154226	218.166156	
4.277632	217.678137	217.677464	218.201735	218.201063	
4.287779	217.725036	217.712371	218.248635	218.244696	
4.297969	217.771554	217.764731	218.295153	218.28833	
4.308958	217.821001	217.808364	218.344599	218.331963	
4.31876	217.864542	217.851997	218.388141	218.375596	
4.328846	217.908753	217.89563	218.432352	218.410503	
4.339054	217.952896	217.939264	218.476495	218.462862	
4.349129	217.995901	217.982897	218.519499	218.506496	
4.359392	218.039194	218.02653	218.562793	218.550129	
4.369484	218.080889	218.070163	218.604487	218.593762	
4.379659	218.122486	218.113797	218.646085	218.637395	
4.389741	218.163111	218.166156	218.68671	218.689755	
4.400157	218.204452	218.201063	218.72805	218.733389	
4.411647	218.249261	218.253423	218.77286	218.785748	
4.421393	218.286713	218.297056	218.810311	218.829382	
4.431537	218.325131	218.340689	218.84873	218.864288	
4.441664	218.362868	218.375596	218.886467	218.916648	
4.451859	218.400271	218.419229	218.92387	218.951555	
4.461995	218.436843	218.454136	218.960441	218.995188	
4.47214	218.472867	218.489042	218.996466	219.030094	
4.490165	218.534576	218.550129	219.058174	219.099908	
4.494679	218.550077	218.567582	219.073676	219.108634	
4.504864	218.584323	218.602489	219.107921	219.143541	
4.51511	218.618167	218.637395	219.141766	219.178447	
4.52515	218.650723	218.672302	219.174322	219.213354	
4.535368	218.683262	218.698482	219.20686	219.239534	
4.545501	218.714943	218.724662	219.238541	219.274441	
4.555612	218.745957	218.759568	219.269556	219.300621	
4.565806	218.776646	218.785748	219.300245	219.3268	
4.575944	218.806562	218.811928	219.330161	219.35298	
4.586154	218.836092	218.846835	219.35969	219.387887	
4.59639	218.86509	218.873015	219.388689	219.414067	
4.606379	218.892821	218.899195	219.41642	219.440247	
4.616896	218.921399	218.925375	219.444998	219.466427	
4.626737	218.947561	218.951555	219.47116	219.492607	
4.63691	218.974035	218.977735	219.497634	219.518787	
4.647041	218.999789	219.003915	219.523387	219.544967	
4.65722	219.025081	219.030094	219.54868	219.571147	
4.667444	219.049896	219.056274	219.573495	219.597326	
4.677668	219.074113	219.091181	219.597712	219.623506	
4.687647	219.097174	219.108634	219.620773	219.649686	
4.697858	219.12018	219.134814	219.643779	219.675866	
4.707913	219.142266	219.160994	219.665865	219.702046	
4.719529	219.166985	219.187174	219.690584	219.728226	
4.729244	219.187148	219.213354	219.710747	219.745679	
4.739842	219.208505	219.230807	219.732104	219.771859	
4.749548	219.227543	219.248261	219.751142	219.798039	
4.759959	219.247338	219.274441	219.770936	219.815493	
4.77005	219.265966	219.291894	219.789564	219.824219	
4.78001	219.283781	219.318074	219.80738	219.841673	
4.790151	219.301352	219.335527	219.824951	219.841673	
4.800267	219.318309	219.35298	219.841908	219.850399	
4.810437	219.334783	219.370434	219.858382	219.859126	
4.822006	219.35273	219.387887	219.876329	219.867853	
4.832027	219.367747	219.40534	219.891346	219.876579	
4.842266	219.382518	219.422794	219.906117	219.894032	
4.852342	219.396495	219.43152	219.920093	219.911486	
4.862845	219.410451	219.440247	219.93405	219.920212	
4.872753	219.42309	219.440247	219.946689	219.937666	
4.882947	219.435523	219.440247	219.959122	219.946392	
4.893069	219.447312	219.440247	219.97091	219.963846	
4.903198	219.458551	219.440247	219.98215	219.972572	
4.913391	219.469303	219.448973	219.992902	219.981299	
4.924671	219.480493	219.4577	220.004092	219.998752	
4.934811	219.490027	219.4577	220.013626	220.016206	
4.94499	219.49905	219.466427	220.022649	220.024932	
4.955335	219.507665	219.475153	220.031264	220.042385	
4.965311	219.515456	219.48388	220.039055	220.051112	
4.975604	219.522939	219.492607	220.046538	220.068565	
4.985762	219.529805	219.51006	220.053404	220.068565	
4.995921	219.536151	219.527513	220.05975	220.077292	
5.006081	219.541984	219.53624	220.065583	220.068565	
5.016207	219.547296	219.544967	220.070895	220.068565	
5.027642	219.552631	219.56242	220.076229	220.068565	
5.037417	219.556778	219.571147	220.080377	220.068565	
5.047564	219.560606	219.579873	220.084205	220.077292	
5.057737	219.563982	219.5886	220.087581	220.086019	
5.067847	219.5669	219.597326	220.090499	220.086019	
5.078126	219.569429	219.597326	220.093027	220.094745	
5.088309	219.571532	219.5886	220.095131	220.103472	
5.098446	219.573254	219.579873	220.096853	220.112199	
5.108575	219.5784	219.579873	220.101999	220.112199	
5.118917	219.5784	219.571147	220.101999	220.112199	
5.13947	219.5784	219.56242	220.101999	220.103472	
5.144042	219.5784	219.56242	220.101999	220.103472	
5.154252	219.5784	219.553693	220.101999	220.094745	
5.16432	219.5784	219.544967	220.101999	220.094745	
5.174523	219.5784	219.544967	220.101999	220.094745	
5.1847	219.5784	219.553693	220.101999	220.094745	
5.194896	219.5784	219.56242	220.101999	220.094745	
5.205019	219.5784	219.56242	220.101999	220.094745	
5.215146	219.5784	219.571147	220.101999	220.094745	
5.225387	219.5784	219.579873	220.101999	220.094745	
5.235612	219.5784	219.579873	220.101999	220.094745	
5.245724	219.5784	219.5886	220.101999	220.094745	
5.255846	219.5784	219.597326	220.101999	220.094745	
5.266058	219.5784	219.597326	220.101999	220.094745	
5.276158	219.5784	219.597326	220.101999	220.094745	
5.286314	219.5784	219.597326	220.101999	220.094745	
5.296555	219.5784	219.597326	220.101999	220.094745	
5.306649	219.5784	219.597326	220.101999	220.094745	
5.316788	219.5784	219.597326	220.101999	220.094745	
5.326904	219.5784	219.597326	220.101999	220.094745	
5.337071	219.5784	219.597326	220.101999	220.094745	
5.34723	219.5784	219.597326	220.101999	220.094745	
5.357385	219.5784	219.597326	220.101999	220.094745	
5.367485	219.5784	219.597326	220.101999	220.094745	
5.377657	219.5784	219.597326	220.101999	220.094745	
5.387815	219.5784	219.597326	220.101999	220.094745	
5.398148	219.5784	219.597326	220.101999	220.094745	
5.408171	219.5784	219.597326	220.101999	220.094745	
5.418626	219.5784	219.597326	220.101999	220.094745	
5.428499	219.5784	219.597326	220.101999	220.094745	
5.438631	219.5784	219.597326	220.101999	220.094745	
5.448825	219.5784	219.597326	220.101999	220.094745	
5.458928	219.5784	219.597326	220.101999	220.094745	
5.469085	219.5784	219.597326	220.101999	220.094745	
5.479179	219.5784	219.597326	220.101999	220.094745	
5.489433	219.5784	219.597326	220.101999	220.094745	
5.499757	219.5784	219.597326	220.101999	220.094745	
5.509676	219.5784	219.597326	220.101999	220.094745	
5.519788	219.5784	219.597326	220.101999	220.094745	
5.531565	219.5784	219.597326	220.101999	220.094745	
5.540405	219.5784	219.597326	220.101999	220.094745	
5.550547	219.5784	219.597326	220.101999	220.094745	
5.560777	219.5784	219.597326	220.101999	220.094745	
5.570888	219.5784	219.597326	220.101999	220.094745	
5.580987	219.5784	219.597326	220.101999	220.094745	
5.59114	219.5784	219.597326	220.101999	220.094745	
5.601296	219.5784	219.597326	220.101999	220.094745	
5.611542	219.5784	219.597326	220.101999	220.094745	
5.621754	219.5784	219.597326	220.101999	220.094745	
5.631715	219.5784	219.597326	220.101999	220.094745	
5.641961	219.5784	219.597326	220.101999	220.094745	
5.652058	219.5784	219.597326	220.101999	220.094745	
5.662248	219.5784	219.597326	220.101999	220.094745	
5.672337	219.5784	219.597326	220.101999	220.094745	
5.682552	219.5784	219.597326	220.101999	220.094745	
5.692649	219.5784	219.597326	220.101999	220.094745	
5.702801	219.5784	219.597326	220.101999	220.094745	
5.712977	219.5784	219.597326	220.101999	220.094745	
5.723086	219.5784	219.597326	220.101999	220.094745	
5.73323	219.5784	219.597326	220.101999	220.094745	
5.743397	219.5784	219.597326	220.101999	220.094745	
5.753541	219.5784	219.597326	220.101999	220.094745	
5.7637	219.5784	219.597326	220.101999	220.094745	
5.773883	219.5784	219.597326	220.101999	220.094745	
5.784034	219.5784	219.597326	220.101999	220.094745	
5.79423	219.5784	219.597326	220.101999	220.094745	
5.804302	219.5784	219.597326	220.101999	220.094745	
5.814534	219.5784	219.597326	220.101999	220.094745	
5.824726	219.5784	219.597326	220.101999	220.094745	
5.834827	219.5784	219.597326	220.101999	220.094745	
5.844971	219.5784	219.597326	220.101999	220.094745	
5.855124	219.5784	219.597326	220.101999	220.094745	
5.865336	219.5784	219.597326	220.101999	220.094745	
5.875539	219.5784	219.597326	220.101999	220.094745	
5.885642	219.5784	219.597326	220.101999	220.094745	
5.895813	219.5784	219.597326	220.101999	220.094745	
5.906089	219.5784	219.597326	220.101999	220.094745	
5.916143	219.5784	219.597326	220.101999	220.094745	
5.9263	219.5784	219.597326	220.101999	220.094745	
5.93688	219.5784	219.597326	220.101999	220.094745	
5.947018	219.5784	219.597326	220.101999	220.094745	
5.957114	219.5784	219.597326	220.101999	220.094745	
5.967329	219.5784	219.597326	220.101999	220.094745	
5.977477	219.5784	219.597326	220.101999	220.094745	
5.987642	219.5784	219.597326	220.101999	220.094745	
5.997781	219.5784	219.597326	220.101999	220.094745	
6.02497	219.5784	219.597326	220.101999	220.094745	
6.036092	219.5784	219.597326	220.101999	220.094745	
