0.03763936	
0.04260115	
0.05621855	
0.06289426	
0.07300082	
0.08317838	
0.09330394	
0.1034375	
0.1136721	
0.1237566	
0.1339222	
0.1440777	
0.1542243	
0.1643778	
0.1745144	
0.184738	
0.1948235	
0.2049851	
0.2150966	
0.2252622	
0.2353758	
0.2455653	
0.2557399	
0.2659084	
0.276028	
0.2862195	
0.2964321	
0.3064697	
0.3165952	
0.3267688	
0.3369933	
0.3470919	
0.3572115	
0.36734	
0.3778186	
0.3876891	
0.3978107	
0.4078942	
0.4180718	
0.4284204	
0.4384479	
0.4485895	
0.45871	
0.4688556	
0.4790472	
0.4894027	
0.4993463	
0.5095028	
0.5196534	
0.5298879	
0.5399555	
0.5502741	
0.5603296	
0.5703602	
0.5804947	
0.5906663	
0.6008838	
0.6109634	
0.621143	
0.6312855	
0.6414561	
0.6515906	
0.6617772	
0.6719028	
0.6820393	
0.6922279	
0.7024134	
0.712601	
0.7227335	
0.7328791	
0.7430397	
0.7531942	
0.7633348	
0.7736383	
0.7836419	
0.8019561	
0.8063459	
0.8165315	
0.82664	
0.8368196	
0.8470231	
0.8570767	
0.8672063	
0.8794357	
0.8874484	
0.8975979	
0.9081605	
0.91807	
0.9282826	
0.9462248	
0.9505396	
0.9607772	
0.9708707	
0.9810423	
0.9912179	
1.001305	
1.011549	
1.021649	
1.031791	
1.041994	
1.052729	
1.062237	
1.072438	
1.082484	
1.092679	
1.102794	
1.113013	
1.123145	
1.133274	
1.143447	
1.153589	
1.163737	
1.173878	
1.184053	
1.19419	
1.204399	
1.214919	
1.224738	
1.235054	
1.255573	
1.259941	
1.270052	
1.280297	
1.290379	
1.300543	
1.310653	
1.32085	
1.330997	
1.341107	
1.351257	
1.370096	
1.37447	
1.384663	
1.394775	
1.404898	
1.415029	
1.425188	
1.43537	
1.445545	
1.455648	
1.465819	
1.476198	
1.486112	
1.496219	
1.506355	
1.516485	
1.526631	
1.53692	
1.546996	
1.557105	
1.567255	
1.577353	
1.587523	
1.597662	
1.607779	
1.618007	
1.628079	
1.63824	
1.656259	
1.660604	
1.670775	
1.680955	
1.691096	
1.702452	
1.712992	
1.723311	
1.73329	
1.743638	
1.753547	
1.763686	
1.77381	
1.784013	
1.794148	
1.80436	
1.814478	
1.8338	
1.838184	
1.848431	
1.858489	
1.868918	
1.881171	
1.889173	
1.899291	
1.909455	
1.919638	
1.929781	
1.939928	
1.950072	
1.96027	
1.970391	
1.980541	
1.99069	
2.000879	
2.010965	
2.021133	
2.031318	
2.041404	
2.051562	
2.061757	
2.071859	
2.082061	
2.092206	
2.102365	
2.112592	
2.122663	
2.132824	
2.142972	
2.153147	
2.163312	
2.173422	
2.183587	
2.193746	
2.203885	
2.213993	
2.224189	
2.234374	
2.244486	
2.254644	
2.264829	
2.274888	
2.28507	
2.295231	
2.305393	
2.315521	
2.325654	
2.344812	239.549747	239.54644	239.802819	239.799513	
2.349418	239.550465	239.54644	239.803538	239.799513	
2.359532	239.552829	239.54644	239.805902	239.799513	
2.369683	239.555821	239.54644	239.808894	239.799513	
2.379991	239.559502	239.54644	239.812574	239.808239	
2.390058	239.563693	239.555166	239.816766	239.808239	
2.400175	239.568523	239.563893	239.821596	239.816966	
2.410285	239.573964	239.57262	239.827037	239.825693	
2.420428	239.58004	239.581346	239.833113	239.834419	
2.430731	239.586859	239.581346	239.839932	239.843146	
2.440987	239.594272	239.5988	239.847345	239.860599	
2.451096	239.602183	239.5988	239.855256	239.869326	
2.461244	239.610749	239.5988	239.863822	239.878052	
2.471447	239.619986	239.607526	239.873059	239.886779	
2.481576	239.629772	239.616253	239.882845	239.895506	
2.491748	239.640218	239.616253	239.893291	239.912959	
2.501901	239.651306	239.62498	239.904379	239.921686	
2.512087	239.662967	239.633706	239.91604	239.930412	
2.522245	239.67526	239.633706	239.928333	239.930412	
2.532346	239.688092	239.65116	239.941165	239.947866	
2.542649	239.70184	239.65116	239.954913	239.947866	
2.552802	239.716951	239.668613	239.970023	239.956592	
2.562885	239.73064	239.67734	239.983713	239.974046	
2.573007	239.745962	239.686066	239.999035	239.982772	
2.583193	239.762015	239.703519	240.015087	239.991499	
2.59334	239.778623	239.720973	240.031695	240.000225	
2.603467	239.795807	239.738426	240.04888	240.017679	
2.613601	239.813629	239.755879	240.066702	240.026405	
2.623866	239.832318	239.782059	240.085391	240.043859	
2.644728	239.873572	239.825693	240.126645	240.087492	
2.649331	239.882558	239.843146	240.13563	240.087492	
2.659511	239.903265	239.869326	240.156338	240.113672	
2.669665	239.924533	239.895506	240.177606	240.139852	
2.679826	239.946442	239.930412	240.199515	240.166032	
2.690092	239.969199	239.956592	240.222272	240.192212	
2.700178	239.99217	239.982772	240.245242	240.227118	
2.710344	240.015954	240.017679	240.269027	240.253298	
2.720586	240.040529	240.035132	240.293601	240.288205	
2.73062	240.065214	240.070039	240.318287	240.323111	
2.742951	240.096568	240.096219	240.349641	240.349291	
2.751014	240.117329	240.122398	240.370402	240.384198	
2.761145	240.144098	240.148578	240.397171	240.419104	
2.7713	240.171566	240.174758	240.424639	240.454011	
2.781409	240.199511	240.200938	240.452584	240.480191	
2.791642	240.228433	240.227118	240.481506	240.515098	
2.801773	240.257683	240.253298	240.510755	240.541278	
2.811886	240.28749	240.279478	240.540563	240.576184	
2.822115	240.318283	240.296931	240.571356	240.611091	
2.832217	240.349284	240.323111	240.602357	240.637271	
2.842403	240.381184	240.349291	240.634256	240.672177	
2.852614	240.413788	240.384198	240.666861	240.698357	
2.862757	240.446777	240.410378	240.69985	240.733264	
2.872954	240.480571	240.436558	240.733644	240.759444	
2.892922	240.549767	240.506371	240.80284	240.82053	
2.897732	240.566326	240.523824	240.819399	240.829257	
2.907822	240.601877	240.558731	240.854949	240.855437	
2.917781	240.637545	240.593637	240.890618	240.890343	
2.928132	240.675285	240.628544	240.928357	240.92525	
2.938127	240.712315	240.680904	240.965387	240.95143	
2.951505	240.763115	240.71581	241.016188	240.995063	
2.958478	240.789718	240.76817	241.042791	241.021243	
2.96867	240.829332	240.803077	241.082405	241.05615	
2.978741	240.869108	240.855437	241.12218	241.099783	
2.98887	240.909722	240.89907	241.162795	241.134689	
2.999117	240.95146	240.942703	241.204532	241.178323	
3.009201	240.99311	240.97761	241.246182	241.221956	
3.019365	241.035712	241.02997	241.288785	241.265589	
3.02953	241.07896	241.064876	241.332033	241.309222	
3.039651	241.122617	241.10851	241.37569	241.361582	
3.052273	241.178164	241.152143	241.431237	241.413942	
3.059987	241.212304	241.195776	241.465377	241.466302	
3.070122	241.257879	241.239409	241.510952	241.518662	
3.080244	241.30401	241.283042	241.557082	241.562295	
3.090373	241.350783	241.326676	241.603856	241.614655	
3.100582	241.398606	241.379036	241.651679	241.658288	
3.110726	241.446664	241.422669	241.699737	241.710648	
3.120915	241.495593	241.466302	241.748666	241.763008	
3.131147	241.545363	241.518662	241.798436	241.806641	
3.141164	241.594673	241.571022	241.847746	241.859001	
3.153492	241.656409	241.632108	241.909482	241.902634	
3.161566	241.697085	241.684468	241.950157	241.954994	
3.171684	241.748717	241.736828	242.001789	241.998627	
3.181843	241.801236	241.789188	242.054308	242.042261	
3.19198	241.854225	241.841548	242.107298	242.094621	
3.202217	241.908385	241.893908	242.161458	242.14698	
3.212324	241.962472	241.946268	242.215545	242.19934	
3.23216	242.071542	242.050987	242.324615	242.30406	
3.236702	242.096421	242.077167	242.349494	242.33024	
3.258014	242.217095	242.129527	242.470167	242.426233	
3.262667	242.243229	242.216794	242.496302	242.478593	
3.27281	242.301174	242.269153	242.554247	242.530953	
3.282955	242.359771	242.33024	242.612844	242.592039	
3.293096	242.418939	242.391327	242.672012	242.653126	
3.303261	242.478862	242.452413	242.731934	242.714212	
3.313401	242.539277	242.5135	242.79235	242.775299	
3.323556	242.600376	242.583313	242.853449	242.836385	
3.333704	242.66207	242.644399	242.915143	242.897472	
3.343831	242.72425	242.705486	242.977323	242.958559	
3.35407	242.787732	242.775299	243.040805	243.019645	
3.364229	242.851392	242.836385	243.104465	243.089458	
3.374389	242.915594	242.897472	243.168667	243.150545	
3.384577	242.980636	242.967285	243.233709	243.211631	
3.394675	243.045705	243.037098	243.298778	243.281444	
3.40483	243.111815	243.089458	243.364888	243.342531	
3.415287	243.180509	243.159271	243.433582	243.412344	
3.425128	243.24568	243.229085	243.498753	243.473431	
3.443391	243.369188	243.351258	243.622261	243.60433	
3.447924	243.399732	243.377438	243.652805	243.63051	
3.458184	243.469801	243.438524	243.722874	243.700323	
3.476234	243.595402	243.560697	243.848474	243.822497	
3.481267	243.63034	243.595604	243.883413	243.857403	
3.491359	243.701246	243.665417	243.954318	243.927216	
3.501489	243.773007	243.73523	244.02608	244.005756	
3.511693	243.845948	243.81377	244.099021	244.075569	
3.522066	243.920726	243.883583	244.173799	244.154109	
3.532001	243.992933	243.962123	244.246005	244.223922	
3.542181	244.067534	244.031936	244.320607	244.302462	
3.552281	244.142174	244.119202	244.395247	244.381002	
3.564167	244.231	244.189016	244.484072	244.450815	
3.572643	244.294564	244.276282	244.547637	244.529355	
3.582745	244.371081	244.354822	244.624154	244.607895	
3.59297	244.449137	244.433362	244.70221	244.686434	
3.603074	244.52687	244.520628	244.779943	244.764974	
3.613244	244.605765	244.607895	244.858838	244.852241	
3.623465	244.68566	244.686434	244.938733	244.930781	
3.633594	244.765441	244.764974	245.018514	245.00932	
3.643718	244.845821	244.852241	245.098894	245.096587	
3.653825	244.926663	244.930781	245.179735	245.183853	
3.664074	245.009307	245.018047	245.26238	245.262393	
3.674376	245.093026	245.096587	245.346099	245.34966	
3.684479	245.175669	245.175127	245.428741	245.428199	
3.694602	245.259107	245.253666	245.51218	245.515466	
3.704863	245.344386	245.340933	245.597458	245.602732	
3.714916	245.428444	245.410746	245.681517	245.681272	
3.725053	245.513867	245.498013	245.76694	245.759812	
3.735296	245.600859	245.585279	245.853931	245.847078	
3.745364	245.686882	245.663819	245.939955	245.934345	
3.755978	245.778326	245.751085	246.031399	246.012885	
3.765652	245.862182	245.838352	246.115255	246.100151	
3.775898	245.951705	245.934345	246.204778	246.187418	
3.786039	246.04082	246.021611	246.293892	246.265957	
3.796154	246.130362	246.108878	246.383435	246.361951	
3.806265	246.220519	246.196144	246.473592	246.44049	
3.816411	246.31158	246.283411	246.564652	246.536483	
3.826554	246.403212	246.388131	246.656285	246.632477	
3.836743	246.495903	246.475397	246.748976	246.719743	
3.854784	246.662411	246.580117	246.915484	246.894276	
3.859307	246.704074	246.693563	246.957147	246.937909	
3.87203	246.82273	246.789556	247.075803	247.033902	
3.879703	246.894359	246.894276	247.147431	247.138622	
3.889865	246.990032	246.998996	247.243105	247.234615	
3.899955	247.085637	247.094989	247.33871	247.339335	
3.910131	247.183036	247.190982	247.436109	247.435328	
3.920277	247.280102	247.295702	247.533175	247.540048	
3.930616	247.379966	247.391695	247.633039	247.636041	
3.940613	247.477174	247.496415	247.730246	247.732034	
3.950757	247.576354	247.592408	247.829426	247.836754	
3.96091	247.67627	247.679674	247.929343	247.941474	
3.971058	247.776764	247.784394	248.029837	248.037467	
3.981267	247.87855	247.87166	248.131623	248.13346	
3.991452	247.980588	247.97638	248.233661	248.23818	
4.001562	248.082546	248.063647	248.335618	248.334173	
4.011678	248.185177	248.15964	248.43825	248.430166	
4.02188	248.28935	248.255633	248.542423	248.534885	
4.03203	248.393578	248.360353	248.64665	248.630879	
4.042287	248.49957	248.456346	248.752643	248.735598	
4.052379	248.604359	248.552339	248.857432	248.831591	
4.062548	248.710718	248.657059	248.963791	248.936311	
4.072757	248.817995	248.770505	249.071068	249.041031	
4.09095	249.011749	248.971218	249.264822	249.224291	
4.09559	249.061036	249.014851	249.314108	249.267924	
4.105732	249.169666	249.128297	249.422739	249.38137	
4.116078	249.281129	249.25047	249.534202	249.48609	
4.125971	249.388265	249.35519	249.641337	249.599536	
4.137844	249.517906	249.477363	249.770978	249.712983	
4.146357	249.609753	249.599536	249.862826	249.826429	
4.156451	249.718069	249.704256	249.971141	249.948602	
4.166599	249.82644	249.826429	250.079513	250.062049	
4.176898	249.935698	249.939876	250.188771	250.184222	
4.187055	250.04294	250.053322	250.296013	250.306395	
4.197116	250.14845	250.166768	250.401523	250.419841	
4.207265	250.254337	250.280215	250.50741	250.533287	
4.217388	250.359391	250.393661	250.612464	250.655461	
4.227716	250.465916	250.507108	250.718989	250.768907	
4.23769	250.568184	250.611827	250.821257	250.873627	
4.24783	250.671564	250.716547	250.924637	250.978346	
4.258004	250.77468	250.81254	251.027753	251.083066	
4.268097	250.876368	250.91726	251.129441	251.187786	
4.278847	250.984024	251.013253	251.237097	251.292506	
4.288596	251.081098	251.109246	251.334171	251.388499	
4.298689	251.180948	251.205239	251.43402	251.484492	
4.308823	251.280636	251.301232	251.533709	251.571758	
4.318952	251.379653	251.397225	251.632725	251.667751	
4.329163	251.478854	251.484492	251.731927	251.755018	
4.339294	251.576687	251.580485	251.829759	251.851011	
4.349477	251.674381	251.676478	251.927453	251.938278	
4.35965	251.771446	251.763745	252.024518	252.025544	
4.369765	251.867281	251.851011	252.120354	252.11281	
4.380072	251.96439	251.955731	252.217463	252.200077	
4.390251	252.05965	252.042997	252.312723	252.29607	
4.400303	252.153066	252.147717	252.406139	252.383336	
4.410411	252.246437	252.234983	252.49951	252.47933	
4.420588	252.339844	252.330977	252.592917	252.575323	
4.430904	252.433923	252.42697	252.686996	252.671316	
4.440977	252.525143	252.531689	252.778215	252.776036	
4.451046	252.615748	252.627683	252.868821	252.863302	
4.461425	252.70851	252.723676	252.961582	252.968022	
4.471403	252.797113	252.810942	253.050186	253.072742	
4.481501	252.886162	252.915662	253.139235	253.168735	
4.492363	252.98131	253.011655	253.234383	253.273454	
4.502189	253.067048	253.107648	253.32012	253.360721	
4.512328	253.154353	253.194915	253.407425	253.456714	
4.522458	253.241278	253.282181	253.494351	253.54398	
4.532582	253.327499	253.369448	253.580572	253.631247	
4.54277	253.413704	253.456714	253.666777	253.72724	
4.552973	253.49939	253.535254	253.752463	253.80578	
4.563086	253.583805	253.613794	253.836878	253.893046	
4.573198	253.667495	253.692333	253.920568	253.971586	
4.583381	253.751195	253.770873	254.004268	254.050126	
4.594906	253.845192	253.85814	254.098264	254.137392	
4.604793	253.925167	253.927953	254.17824	254.215932	
4.61489	254.006327	254.006493	254.2594	254.285745	
4.625128	254.08796	254.085033	254.341033	254.364285	
4.635188	254.167648	254.154846	254.420721	254.434098	
4.645385	254.247735	254.233385	254.500808	254.503912	
4.655741	254.328477	254.311925	254.581549	254.573725	
4.665805	254.406333	254.381738	254.659406	254.652265	
4.675957	254.484308	254.469005	254.737381	254.730804	
4.686211	254.562717	254.538818	254.81579	254.800617	
4.697672	254.64893	254.626085	254.902003	254.887884	
4.707605	254.723355	254.713351	254.976428	254.957697	
4.717742	254.798656	254.791891	255.051729	255.036237	
4.72784	254.873144	254.870431	255.126217	255.114777	
4.738038	254.94772	254.94897	255.200793	255.202043	
4.748167	255.021185	255.02751	255.274258	255.271856	
4.758385	255.094702	255.10605	255.347775	255.350396	
4.768512	255.166945	255.18459	255.420018	255.428936	
4.778661	255.238769	255.254403	255.491842	255.507476	
4.78898	255.311159	255.332943	255.564232	255.586016	
4.800319	255.389945	255.411483	255.643018	255.664555	
4.818043	255.510855	255.533656	255.763928	255.795455	
4.822622	255.542129	255.568562	255.795202	255.830362	
4.832842	255.611196	255.638376	255.864269	255.900175	
4.842883	255.678455	255.708189	255.931527	255.961261	
4.853067	255.746067	255.760549	255.99914	256.031075	
4.86321	255.812826	255.830362	256.065898	256.092161	
4.87338	255.87913	255.900175	256.132203	256.153248	
4.883889	255.949089	255.952535	256.202162	256.214334	
4.893688	256.009762	256.013621	256.262835	256.275421	
4.912033	256.124832	256.127068	256.377905	256.388867	
4.916594	256.153452	256.153248	256.406525	256.415047	
4.926829	256.217011	256.214334	256.470084	256.467407	
4.93701	256.279606	256.275421	256.532679	256.528493	
4.947475	256.343323	256.336507	256.596396	256.58958	
4.957223	256.402099	256.397594	256.655172	256.650667	
4.967423	256.462998	256.45868	256.716071	256.703026	
4.977521	256.522714	256.51104	256.775787	256.77284	
4.987642	256.581944	256.572127	256.835017	256.825199	
4.997832	256.641004	256.633213	256.894077	256.886286	
5.008002	256.699328	256.6943	256.9524	256.947372	
5.018204	256.757199	256.755386	257.010272	257.017186	
5.028334	256.814076	256.816473	257.067149	257.069546	
5.03844	256.870236	256.877559	257.123308	257.130632	
5.048986	256.928199	256.938646	257.181272	257.191719	
5.059324	256.984393	256.999732	257.237465	257.261532	
5.069148	257.037202	257.060819	257.290275	257.313892	
5.079298	257.091188	257.121905	257.344261	257.374978	
5.089446	257.144573	257.174265	257.397646	257.427338	
5.099604	257.197389	257.226625	257.450462	257.488425	
5.110001	257.250852	257.278985	257.503925	257.540784	
5.120133	257.302323	257.331345	257.555396	257.593144	
5.130367	257.353691	257.383705	257.606763	257.645504	
5.140451	257.403738	257.436065	257.65681	257.697864	
5.150654	257.453766	257.479698	257.706839	257.741497	
5.16087	257.503247	257.523331	257.756319	257.785131	
5.170951	257.551491	257.575691	257.804564	257.83749	
5.181104	257.59948	257.610598	257.852552	257.881124	
5.191238	257.646801	257.662957	257.899873	257.924757	
5.201406	257.693651	257.697864	257.946724	257.96839	
5.211603	257.740067	257.732771	257.99314	258.012023	
5.231969	257.829701	257.820037	258.082774	258.09929	
5.236557	257.849957	257.83749	258.10303	258.116743	
5.246693	257.894009	257.881124	258.147081	258.15165	
5.265206	257.972036	257.924757	258.225109	258.230189	
5.26975	257.991243	257.977117	258.244316	258.238916	
5.279928	258.03353	258.029477	258.286603	258.282549	
5.290095	258.075162	258.07311	258.328234	258.326183	
5.300242	258.116117	258.116743	258.36919	258.361089	
5.312268	258.163794	258.169103	258.416867	258.413449	
5.320566	258.196318	258.212736	258.44939	258.448356	
5.330704	258.235454	258.256369	258.488526	258.483262	
5.340855	258.274038	258.291276	258.52711	258.535622	
5.350983	258.311951	258.343636	258.565024	258.570529	
5.361185	258.349547	258.378542	258.602619	258.614162	
5.371316	258.386284	258.422176	258.639357	258.657795	
5.381599	258.42296	258.465809	258.676032	258.701428	
5.391633	258.458175	258.500716	258.711247	258.745062	
5.401784	258.493211	258.535622	258.746284	258.779968	
5.414694	258.536727	258.570529	258.7898	258.832328	
5.422112	258.561485	258.605435	258.814557	258.858508	
5.432363	258.595072	258.640342	258.848145	258.893415	
5.442661	258.628194	258.666522	258.881266	258.928321	
5.452609	258.659614	258.692702	258.912686	258.963228	
5.462786	258.691182	258.727608	258.944254	258.998134	
5.473282	258.723081	258.753788	258.976153	259.033041	
5.483116	258.75243	258.779968	259.005503	259.059221	
5.493375	258.782437	258.814875	259.03551	259.085401	
5.503398	258.811195	258.841055	259.064268	259.111581	
5.516129	258.846715	258.867235	259.099788	259.137761	
5.523695	258.867571	258.902141	259.120644	259.163941	
5.533837	258.894907	258.919595	259.14798	259.181394	
5.543976	258.921647	258.954501	259.17472	259.207574	
5.554183	258.947975	258.971954	259.201047	259.233754	
5.564415	258.973781	259.006861	259.226854	259.259934	
5.574684	258.999064	259.024314	259.252136	259.286114	
5.584875	259.023564	259.050494	259.276636	259.312294	
5.594947	259.047214	259.076674	259.300286	259.329747	
5.605103	259.070489	259.094127	259.323561	259.355927	
5.617038	259.096982	259.120307	259.350055	259.382107	
5.625569	259.115564	259.146487	259.368637	259.408287	
5.635642	259.136891	259.163941	259.389963	259.42574	
5.645799	259.157831	259.190121	259.410904	259.45192	
5.655909	259.178093	259.207574	259.431165	259.460647	
5.666239	259.198204	259.233754	259.451276	259.4781	
5.676219	259.217073	259.251207	259.470146	259.495553	
5.686386	259.23572	259.26866	259.488793	259.513006	
5.696531	259.253754	259.29484	259.506827	259.53046	
5.706645	259.271159	259.312294	259.524232	259.539186	
5.725687	259.301468	259.329747	259.554541	259.574093	
5.73038	259.308978	259.338474	259.562051	259.58282	
5.740448	259.324432	259.355927	259.577504	259.600273	
5.750619	259.339465	259.364653	259.592538	259.617726	
5.760818	259.353975	259.37338	259.607048	259.63518	
5.770928	259.3678	259.390833	259.620873	259.652633	
5.781086	259.381128	259.39956	259.634201	259.670086	
5.791229	259.393878	259.408287	259.646951	259.670086	
5.801401	259.406104	259.42574	259.659176	259.678813	
5.811513	259.417715	259.434467	259.670788	259.678813	
5.823856	259.431002	259.443193	259.684075	259.670086	
5.831892	259.439391	259.460647	259.692464	259.670086	
5.84202	259.449371	259.469373	259.702443	259.670086	
5.852203	259.458863	259.4781	259.711935	259.678813	
5.862304	259.46774	259.486827	259.720813	259.687539	
5.872497	259.476161	259.495553	259.729233	259.687539	
5.882621	259.483995	259.50428	259.737068	259.704993	
5.892816	259.491357	259.513006	259.744429	259.713719	
5.902908	259.498128	259.513006	259.751201	259.731173	
5.913131	259.504462	259.513006	259.757535	259.739899	
5.925145	259.511146	259.513006	259.764219	259.757353	
5.933619	259.515581	259.513006	259.768654	259.774806	
5.943765	259.520364	259.521733	259.773437	259.792259	
5.954137	259.524747	259.53046	259.77782	259.800986	
5.964043	259.528495	259.53046	259.781567	259.809712	
5.974142	259.531862	259.539186	259.784934	259.818439	
5.984366	259.534819	259.547913	259.787892	259.818439	
5.994527	259.537338	259.547913	259.790411	259.818439	
6.004679	259.539455	259.565366	259.792528	259.809712	
6.014764	259.541191	259.565366	259.794264	259.809712	
6.025017	259.54644	259.565366	259.799513	259.800986	
6.035195	259.54644	259.55664	259.799513	259.792259	
6.045343	259.54644	259.547913	259.799513	259.783533	
6.055572	259.54644	259.547913	259.799513	259.774806	
6.065623	259.54644	259.547913	259.799513	259.766079	
6.076107	259.54644	259.539186	259.799513	259.757353	
6.085874	259.54644	259.539186	259.799513	259.757353	
6.09611	259.54644	259.53046	259.799513	259.766079	
6.10624	259.54644	259.53046	259.799513	259.774806	
6.116329	259.54644	259.53046	259.799513	259.774806	
6.126469	259.54644	259.53046	259.799513	259.783533	
6.136776	259.54644	259.53046	259.799513	259.800986	
6.146902	259.54644	259.53046	259.799513	259.809712	
6.157037	259.54644	259.53046	259.799513	259.818439	
6.167112	259.54644	259.53046	259.799513	259.827166	
6.177613	259.54644	259.53046	259.799513	259.835892	
6.18741	259.54644	259.53046	259.799513	259.844619	
6.197556	259.54644	259.53046	259.799513	259.844619	
6.20769	259.54644	259.53046	259.799513	259.835892	
6.217832	259.54644	259.53046	259.799513	259.827166	
6.22802	259.54644	259.53046	259.799513	259.818439	
6.238173	259.54644	259.53046	259.799513	259.809712	
6.248405	259.54644	259.53046	259.799513	259.800986	
6.258533	259.54644	259.53046	259.799513	259.783533	
6.268623	259.54644	259.53046	259.799513	259.774806	
6.278811	259.54644	259.53046	259.799513	259.766079	
6.289047	259.54644	259.53046	259.799513	259.757353	
6.299142	259.54644	259.53046	259.799513	259.757353	
6.309248	259.54644	259.53046	259.799513	259.757353	
6.319475	259.54644	259.53046	259.799513	259.757353	
6.329598	259.54644	259.53046	259.799513	259.766079	
6.339719	259.54644	259.53046	259.799513	259.774806	
6.349854	259.54644	259.53046	259.799513	259.783533	
6.36008	259.54644	259.53046	259.799513	259.792259	
6.370287	259.54644	259.53046	259.799513	259.809712	
6.380499	259.54644	259.53046	259.799513	259.818439	
6.390544	259.54644	259.53046	259.799513	259.827166	
6.400705	259.54644	259.53046	259.799513	259.844619	
6.410815	259.54644	259.53046	259.799513	259.844619	
6.421006	259.54644	259.53046	259.799513	259.844619	
6.439265	259.54644	259.53046	259.799513	259.844619	
6.444087	259.54644	259.53046	259.799513	259.835892	
6.454242	259.54644	259.53046	259.799513	259.827166	
6.464444	259.54644	259.53046	259.799513	259.818439	
6.474608	259.54644	259.53046	259.799513	259.809712	
6.484752	259.54644	259.53046	259.799513	259.792259	
6.494876	259.54644	259.53046	259.799513	259.774806	
6.505083	259.54644	259.53046	259.799513	259.766079	
6.515201	259.54644	259.53046	259.799513	259.757353	
6.525325	259.54644	259.53046	259.799513	259.757353	
6.535594	259.54644	259.53046	259.799513	259.748626	
6.545653	259.54644	259.53046	259.799513	259.757353	
6.555797	259.54644	259.53046	259.799513	259.757353	
6.565945	259.54644	259.53046	259.799513	259.766079	
6.576076	259.54644	259.53046	259.799513	259.774806	
6.586239	259.54644	259.53046	259.799513	259.792259	
6.596372	259.54644	259.53046	259.799513	259.809712	
6.60651	259.54644	259.53046	259.799513	259.818439	
6.616661	259.54644	259.53046	259.799513	259.835892	
6.626875	259.54644	259.53046	259.799513	259.844619	
6.637011	259.54644	259.53046	259.799513	259.853346	
6.647133	259.54644	259.53046	259.799513	259.853346	
6.657354	259.54644	259.53046	259.799513	259.853346	
6.667447	259.54644	259.53046	259.799513	259.844619	
6.677591	259.54644	259.53046	259.799513	259.844619	
6.687722	259.54644	259.53046	259.799513	259.827166	
6.697909	259.54644	259.53046	259.799513	259.818439	
6.708007	259.54644	259.53046	259.799513	259.800986	
6.718473	259.54644	259.53046	259.799513	259.783533	
6.728517	259.54644	259.53046	259.799513	259.774806	
6.73862	259.54644	259.53046	259.799513	259.757353	
6.748992	259.54644	259.53046	259.799513	259.748626	
6.759165	259.54644	259.53046	259.799513	259.748626	
6.769338	259.54644	259.53046	259.799513	259.748626	
6.779458	259.54644	259.53046	259.799513	259.757353	
6.789617	259.54644	259.53046	259.799513	259.766079	
6.799785	259.54644	259.53046	259.799513	259.774806	
6.809912	259.54644	259.53046	259.799513	259.792259	
6.820108	259.54644	259.53046	259.799513	259.800986	
6.830253	259.54644	259.53046	259.799513	259.818439	
6.840436	259.54644	259.53046	259.799513	259.835892	
6.850592	259.54644	259.53046	259.799513	259.844619	
6.860749	259.54644	259.53046	259.799513	259.853346	
6.870908	259.54644	259.53046	259.799513	259.853346	
6.881107	259.54644	259.53046	259.799513	259.844619	
6.893285	259.54644	259.53046	259.799513	259.844619	
6.901326	259.54644	259.53046	259.799513	259.835892	
6.930685	259.54644	259.53046	259.799513	259.800986	
6.941401	259.54644	259.53046	259.799513	259.774806	
