0.03974332	
0.04441112	
0.0544317	
0.06474426	
0.07477884	
0.08487441	
0.09502998	
0.1053655	
0.1153311	
0.1254487	
0.1356223	
0.1456998	
0.1576713	
0.1739776	
0.1783295	
0.188426	
0.1986006	
0.2087792	
0.2189307	
0.2290573	
0.2392919	
0.2493195	
0.2689756	
0.2733514	
0.2860919	
0.2936036	
0.3037462	
0.3138587	
0.3240703	
0.3341949	
0.3443324	
0.354442	
0.3726252	
0.3770231	
0.3871736	
0.3972882	
0.4074808	
0.4176273	
0.4278019	
0.4379775	
0.448091	
0.4582396	
0.4683812	
0.4785408	
0.4887563	
0.4988369	
0.5090255	
0.519252	
0.5293376	
0.5394842	
0.5495948	
0.5597363	
0.5698969	
0.5800395	
0.590184	
0.6003416	
0.6104832	
0.6206537	
0.6310113	
0.6409239	
0.6510385	
0.661207	
0.6713826	
0.6815052	
0.6916687	
0.7018663	
0.7119759	
0.7221275	
0.732254	
0.7424356	
0.7526032	
0.7626927	
0.7728313	
0.7829839	
0.7931015	
0.803294	
0.8134066	
0.8235782	
0.8336777	
0.8438733	
0.8540219	
0.8641255	
0.874252	
0.8844036	
0.8946062	
0.9047837	
0.9148773	
0.9249699	
0.9354074	
0.9534227	
0.9578105	
0.9679511	
0.9780726	
0.9881782	
0.9983958	
1.008579	
1.018661	
1.028811	
1.03899	
1.049176	
1.059241	
1.069371	
1.079589	
1.089656	
1.099839	
1.110025	
1.120148	
1.130279	
1.140388	
1.150539	
1.16079	
1.170872	
1.181011	
1.191272	
1.201309	
1.21146	
1.221587	
1.231756	
1.241895	
1.252037	
1.271542	
1.275854	
1.286149	
1.296191	
1.31576	
1.320096	
1.330231	
1.340371	
1.350536	
1.360774	
1.370828	
1.380965	
1.391179	
1.401219	
1.411419	
1.421541	
1.431708	
1.441832	
1.451936	
1.462258	
1.475988	339.72131	339.719612	339.529324	339.527626	
1.485839	339.722993	339.719612	339.531007	339.527626	
1.495906	339.725329	339.719612	339.533343	339.527626	
1.513963	339.73191	339.728339	339.539924	339.536353	
1.518482	339.733495	339.728339	339.541508	339.545079	
1.52873	339.737898	339.745792	339.545912	339.562533	
1.538816	339.742835	339.763245	339.550849	339.571259	
1.548944	339.74841	339.763245	339.556424	339.588713	
1.55908	339.754609	339.771972	339.562622	339.588713	
1.569231	339.761431	339.771972	339.569444	339.597439	
1.579498	339.768977	339.763245	339.576991	339.597439	
1.589596	339.776991	339.763245	339.585004	339.588713	
1.599778	339.785707	339.771972	339.59372	339.588713	
1.609909	339.794984	339.780699	339.602997	339.579986	
1.620031	339.804875	339.789425	339.612888	339.579986	
1.63023	339.815469	339.798152	339.623483	339.588713	
1.640376	339.826616	339.815605	339.63463	339.588713	
1.650467	339.838317	339.833059	339.64633	339.606166	
1.66066	339.850805	339.850512	339.658819	339.614892	
1.670794	339.863751	339.867965	339.671765	339.632346	
1.681393	339.878035	339.885419	339.686049	339.658526	
1.69119	339.89177	339.902872	339.699784	339.675979	
1.70132	339.906606	339.920325	339.71462	339.702159	
1.711531	339.922194	339.937778	339.730208	339.728339	
1.721583	339.938131	339.955232	339.746145	339.754519	
1.73179	339.955014	339.972685	339.763028	339.780699	
1.741965	339.97234	339.990138	339.780354	339.815605	
1.752121	339.990312	340.007592	339.798326	339.841785	
1.762227	340.008803	340.033772	339.816817	339.867965	
1.772581	340.028415	340.059951	339.836429	339.885419	
1.784215	340.051299	340.086131	339.859313	339.894145	
1.793992	340.071034	340.112311	339.879048	339.902872	
1.804149	340.092181	340.138491	339.900195	339.911598	
1.814277	340.113882	340.147218	339.921896	339.920325	
1.824422	340.136245	340.164671	339.944259	339.937778	
1.842566	340.178622	340.173398	339.986636	339.972685	
1.847092	340.189127	340.182125	339.997141	339.981412	
1.857221	340.213441	340.199578	340.021454	339.998865	
1.867356	340.238382	340.217031	340.046396	340.025045	
1.877525	340.264035	340.234484	340.072049	340.051225	
1.895797	340.312586	340.269391	340.120599	340.103585	
1.900312	340.32449	340.286844	340.132503	340.121038	
1.910498	340.352204	340.304298	340.160218	340.147218	
1.920657	340.38044	340.330477	340.188454	340.182125	
1.930815	340.409319	340.356657	340.217333	340.208304	
1.940942	340.438712	340.391564	340.246726	340.243211	
1.951105	340.468828	340.417744	340.276841	340.269391	
1.961239	340.499469	340.452651	340.307483	340.304298	
1.971345	340.530644	340.496284	340.338658	340.339204	
1.981545	340.562759	340.53119	340.370773	340.374111	
1.991744	340.59547	340.566097	340.403483	340.409017	
2.001864	340.628528	340.618457	340.436542	340.443924	
2.012033	340.662375	340.653363	340.470389	340.47883	
2.02227	340.697101	340.696997	340.505114	340.522464	
2.032487	340.732639	340.74063	340.540653	340.566097	
2.042496	340.767513	340.775536	340.575526	340.601004	
2.052604	340.803615	340.81917	340.611629	340.644637	
2.062739	340.840438	340.862803	340.648452	340.679543	
2.072907	340.87801	340.897709	340.686024	340.723177	
2.083067	340.916183	340.932616	340.724197	340.758083	
2.09355	340.956224	340.967523	340.764238	340.801716	
2.103695	340.99555	341.002429	340.803563	340.84535	
2.113801	341.035351	341.037336	340.843365	340.880256	
2.12391	341.075797	341.072242	340.883811	340.923889	
2.13412	341.117276	341.107149	340.92529	340.967523	
2.144218	341.158892	341.142056	340.966906	341.002429	
2.154364	341.201329	341.176962	341.009343	341.037336	
2.164547	341.244557	341.211869	341.052571	341.080969	
2.175278	341.290828	341.246775	341.098842	341.124602	
2.185564	341.335808	341.290409	341.143821	341.159509	
2.195138	341.378169	341.334042	341.186183	341.194415	
2.205231	341.42344	341.368948	341.231454	341.238049	
2.215437	341.469883	341.421308	341.277897	341.281682	
2.225488	341.516195	341.473668	341.324209	341.316589	
2.235658	341.563717	341.517301	341.371731	341.360222	
2.245791	341.611648	341.569661	341.419661	341.403855	
2.255929	341.660228	341.630748	341.468242	341.447488	
2.26654	341.711786	341.683108	341.5198	341.499848	
2.276644	341.761453	341.744194	341.569467	341.552208	
2.2868	341.812012	341.796554	341.620026	341.595841	
2.297381	341.865392	341.857641	341.673406	341.656928	
2.307252	341.915709	341.91	341.723723	341.709288	
2.317378	341.96796	341.96236	341.775974	341.770374	
2.327595	342.021336	342.01472	341.82935	341.822734	
2.337654	342.074462	342.06708	341.882476	341.883821	
2.347838	342.128886	342.11944	341.936899	341.944907	
2.358025	342.183948	342.1718	341.991962	341.997267	
2.368145	342.239249	342.22416	342.047263	342.058353	
2.378299	342.295367	342.27652	342.103381	342.11944	
2.388412	342.351865	342.328879	342.159879	342.1718	
2.399776	342.416216	342.389966	342.22423	342.241613	
2.409606	342.472381	342.451053	342.280394	342.293973	
2.419742	342.530878	342.503412	342.338892	342.355059	
2.429918	342.590276	342.555772	342.39829	342.407419	
2.440013	342.649798	342.616859	342.457812	342.468506	
2.450203	342.71053	342.677945	342.518544	342.520866	
2.460341	342.771556	342.730305	342.57957	342.573226	
2.470511	342.833371	342.800118	342.641385	342.634312	
2.480692	342.895906	342.852478	342.70392	342.686672	
2.490776	342.958434	342.922291	342.766448	342.747759	
2.502296	343.030764	342.992105	342.838778	342.817572	
2.512394	343.09467	343.044464	342.902684	342.878658	
2.522294	343.157911	343.114278	342.965925	342.939745	
2.532447	343.223407	343.184091	343.031421	343.000831	
2.542652	343.289931	343.245177	343.097945	343.070644	
2.552848	343.356935	343.314991	343.164948	343.140458	
2.562903	343.42362	343.376077	343.231634	343.201544	
2.57305	343.491556	343.454617	343.299569	343.271357	
2.583295	343.560767	343.52443	343.368781	343.34117	
2.593729	343.631969	343.585517	343.439983	343.410984	
2.604999	343.709643	343.672783	343.517657	343.49825	
2.614814	343.777786	343.742596	343.585799	343.57679	
2.624955	343.848804	343.812409	343.656818	343.646603	
2.635065	343.920253	343.890949	343.728267	343.725143	
2.645411	343.994048	343.969489	343.802062	343.794956	
2.655464	344.066294	344.039302	343.874308	343.864769	
2.665523	344.139219	344.109115	343.947233	343.943309	
2.675689	344.213536	344.187655	344.02155	344.021849	
2.685809	344.288167	344.266195	344.096181	344.091662	
2.696189	344.365324	344.344735	344.173338	344.170202	
2.707694	344.451739	344.432001	344.259753	344.248742	
2.717587	344.526493	344.510541	344.334507	344.327281	
2.727795	344.604325	344.580354	344.412339	344.405821	
2.737898	344.681942	344.667621	344.489956	344.484361	
2.748013	344.760289	344.746161	344.568303	344.562901	
2.758225	344.840016	344.8247	344.64803	344.641441	
2.768402	344.92009	344.911967	344.728104	344.719981	
2.778538	345.000441	344.990507	344.808455	344.79852	
2.7887	345.081627	345.069046	344.889641	344.87706	
2.798831	345.163179	345.156313	344.971193	344.9556	
2.810388	345.257136	345.243579	345.06515	345.051593	
2.820229	345.337527	345.322119	345.145541	345.130133	
2.830375	345.421171	345.409386	345.229185	345.217399	
2.841014	345.509514	345.487925	345.317528	345.304666	
2.851063	345.59352	345.575192	345.401533	345.383206	
2.861257	345.679442	345.662458	345.487456	345.470472	
2.87147	345.766057	345.749725	345.574071	345.557739	
2.881561	345.852313	345.836991	345.660327	345.645005	
2.891702	345.939589	345.924258	345.747602	345.732272	
2.901807	346.027183	346.011524	345.835197	345.819538	
2.912999	346.125041	346.098791	345.933055	345.924258	
2.922817	346.211298	346.186057	346.019312	346.011524	
2.932999	346.301504	346.28205	346.109518	346.098791	
2.943102	346.391531	346.369317	346.199545	346.186057	
2.953721	346.486924	346.456583	346.294938	346.273324	
2.963404	346.5744	346.552576	346.382414	346.369317	
2.97354	346.666619	346.639843	346.474632	346.46531	
2.983694	346.759592	346.735836	346.567606	346.552576	
2.993797	346.852755	346.831829	346.660769	346.648569	
3.004081	346.948265	346.927822	346.756279	346.735836	
3.015642	347.056447	347.032542	346.864461	346.849282	
3.025341	347.147587	347.128535	346.955601	346.936549	
3.036198	347.250537	347.224528	347.058551	347.032542	
3.04574	347.341439	347.320521	347.149453	347.128535	
3.055809	347.438016	347.425241	347.24603	347.233255	
3.06591	347.535503	347.521234	347.343517	347.329248	
3.083974	347.71225	347.704494	347.520264	347.503781	
3.088489	347.756336	347.7394	347.56435	347.547414	
3.098599	347.855893	347.84412	347.663907	347.652134	
3.108788	347.957223	347.940113	347.765237	347.756853	
3.119012	348.058869	348.036106	347.866882	347.861573	
3.129151	348.160581	348.140826	347.968594	347.957566	
3.139331	348.263337	348.245546	348.071351	348.062286	
3.149407	348.36563	348.350265	348.173644	348.167006	
3.159582	348.469531	348.446259	348.277545	348.271726	
3.169745	348.57396	348.559705	348.381974	348.376445	
3.179872	348.678602	348.655698	348.486616	348.481165	
3.190261	348.786702	348.769144	348.594716	348.585885	
3.200365	348.892326	348.873864	348.70034	348.690605	
3.210468	348.998605	348.978584	348.806619	348.795324	
3.220722	349.107129	349.083304	348.915143	348.908771	
3.230902	349.215512	349.188023	349.023526	349.013491	
3.241083	349.324506	349.292743	349.13252	349.11821	
3.251193	349.433253	349.40619	349.241267	349.231657	
3.261294	349.542624	349.510909	349.350638	349.345103	
3.27154	349.654189	349.624356	349.462202	349.449823	
3.281605	349.76433	349.746529	349.572344	349.563269	
3.291739	349.874021	349.851249	349.682034	349.676716	
3.302027	349.984751	349.964695	349.792765	349.781435	
3.3126	350.097914	350.078141	349.905927	349.894882	
3.323141	350.210048	350.200314	350.018062	350.008328	
3.333275	350.317178	350.305034	350.125192	350.113048	
3.343503	350.424706	350.427207	350.23272	350.217768	
3.353521	350.529462	350.531927	350.337476	350.331214	
3.363946	350.637832	350.645373	350.445846	350.435934	
3.37381	350.739765	350.750093	350.547779	350.54938	
3.383961	350.844009	350.854813	350.652023	350.6541	
3.394078	350.947343	350.959533	350.755357	350.767546	
3.404189	351.050015	351.064252	350.858029	350.872266	
3.414397	351.153025	351.168972	350.961039	350.985713	
3.426012	351.269438	351.282419	351.077451	351.099159	
3.435891	351.367769	351.387138	351.175783	351.203879	
3.446107	351.468943	351.491858	351.276957	351.308598	
3.456278	351.569034	351.587851	351.377048	351.413318	
3.466695	351.670919	351.683844	351.478933	351.518038	
3.476876	351.769817	351.788564	351.577831	351.614031	
3.487018	351.86776	351.884557	351.675774	351.718751	
3.497124	351.964757	351.98055	351.77277	351.814744	
3.507256	352.061388	352.076543	351.869402	351.90201	
3.517442	352.157931	352.172536	351.965945	351.998004	
3.528836	352.265113	352.277256	352.073127	352.102723	
3.539251	352.362424	352.373249	352.170438	352.18999	
3.548707	352.450222	352.460516	352.258236	352.277256	
3.558881	352.544123	352.556509	352.352137	352.364523	
3.569024	352.637071	352.643775	352.445085	352.451789	
3.579198	352.729774	352.731042	352.537788	352.547782	
3.589338	352.821491	352.818308	352.629505	352.635049	
3.599575	352.91344	352.914301	352.721453	352.731042	
3.609643	353.003279	353.001568	352.811292	352.818308	
3.619775	353.093092	353.097561	352.901106	352.905575	
3.63148	353.196045	353.193554	353.004059	353.010295	
3.641207	353.281001	353.289547	353.089015	353.097561	
3.651302	353.368553	353.376814	353.176567	353.184827	
3.661545	353.456845	353.46408	353.264858	353.280821	
3.671662	353.543341	353.551347	353.351355	353.368087	
3.682039	353.631925	353.638613	353.439939	353.455353	
3.692181	353.716999	353.72588	353.525013	353.54262	
3.702475	353.803197	353.813146	353.61121	353.638613	
3.712497	353.886452	353.900412	353.694466	353.717153	
3.722614	353.969966	353.987679	353.77798	353.804419	
3.734075	354.063731	354.074945	353.871745	353.900412	
3.743801	354.142688	354.153485	353.950701	353.978952	
3.753925	354.22432	354.232025	354.032334	354.057492	
3.764376	354.307976	354.319291	354.11599	354.144759	
3.776081	354.400835	354.389105	354.208849	354.223298	
3.784331	354.465836	354.476371	354.27385	354.301838	
3.794451	354.544985	354.546184	354.352999	354.380378	
3.812449	354.68343	354.624724	354.491444	354.520004	
3.817023	354.718648	354.720717	354.526662	354.554911	
3.827147	354.795894	354.799257	354.603908	354.633451	
3.837397	354.873487	354.877797	354.681501	354.703264	
3.847585	354.949912	354.956337	354.757926	354.781804	
3.857652	355.024867	355.034876	354.83288	354.860344	
3.867795	355.099846	355.10469	354.907859	354.930157	
3.877973	355.17437	355.183229	354.982384	354.99997	
3.888134	355.24815	355.261769	355.056164	355.069783	
3.898231	355.320918	355.331582	355.128931	355.139596	
3.908399	355.393537	355.401396	355.201551	355.218136	
3.918524	355.465269	355.471209	355.273282	355.287949	
3.928714	355.536841	355.532295	355.344855	355.366489	
3.939279	355.610406	355.610835	355.41842	355.436302	
3.949085	355.678057	355.671922	355.486071	355.506115	
3.959222	355.747406	355.733008	355.55542	355.575929	
3.969363	355.816185	355.802821	355.624199	355.645742	
3.979519	355.884432	355.872634	355.692446	355.715555	
3.989672	355.952087	355.942448	355.7601	355.776641	
3.999895	356.019538	356.012261	355.827552	355.837728	
4.010011	356.085698	356.082074	355.893712	355.907541	
4.020139	356.151321	356.143161	355.959335	355.968628	
4.030305	356.216588	356.204247	356.024602	356.029714	
4.043632	356.301011	356.291514	356.109025	356.116981	
4.053529	356.363144	356.361327	356.171158	356.178067	
4.063672	356.426249	356.43114	356.234263	356.239154	
4.073775	356.488488	356.492226	356.296502	356.30024	
4.083986	356.55082	356.553313	356.358834	356.361327	
4.094174	356.61233	356.614399	356.420344	356.43114	
4.104245	356.672577	356.675486	356.480591	356.492226	
4.114384	356.73259	356.727846	356.540604	356.553313	
4.12457	356.792277	356.797659	356.600291	356.614399	
4.135197	356.853894	356.850019	356.661908	356.675486	
4.153988	356.960303	356.963465	356.768317	356.788932	
4.158554	356.986156	356.989645	356.79417	356.815112	
4.168705	357.042991	357.042005	356.851005	356.876199	
4.17881	357.09896	357.103092	356.906974	356.937285	
4.189089	357.155295	357.164178	356.963308	356.989645	
4.199182	357.20997	357.216538	357.017984	357.042005	
4.209322	357.264297	357.268898	357.072311	357.094365	
4.219463	357.318031	357.321258	357.126045	357.155451	
4.229586	357.371076	357.382344	357.179089	357.199085	
4.2398	357.423967	357.425978	357.231981	357.260171	
4.25	357.476212	357.487064	357.284225	357.303804	
4.260086	357.52718	357.530697	357.335194	357.356164	
4.271209	357.582715	357.591784	357.390728	357.408524	
4.280532	357.628759	357.635417	357.436773	357.460884	
4.290697	357.678339	357.687777	357.486353	357.504517	
4.300828	357.727157	357.740137	357.535171	357.548151	
4.311015	357.775637	357.792497	357.583651	357.60051	
4.321179	357.823375	357.83613	357.631389	357.644144	
4.331322	357.870414	357.879763	357.678428	357.696504	
4.34154	357.917219	357.932123	357.725233	357.740137	
4.351997	357.964449	357.975756	357.772463	357.792497	
4.361891	358.00855	358.019389	357.816564	357.83613	
4.372034	358.053368	358.071749	357.861382	357.879763	
4.382235	358.097423	358.115383	357.905437	357.932123	
4.392576	358.141671	358.159016	357.949685	357.975756	
4.40245	358.183325	358.202649	357.991339	358.019389	
4.412618	358.225616	358.246282	358.03363	358.063023	
4.422778	358.267287	358.281189	358.075301	358.106656	
4.432967	358.308444	358.324822	358.116457	358.150289	
4.443005	358.348438	358.368455	358.156452	358.193922	
4.453849	358.39091	358.403362	358.198924	358.237556	
4.463959	358.429901	358.438268	358.237914	358.281189	
4.474086	358.46837	358.490628	358.276384	358.316095	
4.4842	358.506199	358.525535	358.314213	358.359729	
4.49448	358.544054	358.560442	358.352068	358.394635	
4.504511	358.580361	358.604075	358.388375	358.438268	
4.514722	358.616723	358.638981	358.424737	358.473175	
4.524803	358.652038	358.682615	358.460052	358.516808	
4.534938	358.686934	358.717521	358.494948	358.551715	
4.545366	358.722212	358.752428	358.530226	358.595348	
4.55652	358.759195	358.787334	358.567209	358.630255	
4.56662	358.792082	358.822241	358.600096	358.665161	
4.576779	358.824587	358.857148	358.632601	358.691341	
4.586898	358.85636	358.892054	358.664374	358.708795	
4.597124	358.88787	358.926961	358.695884	358.726248	
4.607292	358.918607	358.961867	358.726621	358.734974	
4.617411	358.94858	358.996774	358.756593	358.752428	
4.62757	358.978079	359.03168	358.786093	358.769881	
4.63769	359.006878	359.05786	358.814892	358.787334	
4.647884	359.03528	359.08404	358.843294	358.804788	
4.659561	359.06699	359.118947	358.875004	358.839694	
4.669363	359.093077	359.145127	358.901091	358.874601	
4.679633	359.119815	359.171307	358.927829	358.900781	
4.689691	359.145409	359.197487	358.953423	358.935687	
4.699783	359.170492	359.223667	358.978505	358.970594	
4.709997	359.195287	359.249847	359.003301	359.014227	
4.720158	359.219355	359.258573	359.027369	359.049134	
4.730292	359.242773	359.276027	359.050786	359.08404	
4.740439	359.26564	359.276027	359.073653	359.11022	
4.75057	359.287876	359.29348	359.09589	359.145127	
4.77004	359.327925	359.302206	359.135938	359.206213	
4.782525	359.352952	359.31966	359.160966	359.24112	
4.787055	359.36202	359.34584	359.170034	359.249847	
4.797161	359.381521	359.363293	359.189535	359.258573	
4.807662	359.401153	359.380746	359.209167	359.276027	
4.817517	359.419026	359.406926	359.227039	359.276027	
4.827625	359.436788	359.42438	359.244801	359.284753	
4.837821	359.454121	359.450559	359.262135	359.276027	
4.847954	359.470763	359.476739	359.278776	359.276027	
4.860328	359.490171	359.494193	359.298185	359.2673	
4.868354	359.502465	359.520373	359.310479	359.2673	
4.878525	359.517431	359.537826	359.325445	359.276027	
4.888644	359.531754	359.564006	359.339768	359.284753	
4.898761	359.545509	359.590186	359.353523	359.29348	
4.90895	359.558833	359.607639	359.366847	359.310933	
4.919148	359.571507	359.616366	359.379521	359.328386	
4.929286	359.583586	359.625092	359.3916	359.354566	
4.939425	359.595106	359.625092	359.40312	359.380746	
4.949559	359.606064	359.616366	359.414078	359.3982	
4.959762	359.616537	359.607639	359.424551	359.433106	
4.969954	359.626439	359.598912	359.434452	359.459286	
4.98007	359.635719	359.598912	359.443732	359.485466	
4.990266	359.644518	359.607639	359.452532	359.502919	
5.000388	359.652719	359.607639	359.460732	359.511646	
5.010511	359.660386	359.625092	359.4684	359.520373	
5.020714	359.667577	359.633819	359.475591	359.520373	
5.030898	359.674221	359.651272	359.482235	359.520373	
5.041275	359.680445	359.659999	359.488459	359.511646	
5.051505	359.686065	359.686179	359.494079	359.502919	
5.061643	359.691132	359.694906	359.499146	359.494193	
5.071865	359.695742	359.721085	359.503755	359.485466	
5.082012	359.699834	359.738539	359.507848	359.468013	
5.09215	359.703455	359.747265	359.511469	359.468013	
5.102335	359.706634	359.755992	359.514648	359.476739	
5.112584	359.709387	359.755992	359.517401	359.485466	
5.12262	359.71168	359.747265	359.519693	359.494193	
5.132739	359.713599	359.738539	359.521613	359.502919	
5.142917	359.715165	359.729812	359.523179	359.520373	
5.153076	359.719612	359.712359	359.527626	359.537826	
5.163151	359.719612	359.694906	359.527626	359.555279	
5.173749	359.719612	359.686179	359.527626	359.572732	
5.183622	359.719612	359.668726	359.527626	359.590186	
5.193729	359.719612	359.659999	359.527626	359.598912	
5.20382	359.719612	359.659999	359.527626	359.598912	
5.214041	359.719612	359.659999	359.527626	359.590186	
5.224143	359.719612	359.668726	359.527626	359.581459	
5.234304	359.719612	359.677452	359.527626	359.572732	
5.24444	359.719612	359.694906	359.527626	359.555279	
5.254631	359.719612	359.712359	359.527626	359.537826	
5.265188	359.719612	359.729812	359.527626	359.511646	
5.274986	359.719612	359.747265	359.527626	359.494193	
5.285044	359.719612	359.764719	359.527626	359.468013	
5.295152	359.719612	359.782172	359.527626	359.459286	
5.31542	359.719612	359.790899	359.527626	359.441833	
5.319999	359.719612	359.782172	359.527626	359.441833	
5.330124	359.719612	359.773445	359.527626	359.450559	
5.340261	359.719612	359.764719	359.527626	359.450559	
5.350448	359.719612	359.747265	359.527626	359.468013	
5.360571	359.719612	359.729812	359.527626	359.485466	
5.370684	359.719612	359.712359	359.527626	359.502919	
5.380839	359.719612	359.694906	359.527626	359.529099	
5.391019	359.719612	359.668726	359.527626	359.555279	
5.401206	359.719612	359.659999	359.527626	359.572732	
5.411353	359.719612	359.651272	359.527626	359.598912	
5.421487	359.719612	359.651272	359.527626	359.607639	
5.431735	359.719612	359.659999	359.527626	359.607639	
5.441858	359.719612	359.677452	359.527626	359.607639	
5.451966	359.719612	359.686179	359.527626	359.607639	
5.462197	359.719612	359.703632	359.527626	359.590186	
5.472331	359.719612	359.729812	359.527626	359.572732	
5.482463	359.719612	359.747265	359.527626	359.555279	
5.492606	359.719612	359.764719	359.527626	359.537826	
5.502705	359.719612	359.782172	359.527626	359.511646	
5.512887	359.719612	359.782172	359.527626	359.485466	
5.523035	359.719612	359.782172	359.527626	359.468013	
5.533181	359.719612	359.782172	359.527626	359.450559	
5.543352	359.719612	359.773445	359.527626	359.441833	
5.553519	359.719612	359.764719	359.527626	359.441833	
5.563582	359.719612	359.747265	359.527626	359.450559	
5.573732	359.719612	359.729812	359.527626	359.459286	
5.58401	359.719612	359.703632	359.527626	359.468013	
5.594062	359.719612	359.677452	359.527626	359.485466	
5.604183	359.719612	359.659999	359.527626	359.502919	
5.614381	359.719612	359.651272	359.527626	359.529099	
5.646929	359.719612	359.651272	359.527626	359.607639	
5.653749	359.719612	359.677452	359.527626	359.616366	
