0.03780841	
0.04235921	
0.05247179	
0.06261736	
0.07278893	
0.0829375	
0.09308208	
0.1063995	
0.1160141	
0.1260977	
0.1363932	
0.1464468	
0.1565714	
0.166707	
0.1768605	
0.1870831	
0.1971707	
0.2073303	
0.2174818	
0.2275834	
0.237723	
0.2478895	
0.2580511	
0.2681397	
0.2782993	
0.2963035	
0.3005883	
0.3107669	
0.3209065	
0.3311	
0.3411866	
0.3513252	
0.3615148	
0.3716563	
0.3818059	
0.3919605	
0.40233	
0.4124476	
0.4226032	
0.4327928	
0.4429183	
0.4530879	
0.4632115	
0.473411	
0.4835596	
0.4936802	
0.5038568	
0.5140393	
0.5241639	
0.5343115	
0.544463	
0.5545936	
0.5647632	
0.5748938	
0.5850463	
0.5952399	
0.6077604	
0.615511	
0.6256356	
0.6357802	
0.6462468	
0.6561183	
0.6756305	
0.6800313	
0.6901769	
0.7004875	
0.710611	
0.7208226	
0.7310362	
0.7411578	
0.7512663	
0.7614109	
0.7716075	
0.781774	
0.7919096	
0.8021102	
0.8122088	
0.8223783	
0.8325779	
0.8426845	
0.852826	
0.8629786	
0.8731602	
0.8833638	
0.8934453	
0.9036239	
0.9138055	
0.923896	
0.9340536	
0.9442202	
0.9543708	
0.9645083	
0.9748329	
0.9848585	
0.9949791	
1.005104	
1.015218	
1.035329	
1.039661	
1.049926	
1.05999	
1.070089	
1.080458	
1.090422	
1.103235	179.648219	179.64674	179.334059	179.332581	
1.112469	179.649694	179.64674	179.335535	179.332581	
1.122555	179.651944	179.64674	179.337785	179.341307	
1.132697	179.654825	179.64674	179.340665	179.341307	
1.142881	179.658341	179.64674	179.344181	179.341307	
1.153045	179.662472	179.655467	179.348313	179.350034	
1.16318	179.667203	179.655467	179.353044	179.350034	
1.173358	179.672577	179.664193	179.358418	179.350034	
1.184262	179.67908	179.664193	179.364921	179.358761	
1.193646	179.68515	179.664193	179.37099	179.367487	
1.205348	179.693634	179.664193	179.379475	179.384941	
1.215186	179.701284	179.664193	179.387125	179.384941	
1.225384	179.709856	179.664193	179.395697	179.402394	
1.235565	179.719032	179.67292	179.404873	179.419847	
1.245704	179.728786	179.681646	179.414626	179.428574	
1.255882	179.73926	179.681646	179.4251	179.446027	
1.26608	179.750261	179.690373	179.436101	179.454754	
1.276199	179.761849	179.6991	179.44769	179.454754	
1.286556	179.774362	179.707826	179.460203	179.46348	
1.296443	179.786879	179.716553	179.47272	179.46348	
1.308097	179.802506	179.734006	179.488347	179.472207	
1.317894	179.816158	179.760186	179.501999	179.472207	
1.328213	179.831208	179.786366	179.517049	179.480934	
1.338452	179.846757	179.80382	179.532598	179.48966	
1.356699	179.876914	179.838726	179.562754	179.507114	
1.361258	179.884374	179.864906	179.570215	179.51584	
1.371472	179.901913	179.891086	179.587754	179.533294	
1.38157	179.919861	179.925993	179.605701	179.559473	
1.391707	179.938499	179.943446	179.62434	179.576927	
1.402139	179.958335	179.969626	179.644176	179.611833	
1.412099	179.977858	179.987079	179.663699	179.638013	
1.422237	179.99834	180.004532	179.68418	179.67292	
1.432393	180.019485	180.030712	179.705326	179.6991	
1.442528	180.041205	180.039439	179.727045	179.734006	
1.452731	180.063699	180.056892	179.74954	179.768913	
1.462865	180.086648	180.074346	179.772489	179.80382	
1.473046	180.110336	180.083072	179.796177	179.829999	
1.483193	180.13456	180.100526	179.820401	179.856179	
1.493297	180.159288	180.117979	179.845129	179.873633	
1.503536	180.184989	180.135432	179.87083	179.891086	
1.513707	180.21115	180.152885	179.89699	179.908539	
1.523821	180.237741	180.179065	179.923582	179.934719	
1.53397	180.265057	180.205245	179.950897	179.952173	
1.544128	180.293013	180.231425	179.978854	179.978352	
1.554264	180.32153	180.257605	180.007371	179.995806	
1.564456	180.350839	180.292512	180.036679	180.013259	
1.57459	180.38058	180.327418	180.066421	180.048166	
1.58479	180.411141	180.371052	180.096982	180.065619	
1.594915	180.442097	180.414685	180.127937	180.091799	
1.605081	180.473821	180.449591	180.159662	180.117979	
1.61557	180.507201	180.484498	180.193042	180.152885	
1.625674	180.539937	180.528131	180.225777	180.187792	
1.635815	180.57343	180.571764	180.259271	180.222699	
1.646005	180.60771	180.606671	180.293551	180.275058	
1.656295	180.643232	180.641578	180.329073	180.318692	
1.667636	180.682644	180.676484	180.368485	180.362325	
1.676453	180.713862	180.711391	180.399702	180.405958	
1.686824	180.751318	180.746297	180.437159	180.449591	
1.696704	180.787537	180.772477	180.473377	180.493225	
1.717476	180.867014	180.833564	180.552855	180.571764	
1.722125	180.884661	180.851017	180.570502	180.597944	
1.732182	180.923686	180.885924	180.609527	180.641578	
1.742348	180.963777	180.92083	180.649618	180.676484	
1.752466	181.004267	180.955737	180.690108	180.711391	
1.762632	181.045579	181.008097	180.73142	180.746297	
1.772791	181.087473	181.043003	180.773314	180.781204	
1.782954	181.130012	181.095363	180.815853	180.816111	
1.793119	181.173193	181.138996	180.859033	180.851017	
1.803248	181.216817	181.191356	180.902658	180.89465	
1.813426	181.261272	181.23499	180.947112	180.929557	
1.823667	181.306673	181.287349	180.992513	180.97319	
1.833798	181.352136	181.339709	181.037976	181.008097	
1.843936	181.398278	181.392069	181.084119	181.05173	
1.854094	181.445127	181.435702	181.130968	181.095363	
1.864207	181.492395	181.488062	181.178236	181.147723	
1.87459	181.541585	181.531695	181.227426	181.200083	
1.884546	181.589296	181.584055	181.275137	181.243716	
1.894702	181.63863	181.636415	181.32447	181.304803	
1.904915	181.688853	181.680048	181.374694	181.357163	
1.915	181.739073	181.723682	181.424914	181.409522	
1.925502	181.792035	181.776042	181.477876	181.470609	
1.935347	181.842194	181.819675	181.528035	181.514242	
1.9455	181.894598	181.863308	181.580439	181.575329	
1.955661	181.947647	181.915668	181.633488	181.627689	
1.965774	182.001085	181.968028	181.686925	181.688775	
1.975977	182.055603	182.020388	181.741444	181.741135	
1.986176	182.110725	182.072748	181.796565	181.793495	
1.996254	182.165814	182.133834	181.851655	181.845855	
2.006409	182.221923	182.194921	181.907764	181.898215	
2.016563	182.278685	182.24728	181.964526	181.950575	
2.027121	182.338386	182.317094	182.024227	182.002934	
2.036884	182.394062	182.37818	182.079903	182.064021	
2.047061	182.452781	182.439267	182.138622	182.116381	
2.05719	182.511849	182.50908	182.19769	182.177467	
2.067646	182.573514	182.56144	182.259355	182.238554	
2.077462	182.6319	182.631253	182.31774	182.29964	
2.087617	182.692968	182.683613	182.378809	182.360727	
2.097756	182.754581	182.753426	182.440422	182.421813	
2.107904	182.816855	182.805786	182.502696	182.491627	
2.118035	182.879602	182.866872	182.565443	182.56144	
2.129113	182.949048	182.936686	182.634889	182.631253	
2.139257	183.013162	182.997772	182.699002	182.692339	
2.149374	183.077736	183.050132	182.763577	182.753426	
2.159497	183.142964	183.119945	182.828805	182.823239	
2.169694	183.209327	183.181032	182.895168	182.884326	
2.179861	183.276102	183.242118	182.961943	182.954139	
2.190154	183.34433	183.311931	183.030171	183.015225	
2.200245	183.411818	183.381745	183.097658	183.085039	
2.210411	183.480463	183.451558	183.166304	183.146125	
2.220625	183.550039	183.521371	183.23588	183.215938	
2.232349	183.6308	183.599911	183.316641	183.294478	
2.242206	183.699176	183.67845	183.385016	183.364291	
2.252308	183.769906	183.748264	183.455747	183.434104	
2.262435	183.841406	183.818077	183.527247	183.503918	
2.272604	183.91386	183.905343	183.599701	183.573731	
2.282769	183.986905	183.975156	183.672746	183.643544	
2.292882	184.06016	184.053696	183.746001	183.722084	
2.303061	184.134517	184.132236	183.820358	183.800624	
2.313211	184.209308	184.202049	183.895149	183.879163	
2.323631	184.286757	184.271862	183.972598	183.957703	
2.33523	184.373807	184.359129	184.059648	184.053696	
2.345047	184.447981	184.428942	184.133821	184.132236	
2.355168	184.525076	184.498755	184.210916	184.202049	
2.365352	184.603274	184.577295	184.289115	184.289316	
2.375512	184.681923	184.655835	184.367764	184.367856	
2.385662	184.761159	184.725648	184.447	184.446395	
2.395824	184.841014	184.812914	184.526855	184.524935	
2.405998	184.921665	184.891454	184.607505	184.603475	
2.416127	185.002517	184.969994	184.688357	184.682015	
2.4264	185.085213	185.057261	184.771053	184.760555	
2.439654	185.193094	185.16198	184.878935	184.856548	
2.449204	185.271135	185.24052	184.956976	184.935088	
2.459351	185.354795	185.327787	185.040636	185.013627	
2.46948	185.438905	185.415053	185.124746	185.100894	
2.479661	185.52413	185.493593	185.209971	185.179434	
2.489809	185.609637	185.580859	185.295477	185.2667	
2.5	185.696095	185.668126	185.381936	185.353967	
2.510075	185.782226	185.764119	185.468067	185.44996	
2.520209	185.869462	185.842659	185.555303	185.537226	
2.530531	185.958997	185.938652	185.644838	185.633219	
2.542156	186.060696	186.034645	185.746537	185.737939	
2.551968	186.146994	186.130638	185.832835	185.825205	
2.562221	186.237825	186.217905	185.923665	185.921199	
2.572282	186.327582	186.305171	186.013423	186.017192	
2.58241	186.418555	186.392437	186.104395	186.104458	
2.592633	186.51102	186.488431	186.196861	186.200451	
2.603128	186.606679	186.575697	186.29252	186.287718	
2.612868	186.695843	186.662964	186.381684	186.383711	
2.623	186.789356	186.75023	186.475197	186.470977	
2.633132	186.88343	186.846223	186.569271	186.558244	
2.644982	186.994447	186.950943	186.680287	186.67169	
2.654678	187.085693	187.046936	186.771534	186.75023	
2.664868	187.182228	187.134202	186.868069	186.846223	
2.675021	187.279106	187.230196	186.964947	186.942216	
2.685116	187.375964	187.326189	187.061805	187.029483	
2.695302	187.474417	187.430908	187.160258	187.134202	
2.705421	187.572729	187.526901	187.25857	187.230196	
2.715643	187.67272	187.631621	187.358561	187.326189	
2.725731	187.772007	187.736341	187.457848	187.430908	
2.73586	187.874084	187.841061	187.559925	187.526901	
2.747534	187.988862	187.963234	187.674703	187.649075	
2.757303	188.08678	188.067954	187.772621	187.745068	
2.767412	188.188823	188.1814	187.874664	187.849787	
2.77765	188.292781	188.28612	187.978621	187.954507	
2.787822	188.396728	188.390839	188.082569	188.067954	
2.797904	188.50025	188.504286	188.18609	188.172673	
2.80804	188.605027	188.609006	188.290868	188.28612	
2.818252	188.711197	188.722452	188.397037	188.399566	
2.82838	188.817127	188.827172	188.502968	188.513013	
2.84852	189.030879	188.931892	188.716719	188.722452	
2.853137	189.07971	189.080245	188.76555	188.774812	
2.863256	189.18762	189.184964	188.873461	188.879532	
2.873411	189.296567	189.298411	188.982408	188.984251	
2.883605	189.406557	189.40313	189.092398	189.088971	
2.89376	189.516765	189.50785	189.202606	189.193691	
2.904088	189.62953	189.61257	189.31537	189.298411	
2.914164	189.738234	189.71729	189.424075	189.40313	
2.924242	189.846402	189.822009	189.532243	189.50785	
2.934341	189.954193	189.935456	189.640034	189.61257	
2.944516	190.06216	190.048902	189.748	189.71729	
2.954766	190.170404	190.153622	189.856245	189.830736	
2.964888	190.276529	190.275795	189.96237	189.944182	
2.975021	190.382235	190.380515	190.068076	190.057629	
2.985192	190.487757	190.485235	190.173598	190.171075	
2.995319	190.592177	190.589954	190.278017	190.275795	
3.005518	190.696763	190.694674	190.382604	190.397968	
3.015598	190.799795	190.80812	190.485636	190.502688	
3.026527	190.910183	190.921567	190.596024	190.624861	
3.036526	191.010833	191.01756	190.696674	190.729581	
3.046623	191.111975	191.113553	190.797816	190.8343	
3.056939	191.214643	191.218273	190.900484	190.93902	
3.067074	191.314802	191.322993	191.000642	191.04374	
3.077163	191.413955	191.418986	191.099796	191.14846	
3.087287	191.512866	191.514979	191.198707	191.244453	
3.097752	191.61448	191.602245	191.300321	191.331719	
3.11545	191.78405	191.768052	191.469891	191.497526	
3.120098	191.828636	191.811685	191.514476	191.532432	
3.130279	191.925499	191.898951	191.61134	191.619699	
3.140384	192.021039	191.986218	191.70688	191.706965	
3.150555	192.116638	192.090937	191.802479	191.785505	
3.160808	192.212357	192.178204	191.898197	191.872771	
3.170939	192.306353	192.26547	191.992194	191.960038	
3.181081	192.399771	192.37019	192.085611	192.056031	
3.191484	192.495447	192.466183	192.181287	192.143297	
3.201618	192.587228	192.562176	192.273069	192.23929	
3.211781	192.679018	192.658169	192.364859	192.335284	
3.221912	192.769959	192.754163	192.4558	192.440003	
3.232094	192.860736	192.850156	192.546577	192.535996	
3.242273	192.950875	192.946149	192.636716	192.63199	
3.252423	193.040152	193.033415	192.725992	192.736709	
3.262579	193.128907	193.129408	192.814748	192.832702	
3.272828	193.217809	193.225401	192.90365	192.928696	
3.282906	193.304601	193.312668	192.990442	193.033415	
3.293008	193.39104	193.399934	193.076881	193.120682	
3.303199	193.477634	193.487201	193.163475	193.207948	
3.313407	193.56375	193.574467	193.249591	193.295215	
3.323641	193.649526	193.661734	193.335366	193.382481	
3.33372	193.733318	193.740274	193.419159	193.461021	
3.343843	193.816888	193.818813	193.502729	193.539561	
3.354017	193.9003	193.897353	193.586141	193.609374	
3.364201	193.983192	193.975893	193.669032	193.687914	
3.374333	194.065009	194.054433	193.750849	193.757727	
3.384486	194.146396	194.132973	193.832237	193.82754	
3.394662	194.227358	194.211513	193.913199	193.897353	
3.404799	194.30746	194.290052	193.993301	193.975893	
3.414972	194.38719	194.359866	194.073031	194.045706	
3.425127	194.466172	194.447132	194.152013	194.115519	
3.435297	194.544655	194.525672	194.230496	194.194059	
3.44543	194.622257	194.604212	194.308097	194.272599	
3.455577	194.699367	194.682751	194.385208	194.351139	
3.465967	194.777734	194.761291	194.463575	194.429679	
3.475955	194.852406	194.839831	194.538247	194.516945	
3.486118	194.927834	194.918371	194.613675	194.604212	
3.496244	195.002342	195.005637	194.688183	194.691478	
3.506417	195.076651	195.084177	194.762492	194.778745	
3.516485	195.149514	195.162717	194.835355	194.866011	
3.526687	195.222775	195.23253	194.908616	194.944551	
3.536869	195.295277	195.319797	194.981118	195.023091	
3.546967	195.366598	195.38961	195.052439	195.10163	
3.557553	195.440713	195.459423	195.126554	195.171444	
3.568213	195.514661	195.529236	195.200502	195.249983	
3.57816	195.58307	195.599049	195.268911	195.31107	
3.588257	195.651921	195.660136	195.337762	195.372156	
3.598453	195.720841	195.721222	195.406682	195.44197	
3.609065	195.791912	195.791035	195.477753	195.503056	
3.618684	195.855786	195.852122	195.541627	195.555416	
3.628811	195.922451	195.913209	195.608291	195.607776	
3.638991	195.988834	195.974295	195.674675	195.660136	
3.649094	196.054113	196.035382	195.739954	195.721222	
3.659283	196.119381	196.105195	195.805222	195.773582	
3.672291	196.201596	196.175008	195.887437	195.843395	
3.680861	196.255367	196.244821	195.941207	195.895755	
3.691467	196.321301	196.305908	196.007142	195.965568	
3.701044	196.380242	196.366994	196.066083	196.035382	
3.711176	196.442045	196.436807	196.127885	196.105195	
3.721345	196.503448	196.497894	196.189288	196.175008	
3.731557	196.564499	196.567707	196.250339	196.244821	
3.741689	196.624484	196.628794	196.310325	196.314634	
3.751827	196.683891	196.698607	196.369732	196.384447	
3.761964	196.742697	196.750967	196.428538	196.454261	
3.773819	196.810637	196.82078	196.496478	196.5328	
3.783551	196.866009	196.881866	196.55185	196.593887	
3.793812	196.923478	196.942953	196.609319	196.6637	
3.803952	196.979772	196.995313	196.665612	196.724787	
3.814041	197.035232	197.047673	196.721073	196.777147	
3.824235	197.090648	197.100032	196.776489	196.829506	
3.834445	197.145542	197.152392	196.831382	196.881866	
3.844543	197.199251	197.196026	196.885091	196.934226	
3.854704	197.25268	197.239659	196.93852	196.977859	
3.86485	197.305429	197.292019	196.99127	197.030219	
3.876477	197.365074	197.344379	197.050915	197.082579	
3.886247	197.414639	197.396738	197.10048	197.117486	
3.896635	197.466747	197.440372	197.152587	197.161119	
3.906775	197.516974	197.492732	197.202815	197.204752	
3.91683	197.566208	197.536365	197.252049	197.248385	
3.927094	197.615849	197.588725	197.30169	197.292019	
3.937215	197.664197	197.641084	197.350038	197.335652	
3.947343	197.711971	197.693444	197.397812	197.379285	
3.957451	197.759079	197.745804	197.44492	197.431645	
3.967699	197.806355	197.806891	197.492196	197.475278	
3.978832	197.856698	197.867977	197.542539	197.536365	
3.988856	197.901541	197.920337	197.587381	197.579998	
3.998997	197.946345	197.96397	197.632186	197.641084	
4.00914	197.990551	198.007604	197.676392	197.684718	
4.019328	198.034366	198.051237	197.720207	197.737078	
4.029451	198.077287	198.09487	197.763127	197.789437	
4.039635	198.119862	198.129777	197.805703	197.833071	
4.049778	198.161682	198.164683	197.847523	197.885431	
4.067789	198.233649	198.234496	197.91949	197.96397	
4.072334	198.251858	198.25195	197.937698	197.99015	
4.082628	198.29235	198.286856	197.978191	198.033784	
4.092681	198.33127	198.321763	198.017111	198.06869	
4.102819	198.369968	198.356669	198.055809	198.09487	
4.11302	198.408276	198.391576	198.094117	198.12105	
4.123092	198.445527	198.426483	198.131368	198.14723	
4.13324	198.482451	198.461389	198.168292	198.17341	
4.143427	198.51893	198.496296	198.204771	198.19959	
4.1536	198.554745	198.531202	198.240586	198.22577	
4.163818	198.590138	198.566109	198.275979	198.25195	
4.173913	198.62449	198.601016	198.310331	198.286856	
4.18445	198.659744	198.635922	198.345584	198.321763	
4.194365	198.692317	198.670829	198.378158	198.356669	
4.2044	198.724705	198.705735	198.410546	198.400303	
4.214566	198.756946	198.740642	198.442787	198.435209	
4.224696	198.788465	198.775549	198.474306	198.478843	
4.234905	198.819641	198.810455	198.505482	198.513749	
4.245046	198.850003	198.845362	198.535844	198.548656	
4.255189	198.879793	198.871542	198.565634	198.592289	
4.26532	198.908968	198.897722	198.594809	198.627196	
4.27545	198.937538	198.932628	198.623378	198.670829	
4.286899	198.969062	198.967535	198.654902	198.705735	
4.296726	198.995581	199.002441	198.681422	198.731915	
4.306878	199.022391	199.028621	198.708232	198.758095	
4.317263	199.049202	199.054801	198.735043	198.784275	
4.328321	199.077043	199.072254	198.762884	198.801728	
4.337329	199.09928	199.107161	198.785121	198.810455	
4.347427	199.123616	199.124614	198.809457	198.827908	
4.357563	199.147466	199.142068	198.833306	198.827908	
4.367708	199.170743	199.159521	198.856584	198.845362	
4.377888	199.193523	199.176974	198.879364	198.862815	
4.389803	199.21932	199.203154	198.905161	198.880268	
4.399542	199.239914	199.211881	198.925755	198.897722	
4.409709	199.260839	199.229334	198.946679	198.915175	
4.420137	199.28167	199.246787	198.967511	198.941355	
4.430444	199.301671	199.264241	198.987512	198.967535	
4.440141	199.319963	199.272967	199.005804	198.993715	
4.450383	199.338693	199.290421	199.024533	199.019895	
4.460461	199.356554	199.307874	199.042395	199.054801	
4.470579	199.373922	199.334054	199.059762	199.072254	
4.480786	199.390853	199.351507	199.076694	199.107161	
4.492539	199.409542	199.377687	199.095383	199.133341	
4.502322	199.424607	199.403867	199.110447	199.150794	
4.512436	199.439611	199.430047	199.125452	199.168248	
4.522664	199.454209	199.456227	199.14005	199.176974	
4.533043	199.468426	199.482407	199.154266	199.194428	
4.543243	199.481836	199.49986	199.167677	199.203154	
4.553356	199.494572	199.52604	199.180413	199.203154	
4.563617	199.506921	199.543493	199.192762	199.203154	
4.573703	199.518508	199.543493	199.204349	199.203154	
4.583841	199.529603	199.543493	199.215444	199.203154	
4.59503	199.541154	199.543493	199.226995	199.203154	
4.604928	199.550879	199.534767	199.23672	199.211881	
4.615027	199.560249	199.534767	199.246089	199.220607	
4.625182	199.569134	199.543493	199.254975	199.229334	
4.635329	199.577474	199.543493	199.263315	199.246787	
4.645501	199.585301	199.543493	199.271142	199.264241	
4.655629	199.592587	199.55222	199.278428	199.281694	
4.665773	199.59932	199.560947	199.285161	199.290421	
4.685228	199.609915	199.5784	199.295755	199.325327	
4.69042	199.612806	199.5784	199.298646	199.334054	
4.700034	199.61761	199.595853	199.303451	199.342781	
4.7101	199.62216	199.595853	199.308001	199.351507	
4.720221	199.626267	199.613307	199.312108	199.351507	
4.730427	199.629944	199.622033	199.315784	199.351507	
4.740571	199.633157	199.63076	199.318997	199.342781	
4.750726	199.635943	199.639486	199.321784	199.334054	
4.760876	199.638321	199.648213	199.324162	199.325327	
4.771028	199.640311	199.65694	199.326152	199.316601	
4.78116	199.641939	199.665666	199.32778	199.307874	
4.791317	199.64674	199.665666	199.332581	199.307874	
4.801691	199.64674	199.65694	199.332581	199.307874	
4.811881	199.64674	199.648213	199.332581	199.307874	
4.822005	199.64674	199.648213	199.332581	199.316601	
4.832127	199.64674	199.648213	199.332581	199.316601	
4.842439	199.64674	199.639486	199.332581	199.334054	
4.852477	199.64674	199.639486	199.332581	199.334054	
4.862634	199.64674	199.63076	199.332581	199.342781	
4.872844	199.64674	199.63076	199.332581	199.351507	
4.88293	199.64674	199.63076	199.332581	199.351507	
4.893116	199.64674	199.63076	199.332581	199.360234	
4.904104	199.64674	199.63076	199.332581	199.36896	
4.914337	199.64674	199.63076	199.332581	199.36896	
4.924414	199.64674	199.63076	199.332581	199.360234	
4.934555	199.64674	199.63076	199.332581	199.351507	
4.944704	199.64674	199.63076	199.332581	199.351507	
4.954878	199.64674	199.63076	199.332581	199.334054	
4.966722	199.64674	199.63076	199.332581	199.325327	
4.976842	199.64674	199.63076	199.332581	199.316601	
4.986967	199.64674	199.63076	199.332581	199.307874	
4.997553	199.64674	199.63076	199.332581	199.299147	
5.007294	199.64674	199.63076	199.332581	199.299147	
5.0193	199.64674	199.63076	199.332581	199.299147	
5.036921	199.64674	199.63076	199.332581	199.299147	
5.041474	199.64674	199.63076	199.332581	199.307874	
5.051651	199.64674	199.63076	199.332581	199.316601	
5.061776	199.64674	199.63076	199.332581	199.325327	
5.071929	199.64674	199.63076	199.332581	199.334054	
5.082094	199.64674	199.63076	199.332581	199.351507	
5.092239	199.64674	199.63076	199.332581	199.351507	
5.102365	199.64674	199.63076	199.332581	199.36896	
5.11257	199.64674	199.63076	199.332581	199.377687	
5.122681	199.64674	199.63076	199.332581	199.377687	
5.141582	199.64674	199.63076	199.332581	199.377687	
5.146137	199.64674	199.63076	199.332581	199.36896	
5.156314	199.64674	199.63076	199.332581	199.360234	
5.166371	199.64674	199.63076	199.332581	199.351507	
5.176563	199.64674	199.63076	199.332581	199.342781	
5.186727	199.64674	199.63076	199.332581	199.325327	
5.19686	199.64674	199.63076	199.332581	199.316601	
5.206992	199.64674	199.63076	199.332581	199.299147	
5.217272	199.64674	199.63076	199.332581	199.290421	
5.227342	199.64674	199.63076	199.332581	199.281694	
5.237451	199.64674	199.63076	199.332581	199.281694	
5.247588	199.64674	199.63076	199.332581	199.281694	
5.257761	199.64674	199.63076	199.332581	199.281694	
5.267911	199.64674	199.63076	199.332581	199.290421	
5.278044	199.64674	199.63076	199.332581	199.299147	
5.288171	199.64674	199.63076	199.332581	199.316601	
5.298467	199.64674	199.63076	199.332581	199.334054	
5.308518	199.64674	199.63076	199.332581	199.351507	
5.318609	199.64674	199.63076	199.332581	199.36896	
5.329553	199.64674	199.63076	199.332581	199.386414	
5.338968	199.64674	199.63076	199.332581	199.39514	
5.349093	199.64674	199.63076	199.332581	199.403867	
5.359235	199.64674	199.63076	199.332581	199.39514	
5.369421	199.64674	199.63076	199.332581	199.386414	
5.379563	199.64674	199.63076	199.332581	199.377687	
5.389697	199.64674	199.63076	199.332581	199.360234	
5.39992	199.64674	199.63076	199.332581	199.342781	
5.410067	199.64674	199.63076	199.332581	199.316601	
5.420214	199.64674	199.63076	199.332581	199.299147	
5.430369	199.64674	199.63076	199.332581	199.281694	
5.440514	199.64674	199.63076	199.332581	199.264241	
5.450728	199.64674	199.63076	199.332581	199.264241	
5.460843	199.64674	199.63076	199.332581	199.264241	
5.471033	199.64674	199.63076	199.332581	199.264241	
5.481186	199.64674	199.63076	199.332581	199.281694	
5.491322	199.64674	199.63076	199.332581	199.299147	
5.501494	199.64674	199.63076	199.332581	199.316601	
5.511637	199.64674	199.63076	199.332581	199.342781	
5.521801	199.64674	199.63076	199.332581	199.36896	
5.532018	199.64674	199.63076	199.332581	199.386414	
5.542151	199.64674	199.63076	199.332581	199.403867	
5.55226	199.64674	199.63076	199.332581	199.412594	
5.562512	199.64674	199.63076	199.332581	199.412594	
5.592354	199.64674	199.63076	199.332581	199.36896	
