0.03778056	
0.04232039	
0.052448	
0.07069831	
0.07538513	
0.08525976	
0.09542937	
0.105536	
0.1159106	
0.1257842	
0.1359148	
0.1460734	
0.1563171	
0.1663617	
0.1764863	
0.1945726	
0.1989864	
0.209142	
0.2192957	
0.2294703	
0.2396039	
0.2497135	
0.2605591	
0.2700007	
0.2801483	
0.290283	
0.3004516	
0.3106162	
0.3207028	
0.3309144	
0.34106	
0.3512036	
0.3614952	
0.3715079	
0.3816835	
0.3918231	
0.4019767	
0.4121633	
0.4222769	
0.4325565	
0.4427172	
0.4528148	
0.4629494	
0.47316	
0.4832446	
0.5038858	
0.5082977	
0.5183793	
0.5285389	
0.5387285	
0.5488591	
0.5589577	
0.5691383	
0.579296	
0.5895146	
0.5995952	
0.6194094	
0.6237573	
0.6339079	
0.6440845	
0.6542791	
0.6645787	
0.6745113	
0.6846549	
0.6948616	
0.7050212	
0.7151298	
0.7253664	
0.73543	
0.7459196	
0.7557032	
0.7658939	
0.7759965	
0.7861351	
0.7963187	
0.8089512	
0.8165949	
0.8267845	
0.8368482	
0.8473528	
0.8571764	
0.867332	
0.8774826	
0.8875522	
0.8977298	
0.9080684	
0.9180231	
0.9282677	
0.9383873	
0.9484939	
0.9588535	
0.9689391	
0.9791007	
0.9893423	
0.999369	
1.009569	
1.019745	
1.029899	
1.040029	
1.050154	
1.060313	
1.070489	
1.080633	
1.090804	
1.100952	
1.111082	
1.121221	
1.131392	
1.14158	
1.151691	
1.161863	
1.172047	
1.182178	
1.192333	
1.202476	
1.212635	
1.222877	
1.232945	
1.243084	
1.253263	
1.264019	
1.274138	
1.284277	
1.294413	
1.3046	
1.314689	
1.324889	
1.335111	
1.34523	
1.355367	
1.365551	
1.375928	
1.385795	
1.39597	
1.40609	
1.416217	
1.42635	
1.436576	
1.446755	
1.45694	
1.467014	
1.477121	
1.487271	
1.497412	
1.507555	
1.517733	
1.527839	
1.538007	
1.548204	
1.558268	
1.56845	
1.578613	
1.588814	
1.598988	
1.60911	
1.622578	39.6555148	39.6538806	39.9347675	39.9331333	
1.632366	39.6571666	39.6538806	39.9364193	39.9331333	
1.642515	39.6595107	39.6538806	39.9387634	39.9331333	
1.652668	39.6624721	39.6538806	39.9417248	39.9418599	
1.662878	39.6660799	39.6626073	39.9453326	39.9505866	
1.672984	39.670259	39.6713339	39.9495117	39.9593132	
1.683123	39.67507	39.6800605	39.9543226	39.9680399	
1.693326	39.6805354	39.6887872	39.959788	39.9767665	
1.703416	39.6865506	39.7062405	39.9658033	39.9854932	
1.713594	39.6932426	39.7149671	39.9724953	39.9854932	
1.725187	39.7017265	39.7236938	39.9809792	39.9854932	
1.735031	39.709448	39.7236938	39.9887007	39.9854932	
1.745148	39.7180147	39.7236938	39.9972674	39.9854932	
1.755311	39.7272397	39.7149671	40.0064923	39.9854932	
1.775098	39.7481306	39.7062405	40.0273833	39.9942198	
1.779634	39.7528239	39.7062405	40.0320766	39.9942198	
1.789768	39.7641167	39.7062405	40.0433694	40.0029465	
1.799951	39.7760878	39.7062405	40.0553405	40.0116731	
1.810061	39.7885828	39.7236938	40.0678355	40.0291264	
1.82029	39.801859	39.7324204	40.0811117	40.037853	
1.830472	39.8156978	39.7411471	40.0949505	40.0553063	
1.840589	39.8300518	39.767327	40.1093044	40.0727596	
1.850872	39.8452852	39.7847803	40.1245379	40.0902129	
1.860854	39.8606599	39.8109602	40.1399126	40.1076662	
1.871089	39.877064	39.8371402	40.1563167	40.1251195	
1.881217	39.8939036	39.8633201	40.1731563	40.1425728	
1.891377	39.911422	39.8807734	40.1906746	40.1600261	
1.901575	39.9296274	39.91568	40.2088801	40.1774794	
1.911658	39.9482397	39.9331333	40.2274924	40.212386	
1.921839	39.967652	39.9680399	40.2469047	40.2298393	
1.932128	39.9879293	39.9854932	40.267182	40.2560192	
1.942221	40.0083931	40.0203997	40.2876457	40.2821991	
1.952473	40.0298337	40.0465797	40.3090864	40.3171057	
1.962527	40.0514522	40.0727596	40.3307049	40.3520123	
1.972639	40.0738174	40.0989396	40.3530701	40.3781922	
1.982912	40.0971721	40.1251195	40.3764248	40.4130988	
1.992977	40.1206578	40.1512994	40.3999105	40.4392788	
2.003123	40.1449452	40.1774794	40.4241979	40.4654587	
2.013345	40.1700511	40.1949327	40.4493038	40.4916386	
2.023411	40.1953771	40.212386	40.4746297	40.5265452	
2.033697	40.2219195	40.2385659	40.5011722	40.5527252	
2.043803	40.248568	40.2560192	40.5278206	40.5789051	
2.053906	40.2758368	40.2821991	40.5550895	40.605085	
2.064073	40.3039006	40.2996524	40.5831532	40.631265	
2.07455	40.333716	40.3171057	40.6129687	40.6661716	
2.084417	40.3619202	40.334559	40.6411729	40.6923515	
2.094563	40.3917784	40.3520123	40.6710311	40.7272581	
2.104719	40.4222882	40.3781922	40.7015409	40.753438	
2.114887	40.4534548	40.4043722	40.7327075	40.779618	
2.124973	40.4849843	40.4218255	40.764237	40.8057979	
2.13541	40.5182757	40.4567321	40.7975284	40.8407045	
2.145571	40.5512815	40.4916386	40.8305341	40.8581578	
2.155676	40.5847329	40.5178186	40.8639856	40.8930644	
2.165864	40.6190742	40.5527252	40.8983269	40.9105177	
2.176097	40.6542038	40.5963584	40.9334565	40.9454243	
2.186366	40.6900837	40.631265	40.9693364	40.9628775	
2.196326	40.7254698	40.6748982	41.0047225	40.9977841	
2.206439	40.7620213	40.7185314	41.041274	41.0239641	
2.216577	40.7992844	40.7621647	41.0785371	41.050144	
2.236734	40.8764336	40.8057979	41.1556863	41.1199572	
2.241294	40.8937697	40.8756111	41.1730223	41.1374105	
2.251412	40.9330618	40.927971	41.2123144	41.1723171	
2.261781	40.9740178	40.9716042	41.2532705	41.2072236	
2.271741	41.0138859	41.0152374	41.2931386	41.2508569	
2.281886	41.0551507	41.0588707	41.3344033	41.2944901	
2.292033	41.0970288	41.1025039	41.3762815	41.3381233	
2.302195	41.1396144	41.1374105	41.4188671	41.3904832	
2.312303	41.1825596	41.1810437	41.4618123	41.4341164	
2.322449	41.2262893	41.2246769	41.5055419	41.4864763	
2.332628	41.2707926	41.2595835	41.5500453	41.5388362	
2.342909	41.3163839	41.2944901	41.5956366	41.5911961	
2.352971	41.3615824	41.3381233	41.6408351	41.643556	
2.363115	41.4077781	41.3730299	41.6870308	41.6871892	
2.373347	41.4550148	41.4166631	41.7342675	41.7395491	
2.383393	41.5019835	41.4602964	41.7812361	41.7831823	
2.393595	41.5503155	41.5039296	41.8295682	41.8355422	
2.403729	41.5989395	41.5562895	41.8781921	41.887902	
2.413884	41.6482885	41.5999227	41.9275412	41.9315353	
2.424017	41.6981362	41.6522826	41.9773889	41.9751685	
2.434387	41.7510313	41.7046425	42.030284	42.0275284	
2.444692	41.801837	41.7570024	42.0810897	42.0798883	
2.454474	41.8517043	41.8180889	42.130957	42.1235215	
2.464924	41.9064649	41.8704488	42.1857176	42.1671547	
2.475136	41.9590787	41.9315353	42.2383314	42.2195146	
2.485261	42.012618	41.9838952	42.2918706	42.2718745	
2.495444	42.0670716	42.0449817	42.3463243	42.3242344	
2.50559	42.1219491	42.0973416	42.4012018	42.3765942	
2.515709	42.1772995	42.1584281	42.4565522	42.4289541	
2.525849	42.2333768	42.2195146	42.5126294	42.4900406	
2.536079	42.2906107	42.2806011	42.5698634	42.5511272	
2.54627	42.3482376	42.3416877	42.6274903	42.603487	
2.55637	42.405913	42.3940475	42.6851657	42.6645736	
2.566474	42.4642761	42.4551341	42.7435288	42.7256601	
2.576674	42.5237855	42.5162206	42.8030381	42.7954733	
2.58728	42.5863877	42.5685805	42.8656403	42.8652864	
2.596965	42.6440734	42.6383936	42.9233261	42.9176463	
2.60709	42.7049901	42.6907535	42.9842427	42.9874595	
2.61727	42.7668855	42.7605667	43.0461382	43.0398194	
2.627382	42.8289604	42.8129266	43.1082131	43.1096325	
2.637618	42.892454	42.8827397	43.1717067	43.170719	
2.648837	42.9628644	42.9525529	43.2421171	43.2405322	
2.658636	43.0248074	43.0223661	43.3040601	43.3016187	
2.668853	43.0900978	43.0834526	43.3693505	43.3627053	
2.679034	43.1557531	43.1619924	43.4350058	43.4237918	
2.689187	43.2218651	43.2230789	43.5011177	43.493605	
2.699297	43.2883024	43.2928921	43.5675551	43.5634181	
2.709508	43.3560188	43.3539786	43.6352714	43.6245047	
2.719614	43.4236751	43.4237918	43.7029278	43.6943178	
2.729732	43.4920061	43.5023316	43.7712588	43.764131	
2.739923	43.5614623	43.5721448	43.840715	43.8252175	
2.751235	43.6394064	43.6506846	43.9186591	43.9037573	
2.761956	43.7139377	43.7204978	43.9931904	43.9735705	
2.771545	43.781051	43.7903109	44.0603037	44.0521103	
2.781739	43.8531	43.8601241	44.1323526	44.1219235	
2.792002	43.9262275	43.9299373	44.2054802	44.1917367	
2.802002	43.9980865	43.9997504	44.2773392	44.2615498	
2.812153	44.0716608	44.0782903	44.3509135	44.3400896	
2.822309	44.1458976	44.1481034	44.4251503	44.4186295	
2.83245	44.2206563	44.2266432	44.4999089	44.4971693	
2.842574	44.2958667	44.2964564	44.5751194	44.5669824	
2.854131	44.3836801	44.3837229	44.6629328	44.6542489	
2.86401	44.4572858	44.453536	44.7365384	44.7240621	
2.874141	44.5348676	44.5320759	44.8141203	44.8026019	
2.884368	44.6130946	44.6106157	44.8923473	44.8811417	
2.894682	44.6929624	44.6891555	44.9722151	44.9596815	
2.904648	44.7707048	44.7676953	45.0499575	45.0382213	
2.914789	44.8504586	44.8462351	45.1297113	45.1167612	
2.924946	44.9309738	44.9247749	45.2102264	45.195301	
2.935139	45.0123989	45.0120414	45.2916516	45.2738408	
2.945208	45.0934223	45.0905812	45.372675	45.3523806	
2.956902	45.1884322	45.1865743	45.4676848	45.4483737	
2.966671	45.2682414	45.2651142	45.547494	45.5269135	
2.976824	45.3518524	45.3523806	45.6311051	45.61418	
2.986886	45.4356204	45.4309204	45.714873	45.7014465	
2.997452	45.5237528	45.5181869	45.8030055	45.7887129	
3.007215	45.6058693	45.6054534	45.885122	45.8759794	
3.017348	45.6917954	45.6927198	45.971048	45.9632459	
3.027512	45.7786396	45.7799863	46.0578923	46.0505123	
3.037659	45.8658781	45.8672527	46.1451308	46.1377788	
3.047793	45.9536725	45.9545192	46.2329252	46.2250452	
3.059453	46.0555994	46.059239	46.334852	46.3210383	
3.069397	46.1429962	46.1465054	46.4222489	46.4170315	
3.079491	46.2323184	46.2337719	46.5115711	46.5042979	
3.089656	46.3229358	46.3210383	46.6021884	46.600291	
3.099902	46.4149258	46.4170315	46.6941785	46.6875575	
3.109997	46.5061403	46.5130246	46.785393	46.7835506	
3.12012	46.5981869	46.600291	46.8774395	46.8795437	
3.13028	46.6912362	46.6875575	46.9704889	46.9668102	
3.140469	46.7851564	46.7835506	47.0644091	47.0628033	
3.150569	46.8788841	46.8795437	47.1581367	47.1587964	
3.162348	46.9891211	46.9842635	47.2683738	47.2635161	
3.172197	47.0817434	47.0715299	47.3609961	47.3507826	
3.182327	47.1776523	47.167523	47.4569049	47.4467757	
3.192488	47.274523	47.2635161	47.5537756	47.5427688	
3.202581	47.3713067	47.3507826	47.6505594	47.6387619	
3.212807	47.4700168	47.4555024	47.7492694	47.734755	
3.230825	47.6462911	47.6213086	47.9255438	47.909288	
3.235383	47.6908483	47.6649419	47.9701009	47.9529212	
3.245569	47.7911633	47.760935	48.070416	48.0489143	
3.255883	47.8934313	47.8569281	48.172684	48.1449074	
3.274553	48.0810912	48.0489143	48.3603439	48.328167	
3.279154	48.1271977	48.0925475	48.4064504	48.3805269	
3.289293	48.2297184	48.1885406	48.5089711	48.47652	
3.299432	48.3328559	48.2932604	48.6121086	48.5812397	
3.309642	48.4373433	48.3979802	48.716596	48.6859595	
3.319731	48.5411683	48.5114266	48.820421	48.7906792	
3.329905	48.6465647	48.624873	48.9258174	48.895399	
3.340088	48.7526037	48.7295927	49.0318564	49.0001187	
3.350186	48.8583873	48.8430391	49.13764	49.1135652	
3.360369	48.9657285	48.9564855	49.2449812	49.2182849	
3.370596	49.07412	49.0786586	49.3533727	49.3317313	
3.380775	49.182655	49.1833783	49.4619077	49.4451777	
3.391002	49.2922877	49.3055514	49.5715404	49.5673508	
3.401044	49.400547	49.4102711	49.6797997	49.6720705	
3.411244	49.5111497	49.5324442	49.7904023	49.7942436	
3.421476	49.6227284	49.6371639	49.9019811	49.90769	
3.431561	49.7315061	49.759337	50.0107588	50.0211364	
3.441717	49.8404182	49.8640567	50.1196709	50.1433094	
3.451842	49.9484052	49.9775031	50.2276579	50.2567558	
3.462022	50.0563771	50.0909495	50.3356297	50.3702022	
3.47225	50.1642504	50.2043959	50.4435031	50.4836486	
3.482363	50.2702597	50.3178423	50.5495124	50.597095	
3.492518	50.3761217	50.4225621	50.6553743	50.7105414	
3.502691	50.4815817	50.5272818	50.7608344	50.8152612	
3.512785	50.5856044	50.6320016	50.8648571	50.9199809	
3.523162	50.6919518	50.7279947	50.9712045	51.0247007	
3.533137	50.7935254	50.8239878	51.0727781	51.1206938	
3.543301	50.896481	50.9287076	51.1757337	51.2254135	
3.553438	50.9985086	51.0334273	51.2777612	51.3214067	
3.56355	51.099723	51.1206938	51.3789756	51.4173998	
3.573879	51.2024837	51.2254135	51.4817364	51.5221195	
3.583934	51.3018828	51.3214067	51.5811355	51.609386	
3.594088	51.4016316	51.4173998	51.6808842	51.7053791	
3.604305	51.5014802	51.5221195	51.7807329	51.8013722	
3.614645	51.6018003	51.6181126	51.881053	51.8886387	
3.624564	51.6975443	51.7141057	51.9767969	51.9846318	
3.634717	51.7948368	51.8100988	52.0740895	52.0806249	
3.644889	51.8917594	51.906092	52.1710121	52.1678913	
3.655043	51.9879324	52.0108117	52.2671851	52.2638845	
3.665132	52.0828833	52.0980782	52.362136	52.3598776	
3.675395	52.1788369	52.1940713	52.4580896	52.4558707	
3.685591	52.27349	52.2900644	52.5527427	52.5518638	
3.695653	52.3663714	52.3860575	52.6456241	52.6478569	
3.705823	52.4596743	52.4820506	52.738927	52.74385	
3.71613	52.5535316	52.5693171	52.8327843	52.8398431	
3.726095	52.643718	52.6653102	52.9229707	52.9358362	
3.736251	52.735021	52.7613033	53.0142737	53.0318293	
3.746393	52.8256027	52.8485698	53.1048554	53.1278224	
3.756524	52.9154654	52.9358362	53.1947181	53.2325422	
3.769253	53.0274317	53.0231027	53.3066843	53.3285353	
3.777758	53.1018475	53.1190958	53.3811002	53.4245284	
3.787852	53.1894983	53.2063622	53.468751	53.5117949	
3.798032	53.2773192	53.2849021	53.5565719	53.5990613	
3.816075	53.4306996	53.4419817	53.7099523	53.756141	
3.820634	53.4694434	53.4768883	53.7486961	53.7910475	
3.830793	53.5551619	53.5641547	53.8344146	53.878314	
3.840955	53.6402904	53.6514212	53.919543	53.9568538	
3.851072	53.7246557	53.729961	54.0039084	54.0353936	
3.861212	53.8081307	53.8085008	54.0873834	54.1139335	
3.871405	53.8916783	53.8957673	54.170931	54.1924733	
3.881623	53.9748654	53.9743071	54.254118	54.2710131	
3.891734	54.0564961	54.0528469	54.3357488	54.3408263	
3.901902	54.1379951	54.1401134	54.4172478	54.4193661	
3.912056	54.2188167	54.2099266	54.4980694	54.4891792	
3.922168	54.2986658	54.297193	54.5779185	54.5677191	
3.932407	54.3789536	54.3757328	54.6582063	54.6462589	
3.942552	54.45788	54.4542727	54.7371327	54.7247987	
3.952665	54.5359352	54.5415391	54.8151879	54.8033385	
3.962827	54.6137693	54.6113523	54.8930219	54.8731517	
3.972953	54.6907273	54.6986188	54.9699799	54.9604181	
3.983587	54.7709493	54.7684319	55.050202	55.038958	
3.995083	54.8570247	54.8731517	55.1362774	55.1262244	
4.005164	54.9314572	54.9429649	55.2107099	55.2047642	
4.01542	55.0068455	55.0215047	55.2860982	55.2920307	
4.025852	55.082906	55.1000445	55.3621587	55.3618439	
4.035659	55.1538359	55.1698577	55.4330886	55.4491103	
4.04587	55.2270867	55.2483975	55.5063394	55.5189235	
4.055937	55.2986938	55.3269373	55.5779465	55.5974633	
4.066067	55.3701602	55.3967505	55.6494129	55.6760031	
4.076294	55.4417022	55.4665636	55.7209549	55.7458163	
4.086455	55.5121866	55.5363768	55.7914393	55.8156295	
4.096658	55.5823239	55.60619	55.8615766	55.8854426	
4.106826	55.65163	55.6760031	55.9308827	55.9552558	
4.116905	55.7197373	55.7458163	55.99899	56.025069	
4.127392	55.7899586	55.8069028	56.0692112	56.0948822	
4.137195	55.8550248	55.8679894	56.1342775	56.1646953	
4.147515	55.9229435	55.9378025	56.2021962	56.2257819	
4.158038	55.9914976	55.9988891	56.2707503	56.2868684	
4.167656	56.0536207	56.0687022	56.3328734	56.3566815	
4.177812	56.1186329	56.1297887	56.3978856	56.4090414	
4.204598	56.2846263	56.2519618	56.5638789	56.5748477	
4.209155	56.3129718	56.321775	56.5922245	56.6010276	
4.219284	56.3753628	56.3915881	56.6546155	56.6621142	
4.229529	56.4378336	56.4614013	56.7170863	56.7232007	
4.239636	56.4988825	56.5224878	56.7781352	56.7842872	
4.249742	56.5593233	56.5835743	56.838576	56.8453737	
4.25997	56.6198796	56.6446609	56.8991323	56.8977336	
4.270087	56.6791963	56.7057474	56.958449	56.9675468	
4.280223	56.73799	56.7668339	57.0172427	57.0286333	
4.291233	56.8011997	56.8279204	57.0804524	57.0897198	
4.301065	56.8570208	56.8802803	57.1362735	57.1508064	
4.311226	56.9141449	56.9326402	57.1933976	57.2118929	
4.321367	56.9705633	56.9850001	57.249816	57.2729794	
4.33153	57.026496	57.0460866	57.3057487	57.3340659	
4.341777	57.0822714	57.0984465	57.3615241	57.3864258	
4.351838	57.1364451	57.1508064	57.4156977	57.4475123	
4.362019	57.190679	57.1944396	57.4699317	57.4911456	
4.372202	57.2443042	57.2555261	57.5235569	57.5522321	
4.382295	57.2968704	57.2991593	57.576123	57.5958653	
4.393941	57.3567132	57.3689725	57.6359659	57.6569518	
4.403747	57.4065337	57.4213324	57.6857864	57.7005851	
4.413936	57.4577219	57.4736923	57.7369745	57.7529449	
4.424047	57.5079212	57.5260521	57.7871739	57.8053048	
4.434383	57.5597796	57.5696854	57.8390323	57.8576647	
4.444421	57.6072786	57.6133186	57.8865313	57.9012979	
4.45445	57.6553205	57.6656785	57.9345732	57.9536578	
4.46479	57.7055424	57.7180384	57.9847951	57.997291	
4.486199	57.8021196	57.8227581	58.0813723	58.1020108	
4.493362	57.8348734	57.8402114	58.114126	58.1194641	
4.500953	57.8692044	57.8838446	58.1484571	58.171824	
4.511168	57.9147568	57.9274779	58.1940094	58.2154572	
4.521227	57.9590233	57.9711111	58.238276	58.2590904	
4.531356	58.0030233	58.0147443	58.282276	58.3027237	
4.5416	58.046899	58.0671042	58.3261517	58.3463569	
4.551698	58.0895512	58.1020108	58.3688038	58.3987168	
4.561823	58.1317445	58.1543707	58.4109971	58.4336234	
4.572021	58.1736342	58.1892773	58.4528869	58.4772566	
4.582153	58.2146654	58.2329105	58.4939181	58.5208898	
4.594814	58.2649366	58.2765437	58.5441893	58.5645231	
4.602542	58.2953387	58.3114503	58.5745914	58.6081563	
4.612639	58.3344326	58.3463569	58.6136852	58.6430629	
4.622818	58.3732591	58.3899901	58.6525118	58.6866961	
4.63295	58.4113085	58.4336234	58.6905611	58.7216027	
4.643086	58.4487915	58.4685299	58.7280442	58.7652359	
4.653237	58.4857216	58.5034365	58.7649743	58.8001425	
4.663354	58.5219504	58.5383431	58.8012031	58.8350491	
4.673594	58.5580125	58.5732497	58.8372652	58.8699557	
4.68372	58.5930765	58.6081563	58.8723292	58.9048623	
4.693857	58.6275979	58.6343362	58.9068505	58.9397688	
4.704146	58.6622162	58.6692428	58.9414688	58.9746754	
4.714286	58.6953687	58.6954227	58.9746214	59.009582	
4.724471	58.7282523	58.7303293	59.007505	59.0444886	
4.734583	58.7603161	58.7652359	59.0395688	59.0793952	
4.744708	58.7918519	58.7914159	59.0711045	59.1055751	
4.75487	58.8228862	58.8175958	59.1021389	59.1404817	
4.765753	58.8554585	58.8437757	59.1347112	59.1666616	
4.775629	58.8844634	58.8699557	59.1637161	59.2015682	
4.785437	58.9127155	58.9048623	59.1919682	59.2364748	
4.795848	58.9420798	58.9310422	59.2213325	59.2626548	
4.805891	58.969836	58.9659488	59.2490887	59.2888347	
4.815962	58.9970858	58.9921287	59.2763385	59.306288	
4.826129	59.0240122	59.0270353	59.3032649	59.3237413	
4.836284	59.0503181	59.0444886	59.3295708	59.3411946	
4.846402	59.075955	59.0793952	59.3552076	59.3586479	
4.856548	59.1010822	59.1055751	59.3803349	59.3761012	
4.874589	59.143488	59.1317551	59.4227407	59.4022811	
4.879187	59.1543512	59.157935	59.4336039	59.4110077	
4.889241	59.1773792	59.1841149	59.4566319	59.4371877	
4.899414	59.2001015	59.2015682	59.4793541	59.454641	
4.909714	59.2225078	59.2190215	59.5017605	59.4808209	
4.919745	59.2437541	59.2452015	59.5230068	59.4982742	
4.929919	59.2647323	59.2626548	59.543985	59.5244541	
4.940035	59.2850145	59.280108	59.5642672	59.5506341	
4.950227	59.3048671	59.306288	59.5841198	59.5680874	
4.960348	59.3240052	59.3237413	59.6032579	59.5942673	
4.970514	59.3426524	59.3411946	59.6219051	59.6204472	
4.980685	59.3607427	59.3586479	59.6399954	59.6466272	
4.990842	59.3782214	59.3761012	59.6574741	59.6640805	
5.000995	59.3951235	59.3935544	59.6743762	59.6902604	
5.011252	59.4116245	59.4110077	59.6908772	59.7164404	
5.021372	59.4273299	59.428461	59.7065826	59.7338936	
5.031508	59.4425001	59.454641	59.7217528	59.7513469	
5.041653	59.4571157	59.4633676	59.7363684	59.7600736	
5.051789	59.4711603	59.4808209	59.750413	59.7600736	
5.061968	59.4847014	59.4982742	59.7639541	59.7688002	
5.07213	59.4976489	59.5157275	59.7769016	59.7688002	
5.082274	59.5100249	59.5244541	59.7892776	59.7688002	
5.092525	59.5219578	59.5331808	59.8012104	59.7688002	
5.102709	59.5332563	59.5506341	59.812509	59.7775269	
5.112864	59.5439792	59.5593607	59.8232319	59.7862535	
5.122943	59.5540701	59.5680874	59.8333228	59.7949802	
5.133122	59.5637193	59.576814	59.842972	59.7949802	
5.143361	59.5728736	59.5855407	59.8521263	59.8124335	
5.161498	59.586996	59.5942673	59.8662487	59.8298868	
5.166091	59.5906236	59.602994	59.8698762	59.8386134	
5.176182	59.597943	59.602994	59.8771957	59.8560667	
5.186543	59.604916	59.602994	59.8841687	59.8647933	
5.196534	59.6111513	59.6117206	59.890404	59.8822466	
5.215357	59.6207516	59.6204472	59.9000043	59.9084266	
5.219935	59.6231478	59.6204472	59.9024005	59.9171532	
5.230132	59.6278745	59.6204472	59.9071272	59.9258799	
5.240232	59.6320994	59.6291739	59.911352	59.9346065	
5.250361	59.6358816	59.6379005	59.9151342	59.9346065	
5.26057	59.6392431	59.6379005	59.9184958	59.9346065	
5.270716	59.6421589	59.6466272	59.9214116	59.9346065	
5.280829	59.6446562	59.6553538	59.9239089	59.9258799	
5.290962	59.6467703	59.6553538	59.926023	59.9171532	
5.30114	59.6485241	59.6553538	59.9277768	59.9171532	
5.313016	59.6538806	59.6553538	59.9331333	59.8996999	
5.321459	59.6538806	59.6466272	59.9331333	59.8909733	
5.331571	59.6538806	59.6466272	59.9331333	59.8822466	
5.342275	59.6538806	59.6466272	59.9331333	59.8822466	
5.351905	59.6538806	59.6466272	59.9331333	59.8822466	
5.362258	59.6538806	59.6466272	59.9331333	59.8822466	
5.372303	59.6538806	59.6466272	59.9331333	59.8822466	
5.382437	59.6538806	59.6466272	59.9331333	59.8909733	
5.39256	59.6538806	59.6466272	59.9331333	59.8996999	
5.402706	59.6538806	59.6466272	59.9331333	59.9084266	
5.412866	59.6538806	59.6466272	59.9331333	59.9171532	
5.423118	59.6538806	59.6466272	59.9331333	59.9346065	
5.433183	59.6538806	59.6466272	59.9331333	59.9433332	
5.443381	59.6538806	59.6466272	59.9331333	59.9607865	
5.45348	59.6538806	59.6466272	59.9331333	59.9695131	
5.463627	59.6538806	59.6466272	59.9331333	59.9695131	
5.47383	59.6538806	59.6466272	59.9331333	59.9695131	
5.484028	59.6538806	59.6466272	59.9331333	59.9695131	
5.494198	59.6538806	59.6466272	59.9331333	59.9695131	
5.504355	59.6538806	59.6466272	59.9331333	59.9607865	
5.514685	59.6538806	59.6466272	59.9331333	59.9520598	
5.524993	59.6538806	59.6466272	59.9331333	59.9346065	
5.534853	59.6538806	59.6466272	59.9331333	59.9258799	
5.544982	59.6538806	59.6466272	59.9331333	59.9171532	
5.555129	59.6538806	59.6466272	59.9331333	59.9084266	
5.565262	59.6538806	59.6466272	59.9331333	59.8996999	
5.575474	59.6538806	59.6466272	59.9331333	59.8909733	
5.585613	59.6538806	59.6466272	59.9331333	59.8996999	
5.595746	59.6538806	59.6466272	59.9331333	59.8996999	
5.605918	59.6538806	59.6466272	59.9331333	59.8996999	
5.616063	59.6538806	59.6466272	59.9331333	59.9084266	
5.626206	59.6538806	59.6466272	59.9331333	59.9171532	
5.636368	59.6538806	59.6466272	59.9331333	59.9258799	
5.64648	59.6538806	59.6466272	59.9331333	59.9346065	
5.664531	59.6538806	59.6466272	59.9331333	59.9607865	
5.669059	59.6538806	59.6466272	59.9331333	59.9607865	
5.679302	59.6538806	59.6466272	59.9331333	59.9695131	
5.68939	59.6538806	59.6466272	59.9331333	59.9695131	
5.699558	59.6538806	59.6466272	59.9331333	59.9782397	
5.709778	59.6538806	59.6466272	59.9331333	59.9695131	
5.719821	59.6538806	59.6466272	59.9331333	59.9695131	
5.729996	59.6538806	59.6466272	59.9331333	59.9607865	
5.740157	59.6538806	59.6466272	59.9331333	59.9520598	
5.750339	59.6538806	59.6466272	59.9331333	59.9433332	
5.76047	59.6538806	59.6466272	59.9331333	59.9346065	
5.771413	59.6538806	59.6466272	59.9331333	59.9258799	
5.780825	59.6538806	59.6466272	59.9331333	59.9171532	
5.79092	59.6538806	59.6466272	59.9331333	59.8996999	
5.801059	59.6538806	59.6466272	59.9331333	59.8996999	
5.811242	59.6538806	59.6466272	59.9331333	59.8909733	
5.821421	59.6538806	59.6466272	59.9331333	59.8909733	
5.831562	59.6538806	59.6466272	59.9331333	59.8909733	
5.841691	59.6538806	59.6466272	59.9331333	59.8909733	
5.851816	59.6538806	59.6466272	59.9331333	59.8996999	
5.862039	59.6538806	59.6466272	59.9331333	59.9084266	
5.872133	59.6538806	59.6466272	59.9331333	59.9171532	
5.882277	59.6538806	59.6466272	59.9331333	59.9346065	
5.892487	59.6538806	59.6466272	59.9331333	59.9433332	
5.902606	59.6538806	59.6466272	59.9331333	59.9607865	
5.912761	59.6538806	59.6466272	59.9331333	59.9695131	
5.922943	59.6538806	59.6466272	59.9331333	59.9782397	
5.933111	59.6538806	59.6466272	59.9331333	59.9782397	
5.943354	59.6538806	59.6466272	59.9331333	59.9782397	
5.953422	59.6538806	59.6466272	59.9331333	59.9695131	
5.963563	59.6538806	59.6466272	59.9331333	59.9695131	
5.973811	59.6538806	59.6466272	59.9331333	59.9607865	
5.983878	59.6538806	59.6466272	59.9331333	59.9520598	
5.994023	59.6538806	59.6466272	59.9331333	59.9346065	
6.0042	59.6538806	59.6466272	59.9331333	59.9258799	
6.014355	59.6538806	59.6466272	59.9331333	59.9084266	
6.024502	59.6538806	59.6466272	59.9331333	59.8996999	
6.034709	59.6538806	59.6466272	59.9331333	59.8996999	
6.044847	59.6538806	59.6466272	59.9331333	59.8909733	
6.054915	59.6538806	59.6466272	59.9331333	59.8909733	
6.065059	59.6538806	59.6466272	59.9331333	59.8996999	
6.075259	59.6538806	59.6466272	59.9331333	59.8996999	
6.08543	59.6538806	59.6466272	59.9331333	59.9084266	
6.095581	59.6538806	59.6466272	59.9331333	59.9171532	
6.105704	59.6538806	59.6466272	59.9331333	59.9346065	
6.115827	59.6538806	59.6466272	59.9331333	59.9433332	
6.126083	59.6538806	59.6466272	59.9331333	59.9520598	
6.157111	59.6538806	59.6466272	59.9331333	59.9695131	
6.16188	59.6538806	59.6466272	59.9331333	59.9869664	
6.172424	59.6538806	59.6466272	59.9331333	59.995693	
