0.03778342	
0.04245822	
0.05285979	
0.06276437	
0.07294795	
0.08310152	
0.0932651	
0.1033767	
0.1135682	
0.1237248	
0.1338934	
0.144042	
0.1543665	
0.1643731	
0.1745487	
0.1847113	
0.1948498	
0.2050274	
0.215121	
0.2252696	
0.2354621	
0.2456097	
0.2557533	
0.2659589	
0.2761044	
0.286298	
0.2964346	
0.3065592	
0.3167997	
0.3268853	
0.3370559	
0.3472275	
0.357322	
0.3677416	
0.3776852	
0.3878218	
0.3980243	
0.4082469	
0.4183425	
0.430911	
0.4386906	
0.4488022	
0.4589548	
0.4690564	
0.4792359	
0.4894205	
0.4995821	
0.5097367	
0.5198312	
0.5301318	
0.5418553	
0.550359	
0.5604725	
0.5705951	
0.5808867	
0.5913163	
0.6010898	
0.6112224	
0.621382	
0.6314736	
0.6416671	
0.6518017	
0.6618963	
0.6720729	
0.6826314	
0.692817	
0.7029136	
0.7130652	
0.7232167	
0.7333973	
0.7435219	
0.7536535	
0.763837	
0.7739846	
0.7841802	
0.8036164	
0.8079772	
0.8181168	
0.8282813	
0.8384019	
0.8485545	
0.8586751	
0.8688786	
0.8797072	
0.8897798	
0.8999323	
0.9178836	
0.9301401	
0.9345129	
0.9446625	
0.95482	
0.9649986	
0.9751362	
0.9852728	
0.9957403	
1.005611	
1.015712	
1.025875	
1.046444	
1.050898	
1.060946	
1.071086	
1.081197	
1.091539	
1.101558	
1.111673	
1.121838	
1.138421	-0.346589693	-0.34906585	0.00247615712	0	
1.148467	-0.344682717	-0.34906585	0.00438313292	0	
1.158531	-0.342164218	-0.34906585	0.00690163262	0	
1.168761	-0.338967883	-0.34906585	0.0100979669	0.00872664626	
1.17889	-0.335194952	-0.340339204	0.0138708983	0.0174532925	
1.189049	-0.330788679	-0.340339204	0.0182771715	0.0174532925	
1.199175	-0.325783092	-0.331612558	0.0232827589	0.0261799388	
1.209401	-0.320095751	-0.331612558	0.0289700996	0.034906585	
1.219914	-0.313577806	-0.322885912	0.035488044	0.0436332313	
1.229647	-0.306998605	-0.314159265	0.0420672458	0.0610865238	
1.241	-0.298492438	-0.314159265	0.0505734122	0.0698131701	
1.251163	-0.290297436	-0.305432619	0.0587684148	0.0872664626	
1.261287	-0.281522134	-0.305432619	0.0675437165	0.0872664626	
1.271396	-0.272146486	-0.296705973	0.0769193639	0.0872664626	
1.281596	-0.262048835	-0.296705973	0.0870170154	0.0872664626	
1.291731	-0.251413868	-0.287979327	0.097651982	0.0959931089	
1.301884	-0.240137839	-0.27925268	0.108928011	0.104719755	
1.312045	-0.228232063	-0.270526034	0.120833787	0.104719755	
1.322212	-0.215655157	-0.261799388	0.133410693	0.122173048	
1.332886	-0.201841022	-0.253072742	0.147224829	0.130899694	
1.343848	-0.186872761	-0.244346095	0.16219309	0.13962634	
1.354012	-0.172408364	-0.226892803	0.176657487	0.157079633	
1.364152	-0.157360733	-0.218166156	0.191705117	0.165806279	
1.374368	-0.141568738	-0.200712864	0.207497112	0.183259571	
1.384474	-0.125332239	-0.183259571	0.223733612	0.200712864	
1.394667	-0.10833663	-0.165806279	0.24072922	0.20943951	
1.404892	-0.0906576766	-0.13962634	0.258408174	0.226892803	
1.414941	-0.072688075	-0.122173048	0.276377775	0.244346095	
1.425115	-0.0538567801	-0.0872664626	0.29520907	0.261799388	
1.435407	-0.0341774963	-0.0698131701	0.314888354	0.287979327	
1.446546	-0.0121017148	-0.034906585	0.336964136	0.314159265	
1.456682	0.00857037341	-0.00872664626	0.357636224	0.340339204	
1.466793	0.0297975373	0.0174532925	0.378863388	0.366519143	
1.477038	0.0519486311	0.0436332313	0.401014481	0.392699082	
1.48709	0.0742737809	0.0698131701	0.423339631	0.41887902	
1.497295	0.0975893843	0.0959931089	0.446655235	0.445058959	
1.507492	0.121501338	0.122173048	0.470567188	0.479965544	
1.525743	0.166733626	0.165806279	0.515799477	0.523598776	
1.530225	0.17784897	0.174532925	0.52691482	0.541052068	
1.540449	0.203762195	0.20943951	0.552828046	0.567232007	
1.550907	0.231027151	0.226892803	0.580093002	0.602138592	
1.560822	0.257415625	0.253072742	0.606481475	0.628318531	
1.570898	0.284874144	0.27925268	0.633939994	0.663225116	
1.581041	0.313120391	0.305432619	0.662186242	0.689405055	
1.59148	0.342877457	0.331612558	0.691943307	0.715584993	
1.601332	0.371494698	0.357792497	0.720560549	0.750491578	
1.611471	0.401592307	0.375245789	0.750658158	0.776671517	
1.621661	0.432478478	0.401425728	0.781544328	0.802851456	
1.631732	0.463574708	0.436332313	0.812640558	0.837758041	
1.641911	0.49566127	0.453785606	0.84472712	0.86393798	
1.652238	0.528862449	0.488692191	0.877928299	0.890117919	
1.662345	0.561923143	0.523598776	0.910988993	0.925024504	
1.672499	0.595791141	0.558505361	0.944856992	0.951204442	
1.68262	0.630145642	0.593411946	0.979211492	0.977384381	
1.692913	0.665731929	0.628318531	1.01479778	1.01229097	
1.703026	0.701300465	0.671951762	1.05036632	1.04719755	
1.713174	0.737610946	0.706858347	1.0866768	1.07337749	
1.723369	0.774748142	0.750491578	1.12381399	1.10828408	
1.733465	0.812077674	0.79412481	1.16114352	1.14319066	
1.743641	0.850364629	0.837758041	1.19943048	1.17809725	
1.755492	0.895846655	0.890117919	1.24491251	1.22173048	
1.765605	0.935204197	0.925024504	1.28427005	1.25663706	
1.775732	0.975235683	0.977384381	1.32430153	1.30027029	
1.7859	1.01607114	1.02101761	1.36513699	1.34390352	
1.797401	1.06309431	1.06465084	1.41216016	1.38753676	
1.806285	1.09979816	1.09955743	1.44886401	1.43116999	
1.816322	1.14191496	1.14319066	1.49098081	1.46607657	
1.826541	1.18544492	1.18682389	1.53451077	1.51843645	
1.836801	1.2297782	1.23045712	1.57884405	1.57079633	
1.846824	1.27366985	1.26536371	1.6227357	1.61442956	
1.858025	1.32354959	1.30899694	1.67261544	1.66678944	
1.86825	1.36964206	1.34390352	1.71870791	1.71042267	
1.879137	1.41949404	1.37881011	1.76855989	1.77150919	
1.88846	1.4626008	1.43116999	1.81166665	1.81514242	
1.898754	1.51093757	1.46607657	1.86000342	1.85877565	
1.908843	1.55884996	1.51843645	1.90791581	1.91113553	
1.918909	1.60730848	1.56206968	1.95637433	1.95476876	
1.929096	1.65694129	1.61442956	2.00600714	2.00712864	
1.939264	1.70715101	1.65806279	2.05621686	2.05948852	
1.949829	1.75996229	1.71042267	2.10902814	2.11184839	
1.962591	1.82485517	1.76278254	2.17392102	2.18166156	
1.970873	1.86721519	1.82386907	2.21628104	2.21656815	
1.981098	1.92024444	1.88495559	2.26931029	2.26892803	
1.99115	1.97298285	1.94604212	2.3220487	2.32128791	
2.001552	2.02820682	2.00712864	2.37727267	2.37364778	
2.011461	2.08138758	2.07694181	2.43045343	2.42600766	
2.021591	2.1363934	2.13802833	2.48545925	2.47836754	
2.031722	2.19199283	2.19911486	2.54105868	2.53072742	
2.041903	2.24852933	2.26892803	2.59759518	2.59181394	
2.052084	2.30565401	2.32128791	2.65471986	2.65290046	
2.063539	2.37078235	2.39110108	2.7198482	2.71398699	
2.073725	2.42926343	2.46091425	2.77832928	2.77507351	
2.08388	2.4881724	2.51327412	2.83723825	2.83616003	
2.094034	2.54772952	2.565634	2.89679537	2.89724656	
2.104151	2.60762891	2.62672052	2.95669476	2.95833308	
2.114385	2.6689074	2.68780705	3.01797325	3.01941961	
2.124509	2.73012715	2.74016693	3.079193	3.08050613	
2.134676	2.79221614	2.7925268	3.14128199	3.14159265	
2.144855	2.85501911	2.84488668	3.20408496	3.20267918	
2.154961	2.91794467	2.9059732	3.26701052	3.2637657	
2.166164	2.98856323	2.96705973	3.33762908	3.33357887	
2.17627	3.05277411	3.02814625	3.40183996	3.3946654	
2.186437	3.11804629	3.08923278	3.46711214	3.45575192	
2.196598	3.18385362	3.1503193	3.53291947	3.52556509	
2.206691	3.2498622	3.21140582	3.59892805	3.58665161	
2.21688	3.31712452	3.28121899	3.66619037	3.65646478	
2.227005	3.3845574	3.35103216	3.73362325	3.71755131	
2.237237	3.45335468	3.42084533	3.80242053	3.78736448	
2.247538	3.52326854	3.4906585	3.87233439	3.85717765	
2.257464	3.59116285	3.56047167	3.9402287	3.92699082	
2.268849	3.66994587	3.64773814	4.01901172	3.99680399	
2.278917	3.74013985	3.71755131	4.0892057	4.06661716	
2.289054	3.81143347	3.78736448	4.16049932	4.14515697	
2.299171	3.883207	3.86590429	4.23227285	4.21497014	
2.30984	3.95961901	3.94444411	4.30868486	4.29350996	
2.321209	4.04179887	4.03171057	4.39086472	4.38077642	
2.331337	4.11560544	4.11025039	4.46467129	4.45058959	
2.341452	4.18993075	4.1887902	4.5389966	4.52912941	
2.351614	4.26522995	4.25860337	4.6142958	4.60766923	
2.361779	4.34115644	4.33714319	4.69022229	4.68620904	
2.37198	4.41798481	4.41568301	4.76705066	4.76474886	
2.382586	4.49856661	4.48549618	4.84763246	4.85201532	
2.392553	4.57484057	4.57276264	4.92390642	4.92182849	
2.402825	4.65413033	4.64257581	5.00319618	5.00036831	
2.412906	4.73248759	4.72111563	5.08155344	5.07890812	
2.423011	4.81166807	4.79965544	5.16073392	5.16617459	
2.43331	4.89309107	4.86946861	5.24215692	5.23598776	
2.443376	4.97315454	4.95673508	5.32222039	5.32325422	
2.45349	5.05427932	5.03527489	5.40334517	5.40179403	
2.46364	5.13631218	5.11381471	5.48537803	5.48033385	
2.474122	5.22170606	5.20108117	5.57077191	5.56760031	
2.484279	5.30504549	5.28834763	5.65411134	5.64614013	
2.494486	5.38939674	5.3756141	5.73846259	5.72467995	
2.504895	5.47612436	5.46288056	5.82519021	5.81194641	
2.515152	5.56219586	5.55014702	5.91126171	5.89048623	
2.524995	5.6453372	5.63741348	5.99440305	5.97775269	
2.535072	5.73110599	5.72467995	6.08017184	6.06501915	
2.545248	5.81830716	5.81194641	6.16737301	6.14355897	
2.555385	5.90579791	5.90793952	6.25486376	6.23955208	
2.565583	5.99447607	6.00393263	6.34354192	6.32681854	
2.5768	6.09276666	6.10865238	6.44183251	6.42281165	
2.586969	6.18247936	6.19591884	6.53154521	6.51880476	
2.597146	6.27283956	6.28318531	6.62190541	6.61479787	
2.607261	6.36330573	6.37045177	6.71237158	6.70206433	
2.617378	6.45437681	6.46644488	6.80344266	6.79805744	
2.627632	6.54737116	6.56243799	6.89643701	6.89405055	
2.637741	6.63959573	6.64970445	6.98866158	6.99004365	
2.647883	6.73276708	6.73697091	7.08183293	7.08603676	
2.658036	6.82666766	6.82423738	7.17573351	7.18202987	
2.668169	6.92523991	6.92023048	7.27430576	7.27802298	
2.679517	7.02745926	7.01622359	7.37652511	7.38274274	
2.689657	7.12314442	7.12094335	7.47221027	7.4700092	
2.699803	7.21949433	7.20820981	7.56856018	7.57472895	
2.709893	7.31591159	7.29547627	7.66497744	7.66199542	
2.720134	7.41449315	7.40019603	7.763559	7.75798853	
2.730198	7.51187725	7.49618914	7.8609431	7.85398163	
2.740354	7.61083212	7.59218225	7.95989797	7.94997474	
2.750542	7.71070293	7.696902	8.05976878	8.0546945	
2.76072	7.81112681	7.79289511	8.16019266	8.15068761	
2.771318	7.91635109	7.89761487	8.26541694	8.25540736	
2.782074	8.02384335	8.01106127	8.3729092	8.36012712	
2.800575	8.21123072	8.20304748	8.56029657	8.55211333	
2.805162	8.25757162	8.24668072	8.60663747	8.59574657	
2.815205	8.35989249	8.35140047	8.70895834	8.69173967	
2.825431	8.46474202	8.45612023	8.81380787	8.79645943	
2.835615	8.56980288	8.56083998	8.91886873	8.90990583	
2.845736	8.67477474	8.66555974	9.02384059	9.01462559	
2.855894	8.78075043	8.77900614	9.12981628	9.12807199	
2.86601	8.8869321	8.88372589	9.23599795	9.24151839	
2.876931	9.00237929	8.98844565	9.35144514	9.35496479	
2.886731	9.10647559	9.1106187	9.45554144	9.45968455	
2.89655	9.21121308	9.21533845	9.56027893	9.57313095	
2.906672	9.31990609	9.32878485	9.66897195	9.68657735	
2.916904	9.43042275	9.44223125	9.7794886	9.80002375	
2.927025	9.54036267	9.54695101	9.88942852	9.90474351	
2.937171	9.65117063	9.65167076	10.0002365	10.0181899	
2.947306	9.76064693	9.75639052	10.1097128	10.1229097	
2.957482	9.86997198	9.86111027	10.2190378	10.2276294	
2.967604	9.97803658	9.97455668	10.3271024	10.3323492	
2.977815	10.0865577	10.0792764	10.4356236	10.4370689	
2.988081	10.1949518	10.1927228	10.5440176	10.5417887	
2.998278	10.3020132	10.2974426	10.6510791	10.6465084	
3.008387	10.4075475	10.410889	10.7566133	10.7599548	
3.018481	10.5122906	10.5243354	10.8613564	10.8646746	
3.029016	10.6261305	10.6290551	10.9751963	10.978121	
3.041489	10.7486677	10.7599548	11.0977335	11.1177473	
3.051655	10.8521978	10.8734012	11.2012636	11.2224671	
3.061744	10.9543226	10.978121	11.3033885	11.3271868	
3.071877	11.0563131	11.0828408	11.4053789	11.4319066	
3.082082	11.1583985	11.1875605	11.5074644	11.545353	
3.092356	11.260576	11.3010069	11.6096418	11.6413461	
3.102506	11.3608254	11.397	11.7098912	11.7460659	
3.112615	11.4600659	11.5017198	11.8091318	11.8507856	
3.122738	11.5589145	11.6064395	11.9079803	11.9467787	
3.133008	11.6585491	11.7111593	12.0076149	12.0427718	
3.143093	11.7557538	11.8071524	12.1048196	12.1474916	
3.153243	11.8530019	11.9031455	12.2020677	12.2434847	
3.16337	11.9494228	11.990412	12.2984887	12.3394778	
3.173527	12.0455738	12.0864051	12.3946397	12.4267443	
3.183696	12.1411224	12.1823982	12.4901883	12.5227374	
3.19393	12.2367253	12.2696646	12.5857912	12.6100038	
3.204102	12.3311106	12.3569311	12.6801764	12.705997	
3.214245	12.4246186	12.4441976	12.7736845	12.7932634	
3.224361	12.5172819	12.5401907	12.8663478	12.8805299	
3.234563	12.6101323	12.6274571	12.9591982	12.9677963	
3.24472	12.701928	12.705997	13.0509938	13.0550628	
3.254869	12.7930511	12.7932634	13.1421169	13.1510559	
3.26509	12.8842269	12.8892565	13.2332927	13.2295957	
3.275145	12.9733111	12.9677963	13.3223769	13.3255888	
3.285342	13.0630339	13.0637895	13.4120998	13.4128553	
3.295881	13.1551587	13.1510559	13.5042245	13.5088484	
3.305975	13.2426599	13.247049	13.5917258	13.5961149	
3.316189	13.3306937	13.3343155	13.6797596	13.6833813	
3.33421	13.4836333	13.4913951	13.8326992	13.840461	
3.33875	13.5222476	13.5350283	13.8713135	13.8753676	
3.349007	13.6085925	13.6222948	13.9576584	13.962634	
3.359064	13.692703	13.7182879	14.0417688	14.0499005	
3.369204	13.7769055	13.8055544	14.1259713	14.1371669	
3.379405	13.8610301	13.8928208	14.2100959	14.2331601	
3.389871	13.9466343	13.9713607	14.2957001	14.3116999	
3.399874	14.0278897	14.0499005	14.3769556	14.407693	
3.409843	14.1082428	14.1371669	14.4573086	14.4862328	
3.419992	14.1894655	14.2244334	14.5385314	14.5734993	
3.430122	14.2699227	14.2942466	14.6189885	14.6607657	
3.44031	14.3502726	14.381513	14.6993385	14.7393055	
3.450466	14.4296841	14.4513262	14.77875	14.8178453	
3.460582	14.5082263	14.529866	14.8572921	14.8963852	
3.478729	14.6467411	14.6084058	14.995807	15.0360115	
3.483254	14.6813318	14.6956723	15.0303976	15.0621914	
3.49344	14.7584242	14.7742121	15.1074901	15.1407313	
3.504078	14.8383153	14.8527519	15.1873812	15.2105444	
3.513774	14.910505	14.9225651	15.2595709	15.2890842	
3.52395	14.985705	15.0098316	15.3347708	15.3588974	
3.534071	15.0598885	15.0796447	15.4089543	15.4287106	
3.544249	15.1338771	15.1494579	15.4829429	15.4985238	
3.554395	15.2070269	15.2279977	15.5560927	15.5683369	
3.564493	15.2792167	15.2890842	15.6282825	15.6381501	
3.574695	15.3515756	15.3676241	15.7006414	15.7079633	
3.584793	15.422557	15.4374372	15.7716228	15.7777764	
3.595008	15.4937633	15.5072504	15.8428291	15.8475896	
3.605587	15.5668629	15.5770636	15.9159287	15.9174028	
3.615304	15.6333956	15.6468767	15.9824614	15.9872159	
3.625488	15.7025576	15.7079633	16.0516234	16.0570291	
3.635683	15.7711882	15.7777764	16.120254	16.1268423	
3.645776	15.8384956	15.8475896	16.1875615	16.1966555	
3.655991	15.9060319	15.9174028	16.2550978	16.257742	
3.666095	15.97223	15.9784893	16.3212959	16.3275552	
3.676316	16.0386018	16.0395758	16.3876677	16.3973683	
3.686549	16.1043963	16.109389	16.4534621	16.4584548	
3.696628	16.1686136	16.1704755	16.5176795	16.528268	
3.706901	16.2334591	16.231562	16.582525	16.5893545	
3.717122	16.2973386	16.3013752	16.6464045	16.6504411	
3.727214	16.359829	16.3624617	16.7088948	16.7115276	
3.737353	16.4219984	16.4235483	16.7710642	16.7726141	
3.74749	16.4835695	16.4933614	16.8326353	16.8337006	
3.757675	16.5448088	16.554448	16.8938747	16.8947872	
3.767819	16.6051981	16.6155345	16.9542639	16.9558737	
3.777976	16.6650465	16.676621	17.0141124	17.0169602	
3.788128	16.7242777	16.7377075	17.0733435	17.0693201	
3.799972	16.7925081	16.7987941	17.1415739	17.1304066	
3.809084	16.844595	16.8598806	17.1936609	17.1914931	
3.819195	16.9017264	16.9122405	17.2507922	17.2525797	
3.829403	16.9587696	16.973327	17.3078354	17.3136662	
3.839508	17.0146741	17.0256869	17.36374	17.3660261	
3.84996	17.0718684	17.0867734	17.4209342	17.4271126	
3.859831	17.1253081	17.1391333	17.474374	17.4794725	
3.869948	17.1794669	17.1914931	17.5285328	17.540559	
3.881082	17.238347	17.243853	17.5874128	17.5929189	
3.890211	17.2861376	17.2874862	17.6352035	17.6452787	
3.900377	17.3387444	17.3398461	17.6878103	17.6976386	
3.911729	17.3967049	17.4009326	17.7457708	17.7587251	
3.921916	17.4481298	17.4532925	17.7971957	17.8023584	
3.932057	17.498727	17.4969258	17.8477928	17.8547182	
3.951739	17.5941436	17.5929189	17.9432094	17.9507114	
3.956333	17.616484	17.6103722	17.9655499	17.9768913	
3.966562	17.6654343	17.662732	18.0145001	18.0205245	
3.97667	17.7132355	17.7150919	18.0623014	18.0728844	
3.986827	17.7606826	17.7587251	18.1097485	18.1165176	
3.997037	17.8077212	17.811085	18.156787	18.1601509	
4.007158	17.8537949	17.8547182	18.2028607	18.2037841	
4.017569	17.9005466	17.9070781	18.2496124	18.2474173	
4.02754	17.9447293	17.959438	18.2937952	18.2910506	
4.037665	17.9890012	18.0030712	18.338067	18.3346838	
4.047818	18.0328022	18.0467045	18.3818681	18.378317	
4.058022	18.0762065	18.0990643	18.4252723	18.4219503	
4.068277	18.1192177	18.1339709	18.4682836	18.4655835	
4.078391	18.1610542	18.1863308	18.5101201	18.5092167	
4.088535	18.2023947	18.2212374	18.5514606	18.5528499	
4.098704	18.2432626	18.2648706	18.5923284	18.5964832	
4.108797	18.2832267	18.3085039	18.6322925	18.6313898	
4.119057	18.3232347	18.3434104	18.6723005	18.675023	
4.129209	18.3621995	18.3870437	18.7112654	18.7099296	
4.139399	18.4007177	18.4306769	18.7497836	18.7535628	
4.149509	18.4383536	18.4655835	18.7874194	18.797196	
4.159935	18.4765218	18.5004901	18.8255876	18.8321026	
4.169791	18.5120597	18.5353967	18.8611256	18.8757359	
4.179953	18.5480829	18.5703032	18.8971487	18.9106424	
4.190073	18.5833653	18.6052098	18.9324312	18.9542757	
4.200207	18.6181152	18.6401164	18.967181	18.9891823	
4.210347	18.6522837	18.6662964	19.0013495	19.0240888	
4.220568	18.6861315	18.6924763	19.0351973	19.0589954	
4.230826	18.7194763	18.7273829	19.0685421	19.093902	
4.240897	18.7516206	18.7622895	19.1006864	19.120082	
4.251035	18.7834086	18.797196	19.1324745	19.1549885	
4.261532	18.8156633	18.823376	19.1647292	19.1898951	
4.271299	18.8451486	18.8495559	19.1942144	19.2160751	
4.281455	18.8751999	18.8844625	19.2242657	19.2509816	
4.291663	18.9048125	18.9019158	19.2538783	19.2771616	
4.301716	18.9333877	18.9368224	19.2824535	19.3120682	
4.31192	18.9618087	18.9630023	19.3108745	19.3382481	
4.322168	18.9897316	18.9891823	19.3387975	19.3731547	
4.332332	19.0168359	19.0240888	19.3659017	19.3993346	
4.342501	19.0433635	19.0415421	19.3924293	19.4255146	
4.352563	19.0690282	19.0764487	19.4180941	19.4516945	
4.362833	19.0946292	19.093902	19.4436951	19.4778745	
4.373082	19.1195642	19.1288086	19.4686301	19.5040544	
4.383282	19.1437997	19.1462619	19.4928655	19.5302343	
4.393311	19.1670538	19.1811685	19.5161196	19.5476876	
4.403476	19.1900379	19.1986218	19.5391037	19.5651409	
4.413596	19.2123308	19.2248017	19.5613967	19.5825942	
4.424917	19.2365123	19.2509816	19.5855781	19.5913209	
4.435161	19.2578243	19.2771616	19.6068902	19.6087741	
4.445256	19.2782562	19.3033415	19.6273221	19.6262274	
4.455362	19.2981276	19.3207948	19.6471935	19.6436807	
4.465519	19.3175311	19.3382481	19.666597	19.661134	
4.475756	19.3364858	19.3557014	19.6855517	19.6785873	
4.485856	19.3546126	19.3731547	19.7036785	19.6960406	
4.496011	19.3722654	19.390608	19.7213313	19.7134939	
4.506219	19.389429	19.4080613	19.7384948	19.7309472	
4.51632	19.4058351	19.4255146	19.754901	19.7484005	
4.527593	19.4234104	19.4429679	19.7724762	19.7745804	
4.537755	19.4387121	19.4516945	19.787778	19.7920337	
4.54794	19.4534694	19.4604212	19.8025353	19.809487	
4.558023	19.4675235	19.4778745	19.8165893	19.8269403	
4.568159	19.481681	19.4953277	19.8307468	19.8531202	
4.578335	19.4941222	19.5040544	19.8431881	19.8618469	
4.588524	19.5066189	19.512781	19.8556847	19.8793002	
4.598692	19.5185203	19.5302343	19.8675861	19.8880268	
4.608847	19.5298562	19.538961	19.8789221	19.8967535	
4.618943	19.5405804	19.5564143	19.8896463	19.8967535	
4.63023	19.5518459	19.5651409	19.9009117	19.8967535	
4.640375	19.5614544	19.5825942	19.9105203	19.8967535	
4.650529	19.5705554	19.5913209	19.9196213	19.8967535	
4.660699	19.5790689	19.6000475	19.9281347	19.8967535	
4.671288	19.5873715	19.6087741	19.9364374	19.9054801	
4.680969	19.5944966	19.6175008	19.9435625	19.9142068	
4.691103	19.6014205	19.6262274	19.9504863	19.9229334	
4.701306	19.6078659	19.6262274	19.9569318	19.9316601	
4.711353	19.6137091	19.6262274	19.9627749	19.9403867	
4.721591	19.6191482	19.6175008	19.9682141	19.9491134	
4.732868	19.6244939	19.6087741	19.9735598	19.9665666	
4.743024	19.628851	19.6087741	19.9779168	19.9752933	
4.753288	19.6327684	19.6175008	19.9818342	19.9927466	
4.763315	19.6361496	19.6175008	19.9852155	20.0014732	
4.773464	19.6391266	19.6175008	19.9881925	20.0014732	
4.783637	19.6416822	19.6349541	19.990748	20.0014732	
4.793808	19.643833	19.6349541	19.9928988	20.0014732	
4.813195	19.6461939	19.6524074	19.9952598	19.9927466	
4.817722	19.6509341	19.6524074	20	19.9927466	
4.827887	19.6509341	19.6698607	20	19.9840199	
4.838226	19.6509341	19.6698607	20	19.9665666	
4.848331	19.6509341	19.6785873	20	19.9665666	
4.866637	19.6509341	19.6785873	20	19.95784	
4.8712	19.6509341	19.6698607	20	19.95784	
4.882442	19.6509341	19.6698607	20	19.9665666	
4.891462	19.6509341	19.661134	20	19.9665666	
4.901609	19.6509341	19.6524074	20	19.9752933	
4.911746	19.6509341	19.6524074	20	19.9840199	
4.921884	19.6509341	19.6349541	20	20.0014732	
4.932101	19.6509341	19.6349541	20	20.0101999	
4.950084	19.6509341	19.6349541	20	20.0276532	
4.954652	19.6509341	19.6262274	20	20.0276532	
4.964812	19.6509341	19.6262274	20	20.0276532	
4.974958	19.6509341	19.6262274	20	20.0276532	
4.98511	19.6509341	19.6262274	20	20.0276532	
4.995262	19.6509341	19.6349541	20	20.0189265	
5.005482	19.6509341	19.6349541	20	20.0101999	
5.015539	19.6509341	19.6524074	20	20.0014732	
5.025697	19.6509341	19.6524074	20	20.0014732	
5.04534	19.6509341	19.6698607	20	19.9840199	
5.049862	19.6509341	19.6698607	20	19.9840199	
5.060017	19.6509341	19.6698607	20	19.9752933	
5.070163	19.6509341	19.6698607	20	19.9665666	
5.080329	19.6509341	19.6785873	20	19.9665666	
5.090509	19.6509341	19.6785873	20	19.9752933	
5.100693	19.6509341	19.6698607	20	19.9840199	
5.110854	19.6509341	19.6698607	20	19.9840199	
5.120966	19.6509341	19.661134	20	19.9927466	
5.131115	19.6509341	19.6524074	20	20.0014732	
5.141274	19.6509341	19.6436807	20	20.0014732	
5.151401	19.6509341	19.6349541	20	20.0101999	
5.161673	19.6509341	19.6349541	20	20.0189265	
5.180012	19.6509341	19.6349541	20	20.0189265	
5.184563	19.6509341	19.6262274	20	20.0189265	
5.194726	19.6509341	19.6262274	20	20.0189265	
5.204896	19.6509341	19.6175008	20	20.0189265	
5.215005	19.6509341	19.6262274	20	20.0189265	
5.225165	19.6509341	19.6349541	20	20.0189265	
5.235349	19.6509341	19.6349541	20	20.0189265	
5.245521	19.6509341	19.6436807	20	20.0189265	
5.255659	19.6509341	19.6524074	20	20.0189265	
5.265786	19.6509341	19.661134	20	20.0189265	
5.276035	19.6509341	19.6698607	20	20.0101999	
5.286142	19.6509341	19.6698607	20	20.0101999	
5.296279	19.6509341	19.6785873	20	20.0101999	
5.306443	19.6509341	19.6785873	20	20.0101999	
5.316621	19.6509341	19.687314	20	20.0101999	
5.326791	19.6509341	19.6698607	20	20.0101999	
5.336953	19.6509341	19.6698607	20	20.0101999	
5.347085	19.6509341	19.661134	20	20.0101999	
5.357289	19.6509341	19.6524074	20	20.0101999	
5.367419	19.6509341	19.6524074	20	20.0101999	
5.377568	19.6509341	19.6349541	20	20.0101999	
5.387808	19.6509341	19.6349541	20	20.0101999	
5.397892	19.6509341	19.6349541	20	20.0101999	
5.429927	19.6509341	19.6262274	20	20.0101999	
5.434861	19.6509341	19.6175008	20	20.0101999	
