0.04844291	
0.05687155	
0.06690512	
0.07707168	
0.08727024	
0.09737981	
0.1074734	
0.1176789	
0.1278355	
0.1379761	
0.1480986	
0.1587122	
0.1685187	
0.1786493	
0.1888339	
0.1989094	
0.209061	
0.2192426	
0.2293621	
0.2395557	
0.2499552	
0.2597968	
0.2699644	
0.2801049	
0.2902525	
0.3003621	
0.3105036	
0.3206572	
0.3308748	
0.3409783	
0.3627694	
0.3729889	
0.3831445	
0.3933431	
0.4034856	
0.4136952	
0.4239697	
0.4341593	
0.4442819	
0.4544774	
0.464734	
0.4749316	
0.4851701	
0.4954167	
0.5055862	
0.5158048	
0.5260964	
0.5362419	
0.5464635	
0.55665	
0.5669256	
0.5771972	
0.5874097	
0.5976333	
0.6078388	
0.6180794	
0.6284269	
0.6385745	
0.6488221	
0.6590246	
0.6692552	
0.6877794	
0.6924752	
0.7027077	
0.7129463	
0.7230869	
0.7333184	
0.743587	
0.7537036	
0.7639201	
0.7741777	
0.7843502	
0.7945528	
0.8048414	
0.8234366	
0.8280494	
0.8384159	
0.8485215	
0.858719	
0.8689746	
0.8791622	
0.8893967	
0.8996473	
0.9098798	
0.9209604	
0.9306839	
0.9409825	
0.9511651	
0.9614756	
0.9715442	
0.9817497	
0.9920263	
1.002181	
1.014443	
1.022821	
1.03326	
1.043122	
1.053878	
1.063631	
1.073728	
1.083935	
1.094186	
1.104346	
1.114564	
1.124781	
1.134922	
1.145193	
1.155346	
1.165522	
1.175868	
1.186026	
1.196279	
1.206494	
1.216683	
1.226859	
1.237054	
1.247329	
1.257467	
1.267694	
1.277966	
1.288166	
1.298421	
1.308605	
1.318826	
1.32912	
1.339253	
1.349627	
1.359839	
1.369883	
1.380121	
1.390376	
1.400524	
1.410746	
1.429334	
1.43395	
1.451475	259.550677	259.547913	259.733936	259.731173	
1.456302	259.551394	259.547913	259.734654	259.731173	
1.466536	259.553709	259.547913	259.736968	259.731173	
1.476739	259.556641	259.547913	259.739901	259.739899	
1.487088	259.560264	259.55664	259.743523	259.739899	
1.497269	259.56444	259.565366	259.7477	259.739899	
1.507445	259.569241	259.565366	259.7525	259.748626	
1.520721	259.576682	259.574093	259.759942	259.757353	
1.52773	259.580765	259.58282	259.764025	259.774806	
1.537782	259.587327	259.591546	259.770586	259.774806	
1.547982	259.59462	259.600273	259.77788	259.792259	
1.558195	259.602547	259.609	259.785806	259.800986	
1.5684	259.61109	259.617726	259.79435	259.809712	
1.578412	259.620068	259.626453	259.803328	259.818439	
1.588786	259.630028	259.63518	259.813288	259.818439	
1.59878	259.640207	259.652633	259.823466	259.827166	
1.608922	259.651164	259.661359	259.834424	259.827166	
1.619049	259.662718	259.670086	259.845978	259.835892	
1.629186	259.674901	259.687539	259.85816	259.844619	
1.639341	259.687729	259.696266	259.870989	259.853346	
1.650283	259.702292	259.713719	259.885552	259.862072	
1.660266	259.716138	259.722446	259.899397	259.879526	
1.670423	259.730859	259.739899	259.914119	259.896979	
1.680531	259.746116	259.748626	259.929376	259.914432	
1.690661	259.762033	259.757353	259.945293	259.931885	
1.708757	259.792858	259.774806	259.976117	259.966792	
1.713417	259.800726	259.783533	259.983986	259.984245	
1.723574	259.818681	259.792259	260.001941	260.001699	
1.733682	259.837169	259.809712	260.020429	260.019152	
1.743918	259.85652	259.827166	260.039779	260.045332	
1.754121	259.876446	259.835892	260.059705	260.071512	
1.764215	259.896747	259.853346	260.080006	260.088965	
1.774412	259.917878	259.879526	260.101137	260.115145	
1.7845	259.9394	259.896979	260.12266	260.141325	
1.7947	259.961796	259.914432	260.145056	260.158778	
1.804832	259.984643	259.949339	260.167903	260.193685	
1.815016	260.008236	259.966792	260.191495	260.211138	
1.825177	260.032399	260.001699	260.215658	260.237318	
1.835303	260.057088	260.036605	260.240347	260.263498	
1.845493	260.082576	260.071512	260.265835	260.289678	
1.855715	260.108778	260.106418	260.292037	260.315858	
1.865819	260.135238	260.132598	260.318498	260.342038	
1.875951	260.16241	260.167505	260.34567	260.368218	
1.88618	260.190476	260.193685	260.373735	260.403124	
1.896237	260.218688	260.228591	260.401948	260.429304	
1.906584	260.248348	260.254771	260.431608	260.455484	
1.916575	260.277569	260.280951	260.460829	260.481664	
1.92678	260.308057	260.315858	260.491317	260.516571	
1.944763	260.364148	260.368218	260.547408	260.568931	
1.949397	260.378553	260.385671	260.561813	260.586384	
1.95976	260.411588	260.411851	260.594848	260.612564	
1.969676	260.443724	260.438031	260.626983	260.64747	
1.97978	260.477109	260.472938	260.660369	260.682377	
1.989903	260.511194	260.499118	260.694453	260.717284	
2.000184	260.546439	260.525297	260.729698	260.743464	
2.011651	260.587593	260.560204	260.770853	260.77837	
2.020369	260.617499	260.595111	260.800758	260.813277	
2.030504	260.654076	260.621291	260.837335	260.839457	
2.041318	260.693834	260.656197	260.877094	260.874363	
2.051713	260.73271	260.691104	260.91597	260.917997	
2.06163	260.770353	260.72601	260.953613	260.944176	
2.071801	260.809561	260.760917	260.992821	260.979083	
2.08195	260.849329	260.80455	261.032588	261.022716	
2.092047	260.889495	260.839457	261.072754	261.057623	
2.102558	260.932012	260.874363	261.115272	261.101256	
2.112545	260.972978	260.926723	261.156238	261.136163	
2.122516	261.014453	260.970356	261.197713	261.179796	
2.132667	261.057322	261.01399	261.240581	261.223429	
2.142828	261.100831	261.057623	261.28409	261.267062	
2.153047	261.145243	261.101256	261.328502	261.310696	
2.163208	261.190025	261.153616	261.373285	261.354329	
2.173404	261.235578	261.197249	261.418837	261.406689	
2.183962	261.283409	261.240882	261.466669	261.459049	
2.194047	261.329693	261.293242	261.512953	261.511408	
2.204159	261.376744	261.345602	261.560003	261.555042	
2.214369	261.424864	261.389235	261.608124	261.607402	
2.224498	261.473211	261.432869	261.656471	261.659761	
2.234645	261.522272	261.485229	261.705531	261.712121	
2.244799	261.571976	261.537588	261.755235	261.764481	
2.254934	261.622202	261.589948	261.805462	261.808114	
2.265834	261.676983	261.642308	261.860243	261.869201	
2.276102	261.729182	261.694668	261.912442	261.912834	
2.286271	261.781495	261.747028	261.964755	261.965194	
2.296397	261.834201	261.799388	262.017461	262.008827	
2.306498	261.887367	261.851748	262.070626	262.061187	
2.316707	261.941762	261.904108	262.125021	262.113547	
2.326983	261.997133	261.956467	262.180393	262.165907	
2.337101	262.052268	262.008827	262.235528	262.218267	
2.34717	262.107748	262.069914	262.291008	262.270627	
2.357276	262.164052	262.131	262.347312	262.331713	
2.368422	262.226935	262.192087	262.410195	262.3928	
2.378606	262.284945	262.253173	262.468205	262.453886	
2.388708	262.343109	262.305533	262.526368	262.506246	
2.398904	262.402469	262.36662	262.585729	262.567333	
2.409076	262.462329	262.427706	262.645588	262.628419	
2.419174	262.522279	262.480066	262.705539	262.689506	
2.429304	262.583114	262.541153	262.766374	262.759319	
2.439501	262.644898	262.602239	262.828158	262.820405	
2.449607	262.706801	262.672052	262.890061	262.881492	
2.460099	262.771742	262.724412	262.955001	262.951305	
2.471055	262.840295	262.802952	263.023555	263.021118	
2.481239	262.90458	262.864039	263.08784	263.090931	
2.491508	262.97005	262.933852	263.153309	263.152018	
2.501617	263.03512	263.012392	263.21838	263.221831	
2.511859	263.101674	263.082205	263.284934	263.282918	
2.521968	263.167973	263.160745	263.351232	263.352731	
2.532099	263.235019	263.230558	263.418278	263.413817	
2.542351	263.303513	263.300371	263.486773	263.483631	
2.55283	263.374258	263.370184	263.557518	263.553444	
2.562889	263.44265	263.448724	263.625909	263.623257	
2.573704	263.516965	263.527264	263.700225	263.701797	
2.583858	263.587317	263.597077	263.770577	263.77161	
2.594027	263.658415	263.658163	263.841674	263.841423	
2.604139	263.72969	263.727977	263.91295	263.919963	
2.614322	263.802162	263.79779	263.985421	263.989776	
2.624478	263.874995	263.867603	264.058255	264.068316	
2.634617	263.948322	263.928689	264.131582	264.138129	
2.644764	264.022369	263.998503	264.205629	264.207942	
2.654938	264.097205	264.068316	264.280465	264.277755	
2.665122	264.172738	264.138129	264.355997	264.356295	
2.676328	264.256677	264.225395	264.439936	264.434835	
2.686526	264.333615	264.295209	264.516875	264.513375	
2.696658	264.410678	264.373748	264.593937	264.583188	
2.706767	264.4882	264.452288	264.67146	264.661728	
2.716911	264.566595	264.530828	264.749854	264.731541	
2.727117	264.646071	264.609368	264.829331	264.810081	
2.737268	264.725759	264.696634	264.909019	264.888621	
2.747454	264.80637	264.783901	264.98963	264.975887	
2.757576	264.887055	264.871167	265.070315	265.0457	
2.767743	264.968712	264.949707	265.151972	265.132967	
2.779018	265.06012	265.0457	265.243379	265.22896	
2.789183	265.143101	265.132967	265.326361	265.316226	
2.799324	265.226478	265.220233	265.409738	265.403493	
2.809498	265.310732	265.3075	265.493992	265.490759	
2.81995	265.398004	265.394766	265.581263	265.578026	
2.829751	265.480364	265.482033	265.663624	265.674019	
2.839909	265.566329	265.560572	265.749589	265.761285	
2.850013	265.652491	265.647839	265.83575	265.848552	
2.860138	265.739439	265.726379	265.922698	265.935818	
2.870334	265.827683	265.813645	266.010943	266.023085	
2.881677	265.926563	265.918365	266.109823	266.119078	
2.891821	266.015594	266.005631	266.198854	266.197618	
2.910175	266.179181	266.092898	266.36244	266.363424	
2.914704	266.219471	266.197618	266.40273	266.39833	
2.924906	266.311029	266.284884	266.494288	266.485597	
2.935054	266.402736	266.380877	266.585996	266.572863	
2.945239	266.495402	266.47687	266.678661	266.66013	
2.95536	266.58807	266.564137	266.771329	266.756123	
2.965472	266.681342	266.66013	266.864602	266.843389	
2.975728	266.776532	266.756123	266.959792	266.939382	
2.985872	266.871306	266.852116	267.054565	267.035376	
2.995997	266.966469	266.948109	267.149729	267.131369	
3.006432	267.065267	267.044102	267.248527	267.227362	
3.016527	267.1614	267.140095	267.34466	267.332082	
3.026642	267.258357	267.227362	267.441617	267.428075	
3.037201	267.362086	267.332082	267.545345	267.524068	
3.046984	267.455282	267.419348	267.638542	267.628788	
3.05728	267.555873	267.524068	267.739132	267.733507	
3.067384	267.655174	267.620061	267.838433	267.838227	
3.077518	267.755446	267.716054	267.938706	267.93422	
3.089926	267.879232	267.8295	268.062492	268.047667	
3.09974	267.977579	267.925493	268.160838	268.152386	
3.110078	268.081896	268.030213	268.265156	268.257106	
3.119906	268.181552	268.134933	268.364811	268.353099	
3.1302	268.286667	268.239653	268.469926	268.449092	
3.140221	268.389859	268.344372	268.573119	268.553812	
3.150408	268.494762	268.457819	268.678022	268.658532	
3.160522	268.599812	268.571265	268.783072	268.763252	
3.170642	268.705581	268.675985	268.888841	268.867971	
3.189047	268.900497	268.780705	269.083757	269.059957	
3.193974	268.952578	268.920331	269.135838	269.112317	
3.203791	269.05705	269.033778	269.240309	269.217037	
3.214203	269.168623	269.147224	269.351882	269.321757	
3.224116	269.275371	269.26067	269.45863	269.435203	
3.234307	269.385755	269.374117	269.569015	269.54865	
3.244441	269.496148	269.487563	269.679407	269.653369	
3.254611	269.605712	269.60101	269.788972	269.766816	
3.264774	269.714606	269.723183	269.897866	269.888989	
3.274876	269.822228	269.836629	270.005488	270.002435	
3.285094	269.930491	269.941349	270.113751	270.115882	
3.295297	270.038016	270.054795	270.221276	270.238055	
3.305416	270.143953	270.159515	270.327213	270.351501	
3.315543	270.249445	270.281688	270.432705	270.464948	
3.325825	270.355927	270.386408	270.539186	270.578394	
3.33593	270.459971	270.491127	270.643231	270.69184	
3.346028	270.563326	270.604574	270.746585	270.805287	
3.35614	270.666243	270.709294	270.849503	270.910006	
3.366348	270.769554	270.805287	270.952814	271.014726	
3.376446	270.871097	270.910006	271.054357	271.110719	
3.386621	270.972865	271.014726	271.156124	271.206712	
3.396835	271.074439	271.119446	271.257698	271.302706	
3.40697	271.17449	271.206712	271.357749	271.398699	
3.417238	271.275312	271.302706	271.458571	271.494692	
3.427369	271.374239	271.398699	271.557498	271.581958	
3.437452	271.472016	271.485965	271.655275	271.677951	
3.447724	271.571031	271.581958	271.754291	271.765218	
3.457783	271.667416	271.677951	271.850676	271.861211	
3.46795	271.764208	271.765218	271.947467	271.957204	
3.478138	271.860656	271.861211	272.043916	272.044471	
3.488458	271.959382	271.948477	272.142642	272.131737	
3.498521	272.05429	272.044471	272.237549	272.236457	
3.50868	272.145981	272.131737	272.32924	272.323723	
3.518801	272.239348	272.22773	272.422608	272.419716	
3.529253	272.335173	272.323723	272.518432	272.515709	
3.539047	272.424335	272.41099	272.607595	272.611703	
3.549251	272.516618	272.506983	272.699878	272.698969	
3.55947	272.608434	272.602976	272.791693	272.794962	
3.56957	272.698596	272.698969	272.881855	272.899682	
3.579727	272.788651	272.786235	272.971911	272.986948	
3.590069	272.87976	272.882229	273.063019	273.082941	
3.600073	272.96728	272.969495	273.15054	273.178935	
3.610181	273.055084	273.056761	273.238343	273.266201	
3.620327	273.14264	273.152755	273.325899	273.362194	
3.630471	273.229576	273.240021	273.412836	273.449461	
3.640625	273.316011	273.327288	273.499271	273.536727	
3.650831	273.402228	273.405827	273.585487	273.623993	
3.660971	273.487329	273.493094	273.670588	273.71126	
3.671082	273.571564	273.58036	273.754823	273.7898	
3.681237	273.655586	273.667627	273.838846	273.877066	
3.691653	273.741157	273.746167	273.924417	273.955606	
3.71037	273.892371	273.89452	274.075631	274.103959	
3.714968	273.929522	273.929426	274.112782	274.138866	
3.725152	274.011414	273.999239	274.194673	274.208679	
3.735263	274.091656	274.086506	274.274916	274.287219	
3.745447	274.172046	274.156319	274.355306	274.357032	
3.755588	274.251521	274.234859	274.43478	274.435572	
3.765738	274.330494	274.313399	274.513754	274.505385	
3.775933	274.409186	274.391938	274.592446	274.583925	
3.786019	274.486453	274.470478	274.669713	274.662464	
3.796186	274.563742	274.540291	274.747002	274.741004	
3.806644	274.642655	274.627558	274.825914	274.819544	
3.816574	274.716884	274.697371	274.900144	274.898084	
3.826713	274.792153	274.775911	274.975413	274.976624	
3.836849	274.866771	274.854451	275.05003	275.055163	
3.847018	274.941085	274.93299	275.124345	275.133703	
3.857192	275.01478	275.01153	275.19804	275.212243	
3.867322	275.087574	275.081343	275.270834	275.290783	
3.877455	275.159797	275.16861	275.343056	275.369323	
3.88769	275.232118	275.238423	275.415378	275.439136	
3.897726	275.302452	275.316963	275.485711	275.517676	
3.907983	275.373741	275.395503	275.557001	275.587489	
3.918145	275.44375	275.465316	275.62701	275.657302	
3.92833	275.513306	275.535129	275.696565	275.727115	
3.938454	275.581849	275.604942	275.765108	275.796928	
3.948786	275.651238	275.674755	275.834497	275.858015	
3.958746	275.717444	275.744569	275.900703	275.919101	
3.968876	275.784238	275.805655	275.967497	275.988915	
3.979016	275.850492	275.866742	276.033751	276.050001	
3.989184	275.916549	275.936555	276.099808	276.111088	
3.999276	275.981114	275.988915	276.164374	276.180901	
4.011706	276.060935	276.058728	276.244194	276.241987	
4.030701	276.177841	276.180901	276.3611	276.36416	
4.035281	276.206286	276.207081	276.389546	276.39034	
4.045835	276.271157	276.268167	276.454417	276.460154	
4.056389	276.335374	276.329254	276.518633	276.52124	
4.06608	276.393771	276.39034	276.57703	276.582327	
4.076218	276.454276	276.451427	276.637536	276.634686	
4.086431	276.514644	276.512513	276.697903	276.7045	
4.096529	276.573707	276.5736	276.756967	276.756859	
4.108849	276.644884	276.634686	276.828143	276.817946	
4.125054	276.736887	276.687046	276.920146	276.931392	
4.129728	276.763179	276.774313	276.946439	276.957572	
4.139839	276.819792	276.826673	277.003051	277.018659	
4.15008	276.876553	276.896486	277.059812	277.079745	
4.160162	276.931793	276.948846	277.115052	277.140832	
4.170298	276.986742	277.009932	277.170002	277.193192	
4.180445	277.04118	277.071019	277.22444	277.254278	
4.190606	277.095062	277.123379	277.278322	277.315365	
4.20071	277.148088	277.175739	277.331348	277.367725	
4.21293	277.211268	277.228098	277.394528	277.420085	
4.221035	277.252843	277.280458	277.436103	277.472444	
4.231242	277.304584	277.332818	277.487844	277.524804	
4.241359	277.355269	277.385178	277.538529	277.577164	
4.251454	277.405269	277.428811	277.588529	277.629524	
4.269715	277.493363	277.481171	277.676623	277.716791	
4.274282	277.5154	277.533531	277.69866	277.742971	
4.284445	277.56379	277.585891	277.747049	277.786604	
4.294644	277.611748	277.629524	277.795008	277.838964	
4.304728	277.658577	277.681884	277.841837	277.882597	
4.317163	277.715377	277.725517	277.898636	277.92623	
4.325309	277.752273	277.76915	277.935533	277.961137	
4.335283	277.796816	277.812784	277.980076	278.013497	
4.345444	277.841602	277.856417	278.024862	278.048403	
4.355546	277.885542	277.90005	278.068801	278.092036	
4.373762	277.962476	277.97859	278.145736	278.170576	
4.378345	277.981876	277.996043	278.165136	278.188029	
4.388463	278.023969	278.039676	278.207228	278.231663	
4.398683	278.065898	278.08331	278.249157	278.275296	
4.408982	278.107545	278.118216	278.290805	278.310203	
4.420982	278.155149	278.170576	278.338409	278.362562	
4.431184	278.195073	278.214209	278.378333	278.406196	
4.441326	278.234166	278.257843	278.417425	278.441102	
4.451404	278.27246	278.292749	278.45572	278.484735	
4.461671	278.310854	278.327656	278.494114	278.519642	
4.471834	278.348277	278.362562	278.531536	278.563275	
4.481885	278.384689	278.406196	278.567949	278.606908	
4.492029	278.42085	278.449829	278.604109	278.641815	
4.502152	278.456359	278.484735	278.639619	278.676722	
4.523669	278.5285	278.545822	278.71176	278.763988	
4.528572	278.545019	278.572002	278.728278	278.772715	
4.538418	278.577508	278.606908	278.760768	278.807621	
4.54857	278.610415	278.641815	278.793674	278.842528	
4.559352	278.644709	278.676722	278.827968	278.886161	
4.568829	278.674353	278.702902	278.857613	278.912341	
4.578957	278.705419	278.737808	278.888679	278.938521	
4.589098	278.735957	278.763988	278.919217	278.973428	
4.599281	278.766025	278.798895	278.949284	278.999608	
4.609487	278.795573	278.816348	278.978833	279.025788	
4.619948	278.82523	278.851255	279.00849	279.043241	
4.629828	278.852714	278.877435	279.035973	279.069421	
4.639978	278.880324	278.903614	279.063584	279.086874	
4.650074	278.907227	278.929794	279.090487	279.113054	
4.660252	278.933768	278.955974	279.117028	279.139234	
4.67044	278.959743	278.982154	279.143003	279.165414	
4.680597	278.985054	279.008334	279.168314	279.182867	
4.690698	279.009655	279.025788	279.192914	279.209047	
4.700924	279.033973	279.043241	279.217233	279.235227	
4.71102	279.057396	279.069421	279.240656	279.261407	
4.721582	279.081276	279.086874	279.264535	279.287587	
4.731376	279.102899	279.113054	279.286159	279.313767	
4.741536	279.124731	279.130507	279.307991	279.339947	
4.751718	279.146035	279.147961	279.329295	279.3574	
4.761769	279.166504	279.165414	279.349763	279.38358	
4.771963	279.186679	279.191594	279.369939	279.40976	
4.782122	279.206218	279.217774	279.389478	279.427213	
4.792317	279.225228	279.235227	279.408487	279.453393	
4.802433	279.243538	279.25268	279.426797	279.46212	
4.812556	279.261288	279.27886	279.444548	279.479573	
4.822914	279.278856	279.30504	279.462116	279.479573	
4.833159	279.295653	279.322493	279.478912	279.4883	
4.843284	279.31169	279.339947	279.494949	279.4883	
4.85339	279.327144	279.3574	279.510403	279.497026	
4.863536	279.342082	279.374853	279.525342	279.505753	
4.87372	279.356514	279.392307	279.539774	279.51448	
4.883879	279.37057	279.401033	279.553829	279.531933	
4.894054	279.383647	279.40976	279.566906	279.549386	
4.90422	279.396367	279.40976	279.579627	279.558113	
4.914335	279.40848	279.401033	279.59174	279.575566	
4.924501	279.420096	279.40976	279.603355	279.59302	
4.935423	279.431916	279.40976	279.615176	279.601746	
4.945566	279.442367	279.418487	279.625626	279.619199	
4.955714	279.452284	279.427213	279.635543	279.636653	
4.965865	279.461654	279.43594	279.644913	279.654106	
4.976042	279.47051	279.444667	279.653769	279.671559	
4.98618	279.478803	279.46212	279.662062	279.680286	
4.996353	279.48659	279.470846	279.66985	279.689013	
5.006511	279.493841	279.479573	279.6771	279.689013	
5.01666	279.50057	279.497026	279.683829	279.697739	
5.026764	279.506758	279.51448	279.690018	279.689013	
5.037994	279.512989	279.523206	279.696249	279.689013	
5.048406	279.518264	279.531933	279.701524	279.689013	
5.058706	279.522983	279.549386	279.706242	279.689013	
5.068634	279.527082	279.549386	279.710341	279.697739	
5.07882	279.530816	279.549386	279.714076	279.697739	
5.088986	279.534089	279.549386	279.717348	279.706466	
5.099147	279.536925	279.549386	279.720185	279.715193	
5.109264	279.539338	279.54066	279.722598	279.723919	
5.119484	279.541373	279.531933	279.724633	279.732646	
5.129945	279.543063	279.51448	279.726323	279.741373	
5.140599	279.547913	279.51448	279.731173	279.741373	
5.150821	279.547913	279.51448	279.731173	279.741373	
5.160944	279.547913	279.51448	279.731173	279.732646	
5.171021	279.547913	279.51448	279.731173	279.732646	
5.181579	279.547913	279.531933	279.731173	279.732646	
5.191358	279.547913	279.54066	279.731173	279.732646	
5.201618	279.547913	279.549386	279.731173	279.732646	
5.211773	279.547913	279.558113	279.731173	279.732646	
5.221884	279.547913	279.56684	279.731173	279.732646	
5.232099	279.547913	279.56684	279.731173	279.732646	
5.244626	279.547913	279.575566	279.731173	279.741373	
5.254741	279.547913	279.56684	279.731173	279.741373	
5.264956	279.547913	279.56684	279.731173	279.741373	
5.27508	279.547913	279.56684	279.731173	279.741373	
5.285284	279.547913	279.558113	279.731173	279.741373	
5.295394	279.547913	279.549386	279.731173	279.741373	
5.305567	279.547913	279.549386	279.731173	279.741373	
5.315691	279.547913	279.549386	279.731173	279.741373	
5.325929	279.547913	279.549386	279.731173	279.741373	
5.336068	279.547913	279.549386	279.731173	279.741373	
5.346149	279.547913	279.549386	279.731173	279.741373	
5.356268	279.547913	279.549386	279.731173	279.741373	
5.366505	279.547913	279.549386	279.731173	279.741373	
5.376625	279.547913	279.549386	279.731173	279.741373	
5.386752	279.547913	279.549386	279.731173	279.741373	
5.3969	279.547913	279.549386	279.731173	279.741373	
5.407341	279.547913	279.549386	279.731173	279.741373	
5.417362	279.547913	279.549386	279.731173	279.741373	
5.427424	279.547913	279.549386	279.731173	279.741373	
5.43756	279.547913	279.549386	279.731173	279.741373	
5.447772	279.547913	279.549386	279.731173	279.741373	
5.457871	279.547913	279.549386	279.731173	279.741373	
5.468017	279.547913	279.549386	279.731173	279.741373	
5.47813	279.547913	279.549386	279.731173	279.741373	
5.488325	279.547913	279.549386	279.731173	279.741373	
5.498453	279.547913	279.549386	279.731173	279.741373	
5.508596	279.547913	279.549386	279.731173	279.741373	
5.518802	279.547913	279.549386	279.731173	279.741373	
5.528917	279.547913	279.549386	279.731173	279.741373	
5.539053	279.547913	279.549386	279.731173	279.741373	
5.549198	279.547913	279.549386	279.731173	279.741373	
5.559934	279.547913	279.549386	279.731173	279.741373	
5.569567	279.547913	279.549386	279.731173	279.741373	
5.579709	279.547913	279.549386	279.731173	279.741373	
5.589781	279.547913	279.549386	279.731173	279.741373	
5.599988	279.547913	279.549386	279.731173	279.741373	
5.610204	279.547913	279.549386	279.731173	279.741373	
5.62023	279.547913	279.549386	279.731173	279.741373	
5.630387	279.547913	279.549386	279.731173	279.741373	
5.640514	279.547913	279.549386	279.731173	279.741373	
5.65064	279.547913	279.549386	279.731173	279.741373	
5.660859	279.547913	279.549386	279.731173	279.741373	
5.670987	279.547913	279.549386	279.731173	279.741373	
5.681075	279.547913	279.549386	279.731173	279.741373	
5.691231	279.547913	279.549386	279.731173	279.741373	
5.701577	279.547913	279.549386	279.731173	279.741373	
5.711534	279.547913	279.549386	279.731173	279.741373	
5.721681	279.547913	279.549386	279.731173	279.741373	
5.731808	279.547913	279.549386	279.731173	279.741373	
5.741951	279.547913	279.549386	279.731173	279.741373	
5.752157	279.547913	279.549386	279.731173	279.741373	
5.762328	279.547913	279.549386	279.731173	279.741373	
5.772449	279.547913	279.549386	279.731173	279.741373	
5.782656	279.547913	279.549386	279.731173	279.741373	
5.79277	279.547913	279.549386	279.731173	279.741373	
5.802921	279.547913	279.549386	279.731173	279.741373	
5.813089	279.547913	279.549386	279.731173	279.741373	
5.823249	279.547913	279.549386	279.731173	279.741373	
5.833507	279.547913	279.549386	279.731173	279.741373	
5.843613	279.547913	279.549386	279.731173	279.741373	
5.853723	279.547913	279.549386	279.731173	279.741373	
5.863986	279.547913	279.549386	279.731173	279.741373	
5.874015	279.547913	279.549386	279.731173	279.741373	
5.884318	279.547913	279.549386	279.731173	279.741373	
5.914891	279.547913	279.549386	279.731173	279.741373	
