0.03695344	
0.04184023	
0.05163382	
0.06184938	
0.07199895	
0.08213453	
0.09237609	
0.1059675	
0.1129082	
0.1227288	
0.1328554	
0.143033	
0.1531385	
0.1633281	
0.1734767	
0.1836082	
0.1937188	
0.2039204	
0.2140859	
0.2242515	
0.2343901	
0.2445877	
0.2546422	
0.2647848	
0.2750754	
0.2851429	
0.2953855	
0.3054391	
0.3155347	
0.3257612	
0.3358858	
0.3460444	
0.3562899	
0.3676555	
0.3767191	
0.3866596	
0.3968182	
0.4069448	
0.4170604	
0.4272339	
0.4374655	
0.4475821	
0.4577156	
0.4678292	
0.4787338	
0.4881114	
0.4982349	
0.5084565	
0.5185521	
0.5286826	
0.5389772	
0.5490178	
0.5591584	
0.5693009	
0.5794675	
0.5896401	
0.6020885	
0.6121801	
0.6222747	
0.6324133	
0.6426818	
0.6527424	
0.662882	
0.6730065	
0.6832171	
0.6932997	
0.7035522	
0.7136138	
0.7237784	
0.733995	
0.7448175	
0.7549061	
0.7650536	
0.7751332	
0.7853538	
0.7954884	
0.8056119	
0.8157525	
0.8259031	
0.8364726	
0.8462282	
0.8564228	
0.8665414	
0.8767319	
0.8868395	
0.8969711	
0.9071396	
0.9172622	
0.9274558	
0.9375593	
0.9476949	
0.9578555	
0.9679741	
0.9781076	
0.9882622	
0.9983608	
1.008539	
1.018665	
1.028888	
1.03917	
1.049169	
1.059368	
1.069487	
1.07964	
1.089793	
1.099967	
1.11017	
1.120279	
1.13041	
1.140632	
1.150734	
1.160891	
1.171135	
1.181236	
1.191329	
1.201517	
1.211672	
1.221865	
1.231968	
1.242128	
1.25418	99.5897957	99.5884871	99.7905085	99.7892	
1.264297	99.591447	99.5884871	99.7921599	99.7892	
1.274445	99.5937249	99.5884871	99.7944378	99.7892	
1.284604	99.5966234	99.5884871	99.7973363	99.7892	
1.294737	99.6001296	99.5884871	99.8008425	99.7979266	
1.304916	99.6042742	99.5972138	99.8049871	99.7979266	
1.315094	99.6090431	99.6059404	99.809756	99.7979266	
1.325218	99.614398	99.6059404	99.8151108	99.8066533	
1.335376	99.6203917	99.6059404	99.8211045	99.8153799	
1.3455	99.6269757	99.6146671	99.8276885	99.8153799	
1.356756	99.6350997	99.6146671	99.8358126	99.8241066	
1.367244	99.6435406	99.6233937	99.8442534	99.8328332	
1.377046	99.6515277	99.6233937	99.8522406	99.8415599	
1.387177	99.6606526	99.6233937	99.8613655	99.8502865	
1.397774	99.6708858	99.6233937	99.8715987	99.8590132	
1.407528	99.6808512	99.6233937	99.8815641	99.8677398	
1.417615	99.6917785	99.6321204	99.8924914	99.8764664	
1.427772	99.7033979	99.640847	99.9041108	99.8851931	
1.437932	99.7156437	99.6583003	99.9163566	99.8939197	
1.448229	99.7287033	99.6757536	99.9294161	99.9026464	
1.459344	99.7435647	99.6932069	99.9442775	99.9200997	
1.469525	99.7577565	99.7106602	99.9584694	99.9288263	
1.480441	99.7737319	99.7281135	99.9744448	99.937553	
1.489767	99.7878374	99.7542934	99.9885502	99.9550063	
1.499915	99.8038441	99.7804733	100.004557	99.9724596	
1.510074	99.820486	99.8066533	100.021199	99.9899128	
1.520229	99.8377401	99.8328332	100.038453	100.007366	
1.530386	99.8556166	99.8590132	100.056329	100.033546	
1.540787	99.8745831	99.8851931	100.075296	100.059726	
1.550718	99.8932628	99.9026464	100.093976	100.077179	
1.561935	99.9151721	99.9288263	100.115885	100.103359	
1.572066	99.9355275	99.9462796	100.13624	100.129539	
1.58223	99.9565955	99.9637329	100.157308	100.155719	
1.592374	99.9782087	99.9811862	100.178922	100.181899	
1.602501	100.00042	99.9986395	100.201133	100.208079	
1.612728	100.023473	100.007366	100.224186	100.234259	
1.622807	100.046789	100.024819	100.247502	100.251712	
1.63294	100.070858	100.042273	100.271571	100.277892	
1.643102	100.095613	100.059726	100.296326	100.295345	
1.653212	100.120862	100.077179	100.321574	100.321525	
1.664555	100.150003	100.094633	100.350715	100.347705	
1.674715	100.176686	100.112086	100.377398	100.373885	
1.68491	100.204077	100.146992	100.40479	100.391339	
1.695037	100.231902	100.173172	100.432615	100.426245	
1.70533	100.260835	100.199352	100.461548	100.443698	
1.715342	100.289551	100.242986	100.490264	100.469878	
1.725445	100.319155	100.277892	100.519868	100.496058	
1.735597	100.349513	100.321525	100.550226	100.530965	
1.745732	100.380454	100.356432	100.581167	100.557145	
1.756238	100.415264	100.391339	100.615977	100.583325	
1.768742	100.453167	100.443698	100.65388	100.626958	
1.786778	100.513104	100.513512	100.713817	100.688045	
1.799355	100.555611	100.565871	100.756324	100.740404	
1.803857	100.570831	100.583325	100.771544	100.757858	
1.814102	100.606316	100.618231	100.807029	100.792764	
1.824205	100.641896	100.653138	100.842609	100.836398	
1.834349	100.678253	100.688045	100.878966	100.880031	
1.844584	100.715557	100.714224	100.91627	100.914937	
1.854794	100.754283	100.740404	100.954996	100.958571	
1.866933	100.799388	100.775311	101.000101	100.993477	
1.875517	100.832224	100.801491	101.032937	101.03711	
1.885288	100.870205	100.827671	101.070918	101.072017	
1.895441	100.910309	100.862577	101.111022	101.11565	
1.90553	100.950781	100.897484	101.151494	101.150557	
1.91568	100.992106	100.932391	101.192819	101.185463	
1.925902	101.034352	100.976024	101.235065	101.229097	
1.93605	101.0769	101.019657	101.277613	101.264003	
1.946147	101.119866	101.06329	101.320578	101.29891	
1.956255	101.163474	101.11565	101.364187	101.333816	
1.966707	101.20925	101.159283	101.409963	101.37745	
1.976848	101.254277	101.22037	101.45499	101.421083	
1.986769	101.298875	101.27273	101.499588	101.464716	
1.996944	101.345263	101.32509	101.545976	101.508349	
2.007051	101.391975	101.37745	101.592687	101.560709	
2.017227	101.439605	101.438536	101.640318	101.613069	
2.03532	101.52669	101.490896	101.727403	101.709062	
2.040024	101.54929	101.560709	101.750003	101.735242	
2.050026	101.59805	101.604342	101.798762	101.787602	
2.060148	101.648032	101.656702	101.848745	101.848689	
2.071938	101.707211	101.700336	101.907924	101.901048	
2.080818	101.752092	101.752695	101.952805	101.962135	
2.091102	101.80479	101.796329	102.005502	102.014495	
2.101209	101.857177	101.839962	102.05789	102.066855	
2.111379	101.91055	101.883595	102.111263	102.119215	
2.121496	101.964226	101.927228	102.164939	102.171574	
2.131634	102.018635	101.979588	102.219348	102.223934	
2.141754	102.073573	102.031948	102.274286	102.276294	
2.151954	102.12955	102.075581	102.330263	102.328654	
2.16206	102.185823	102.127941	102.386536	102.372287	
2.174469	102.255589	102.189028	102.456302	102.424647	
2.182534	102.301245	102.241388	102.501958	102.477007	
2.192618	102.359041	102.311201	102.559754	102.529367	
2.202793	102.418012	102.372287	102.618725	102.590453	
2.212958	102.477533	102.4421	102.678246	102.65154	
2.223121	102.537656	102.503187	102.738369	102.7039	
2.233265	102.598277	102.573	102.79899	102.764986	
2.243466	102.65989	102.642813	102.860602	102.826073	
2.253553	102.721421	102.712626	102.922133	102.887159	
2.263692	102.783862	102.773713	102.984575	102.956973	
2.27387	102.84718	102.8348	103.047893	103.026786	
2.284388	102.913338	102.904613	103.11405	103.087872	
2.294196	102.975494	102.965699	103.176207	103.157685	
2.304344	103.040459	103.026786	103.241172	103.227499	
2.314506	103.106193	103.087872	103.306906	103.306038	
2.324707	103.172746	103.148959	103.373459	103.375852	
2.334882	103.239756	103.218772	103.440469	103.445665	
2.345009	103.30707	103.279858	103.507783	103.515478	
2.355188	103.375401	103.340945	103.576114	103.585291	
2.365313	103.443929	103.402032	103.644641	103.646378	
2.375428	103.513057	103.471845	103.71377	103.707464	
2.387433	103.596007	103.550385	103.79672	103.786004	
2.397558	103.666459	103.620198	103.867171	103.855817	
2.407577	103.736813	103.690011	103.937526	103.916904	
2.417731	103.808766	103.759824	104.009479	103.986717	
2.428202	103.883604	103.829637	104.084317	104.05653	
2.438111	103.954969	103.89945	104.155682	104.126343	
2.44818	104.028128	103.969264	104.228841	104.196156	
2.458328	104.102519	104.047803	104.303231	104.26597	
2.468495	104.177617	104.126343	104.37833	104.335783	
2.478621	104.253064	104.196156	104.453777	104.405596	
2.496715	104.390304	104.335783	104.591017	104.545222	
2.501244	104.42452	104.370689	104.625233	104.580129	
2.511373	104.501942	104.457956	104.702655	104.667395	
2.521529	104.580259	104.545222	104.780972	104.745935	
2.531724	104.65944	104.615035	104.860153	104.833202	
2.54206	104.740393	104.702302	104.941106	104.920468	
2.552033	104.819042	104.789568	105.019755	104.999008	
2.562189	104.899783	104.868108	105.100496	105.086274	
2.572316	104.980923	104.946648	105.181636	105.173541	
2.582501	105.063137	105.033914	105.26385	105.260807	
2.592878	105.147618	105.103728	105.348331	105.348074	
2.602835	105.229182	105.190994	105.429895	105.426613	
2.613	105.31311	105.27826	105.513823	105.51388	
2.623102	105.397103	105.3568	105.597816	105.59242	
2.633267	105.482242	105.444067	105.682955	105.679686	
2.643417	105.567889	105.522607	105.768602	105.766953	
2.653577	105.654224	105.609873	105.854937	105.845492	
2.663757	105.741394	105.69714	105.942107	105.924032	
2.673874	105.828593	105.793133	106.029306	106.011299	
2.684012	105.916635	105.880399	106.117348	106.089839	
2.694317	106.006795	105.976392	106.207508	106.177105	
2.704442	106.095859	106.063659	106.296572	106.255645	
2.714557	106.185545	106.159652	106.386258	106.342911	
2.72478	106.276793	106.255645	106.477506	106.430178	
2.735042	106.371138	106.342911	106.571851	106.517444	
2.745038	106.45947	106.447631	106.660183	106.604711	
2.755186	106.551925	106.534898	106.752637	106.700704	
2.765318	106.644821	106.630891	106.845534	106.796697	
2.775467	106.738483	106.726884	106.939196	106.901417	
2.785553	106.832246	106.81415	107.032959	106.99741	
2.795812	106.928188	106.910143	107.128901	107.093403	
2.80606	107.024657	107.006136	107.22537	107.198123	
2.816107	107.119833	107.093403	107.320546	107.302842	
2.826243	107.21651	107.189396	107.417223	107.407562	
2.836677	107.316652	107.285389	107.517365	107.503555	
2.846537	107.411812	107.372656	107.612525	107.608275	
2.856832	107.5119	107.468649	107.712613	107.712995	
2.866842	107.609751	107.564642	107.810464	107.808988	
2.877004	107.709772	107.660635	107.910485	107.904981	
2.887113	107.809894	107.756628	108.010607	108.000974	
2.897409	107.912459	107.861348	108.113172	108.105694	
2.907589	108.014476	107.966068	108.215189	108.201687	
2.917642	108.115823	108.079514	108.316536	108.29768	
2.927744	108.218339	108.19296	108.419052	108.393673	
2.938126	108.324618	108.29768	108.525331	108.498393	
2.948094	108.426597	108.411126	108.62731	108.594386	
2.95828	108.531782	108.524573	108.732495	108.699106	
2.968381	108.636731	108.629293	108.837443	108.803826	
2.978492	108.742386	108.734012	108.943099	108.908545	
2.988736	108.850034	108.838732	109.050746	109.013265	
2.999787	108.966965	108.960905	109.167678	109.126711	
3.009954	109.075084	109.065625	109.275797	109.240158	
3.0201	109.183618	109.161618	109.38433	109.344878	
3.030284	109.29317	109.266338	109.493883	109.458324	
3.040375	109.402385	109.362331	109.603098	109.57177	
3.050614	109.513824	109.467051	109.714537	109.67649	
3.060809	109.625341	109.57177	109.826053	109.789937	
3.070892	109.734477	109.67649	109.93519	109.903383	
3.081044	109.8437	109.78121	110.044413	110.016829	
3.091201	109.952381	109.894656	110.153094	110.130276	
3.102404	110.071512	110.025556	110.272225	110.261175	
3.112523	110.178509	110.130276	110.379222	110.374622	
3.122649	110.284925	110.234996	110.485638	110.479342	
3.132822	110.391227	110.357169	110.59194	110.592788	
3.142929	110.496272	110.461888	110.696985	110.706234	
3.153144	110.601813	110.575335	110.802526	110.810954	
3.163345	110.706537	110.688781	110.90725	110.924401	
3.173449	110.809679	110.793501	111.010392	111.02912	
3.1836	110.912704	110.906947	111.113417	111.125113	
3.193715	111.014724	111.020394	111.215437	111.229833	
3.204966	111.12749	111.13384	111.328202	111.34328	
3.215069	111.228091	111.23856	111.428804	111.447999	
3.225199	111.328378	111.34328	111.529091	111.543992	
3.235382	111.428559	111.439273	111.629272	111.648712	
3.245438	111.52693	111.535266	111.727643	111.744705	
3.255631	111.626016	111.631259	111.826729	111.840698	
3.265772	111.723927	111.718525	111.92464	111.936692	
3.275912	111.821253	111.805792	112.021966	112.023958	
3.286115	111.918532	111.901785	112.119245	112.119951	
3.296545	112.017376	111.997778	112.218089	112.207218	
3.30751	112.120526	112.093771	112.321239	112.311937	
3.317606	112.214863	112.189764	112.415576	112.399204	
3.327723	112.308824	112.277031	112.509537	112.48647	
3.337825	112.402046	112.381751	112.602759	112.573737	
3.348212	112.497273	112.469017	112.697986	112.678457	
3.35846	112.590577	112.573737	112.79129	112.765723	
3.368301	112.67961	112.661003	112.880323	112.852989	
3.378483	112.771099	112.765723	112.971812	112.948983	
3.388666	112.861962	112.852989	113.062675	113.044976	
3.398986	112.953435	112.957709	113.154148	113.140969	
3.410107	113.051234	113.053702	113.251947	113.245689	
3.420223	113.139607	113.149695	113.34032	113.341682	
3.430402	113.227894	113.236962	113.428607	113.437675	
3.440547	113.315343	113.332955	113.516056	113.533668	
3.450656	113.401805	113.411495	113.602518	113.620934	
3.460897	113.488794	113.498761	113.689507	113.716927	
3.471024	113.574215	113.586028	113.774928	113.804194	
3.481859	113.664934	113.664568	113.865647	113.89146	
3.491356	113.743852	113.743107	113.944564	113.97	
3.501437	113.82706	113.821647	114.027773	114.04854	
3.512627	113.918638	113.908914	114.119351	114.135806	
3.522828	114.00151	113.987453	114.202222	114.214346	
3.532982	114.083379	114.065993	114.284092	114.284159	
3.543301	114.16602	114.144533	114.366733	114.362699	
3.553227	114.24483	114.223073	114.445543	114.432512	
3.563473	114.325627	114.301613	114.52634	114.511052	
3.573604	114.404879	114.380153	114.605592	114.589592	
3.583735	114.483513	114.458692	114.684226	114.659405	
3.593889	114.561742	114.537232	114.762455	114.737945	
3.604016	114.639131	114.615772	114.839844	114.816485	
3.615413	114.725463	114.703038	114.926176	114.903751	
3.625554	114.801659	114.790305	115.002372	114.982291	
3.63569	114.877208	114.860118	115.077921	115.060831	
3.64582	114.952095	114.947385	115.152807	115.139371	
3.656429	115.029875	115.017198	115.230588	115.217911	
3.666182	115.10105	115.095738	115.301763	115.29645	
3.676343	115.174078	115.174277	115.374791	115.37499	
3.686466	115.246476	115.252817	115.447189	115.462257	
3.696591	115.318279	115.32263	115.518992	115.540796	
3.706757	115.389807	115.40117	115.59052	115.61061	
3.718014	115.468161	115.470983	115.668874	115.697876	
3.728175	115.538313	115.540796	115.739026	115.767689	
3.738303	115.607622	115.61061	115.808335	115.837502	
3.748412	115.676209	115.680423	115.876922	115.907316	
3.770672	115.823519	115.741509	116.024232	116.046942	
3.775285	115.854183	115.846229	116.054896	116.081849	
3.785412	115.920616	115.916042	116.121329	116.134208	
3.795554	115.986596	115.977129	116.187309	116.204022	
3.805642	116.051642	116.046942	116.252355	116.265108	
3.817987	116.13023	116.116755	116.330943	116.317468	
3.826073	116.18166	116.177842	116.382373	116.378555	
3.836148	116.244495	116.238928	116.445208	116.439641	
3.846351	116.307799	116.308741	116.508512	116.500728	
3.856599	116.370764	116.361101	116.571477	116.561814	
3.866772	116.432658	116.422188	116.633371	116.622901	
3.87691	116.49369	116.483274	116.694403	116.683987	
3.887058	116.554202	116.544361	116.754915	116.745074	
3.897159	116.613825	116.605447	116.814538	116.814887	
3.907443	116.673921	116.657807	116.874634	116.875973	
3.920405	116.74857	116.718894	116.949283	116.93706	
3.927955	116.791827	116.771254	116.99254	117.006873	
3.937781	116.847446	116.83234	117.048159	117.06796	
3.947992	116.904641	116.8847	117.105354	117.129046	
3.958187	116.961149	116.954513	117.161862	117.181406	
3.968298	117.01659	117.006873	117.217303	117.242493	
3.978423	117.071501	117.06796	117.272214	117.294852	
3.988648	117.126329	117.120319	117.327042	117.355939	
3.998765	117.179966	117.181406	117.380679	117.408299	
4.016738	117.272974	117.268672	117.473687	117.495565	
4.022944	117.305063	117.294852	117.505776	117.521745	
4.031833	117.350477	117.347212	117.55119	117.574105	
4.041886	117.401225	117.399572	117.601938	117.617738	
4.052079	117.452073	117.451932	117.652786	117.670098	
4.062273	117.5023	117.495565	117.703012	117.722458	
4.072444	117.551814	117.547925	117.752526	117.766091	
4.082588	117.600596	117.591558	117.801308	117.809725	
4.092843	117.649289	117.635192	117.850002	117.853358	
4.102909	117.69648	117.670098	117.897193	117.896991	
4.113641	117.746119	117.722458	117.946831	117.949351	
4.125606	117.800595	117.766091	118.001308	117.992984	
4.142092	117.873763	117.844631	118.074476	118.071524	
4.146643	117.893993	117.862084	118.094706	118.088977	
4.156848	117.938614	117.914444	118.139327	118.141337	
4.16696	117.982222	117.958077	118.182935	118.18497	
4.177093	118.025305	118.001711	118.226018	118.228604	
4.187219	118.067774	118.054071	118.268487	118.26351	
4.197579	118.110592	118.097704	118.311305	118.31587	
4.207539	118.151167	118.141337	118.35188	118.359503	
4.218029	118.193261	118.18497	118.393974	118.403136	
4.229857	118.23988	118.228604	118.440593	118.44677	
4.238036	118.271764	118.280963	118.472477	118.481676	
4.248122	118.310464	118.31587	118.511177	118.52531	
4.258314	118.348961	118.36823	118.549674	118.560216	
4.268416	118.386509	118.403136	118.587222	118.603849	
4.278593	118.423761	118.438043	118.624474	118.638756	
4.288709	118.460166	118.481676	118.660879	118.682389	
4.306903	118.523314	118.542763	118.724026	118.743476	
4.311471	118.539201	118.560216	118.739914	118.760929	
4.321588	118.573684	118.595123	118.774397	118.787109	
4.333658	118.61392	118.630029	118.814633	118.830742	
4.343796	118.647154	118.664936	118.847867	118.865649	
4.353922	118.679751	118.682389	118.880464	118.891829	
4.3641	118.711931	118.717296	118.912643	118.926735	
4.374655	118.747507	118.743476	118.948219	118.952915	
4.384473	118.774495	118.769656	118.975208	118.979095	
4.394613	118.804757	118.795836	119.00547	119.014002	
4.40487	118.834756	118.822015	119.035469	119.031455	
4.41493	118.863585	118.839469	119.064298	119.066362	
4.425236	118.892711	118.874375	119.093423	119.092542	
4.436258	118.922729	118.891829	119.123442	119.118721	
4.4464	118.949951	118.926735	119.150664	119.144901	
4.456495	118.97645	118.952915	119.177163	119.171081	
4.466616	119.002445	118.979095	119.203157	119.205988	
4.47687	119.028177	119.014002	119.22889	119.232168	
4.487628	119.054493	119.040182	119.255206	119.258348	
4.497745	119.078651	119.066362	119.279364	119.284528	
4.507926	119.102389	119.101268	119.303102	119.310708	
4.518052	119.125396	119.127448	119.326109	119.336888	
4.52822	119.147919	119.153628	119.348632	119.363068	
4.538698	119.170497	119.188535	119.37121	119.389247	
4.556828	119.207278	119.223441	119.40799	119.432881	
4.561388	119.216579	119.240894	119.417292	119.441607	
4.571554	119.236577	119.258348	119.43729	119.467787	
4.581713	119.255996	119.275801	119.456708	119.485241	
4.591859	119.274793	119.293254	119.475506	119.502694	
4.602057	119.293112	119.310708	119.493825	119.520147	
4.620802	119.324346	119.336888	119.525059	119.5376	
4.625378	119.332034	119.354341	119.532746	119.546327	
4.637211	119.350899	119.363068	119.551612	119.555054	
4.646021	119.364579	119.380521	119.565291	119.56378	
4.655819	119.379236	119.397974	119.579949	119.572507	
4.666058	119.393961	119.406701	119.594674	119.58996	
4.676145	119.40791	119.415427	119.608623	119.598687	
4.68669	119.421872	119.424154	119.622585	119.61614	
4.696435	119.434269	119.432881	119.634982	119.624867	
4.706571	119.446596	119.432881	119.647309	119.64232	
4.735802	119.475976	119.441607	119.676689	119.6685	
4.742937	119.483312	119.450334	119.684024	119.677227	
4.750815	119.491076	119.450334	119.691789	119.685953	
4.761049	119.500556	119.467787	119.701269	119.69468	
4.771234	119.509458	119.467787	119.710171	119.712133	
4.781443	119.517845	119.485241	119.718558	119.72086	
4.791624	119.525687	119.485241	119.726399	119.729587	
4.801875	119.533052	119.502694	119.733765	119.738313	
4.812087	119.539874	119.520147	119.740587	119.74704	
4.822311	119.546187	119.520147	119.7469	119.755767	
4.832427	119.55194	119.5376	119.752653	119.764493	
4.843988	119.557835	119.555054	119.758547	119.764493	
4.853622	119.562358	119.555054	119.763071	119.764493	
4.863746	119.566629	119.572507	119.767342	119.77322	
4.873974	119.570471	119.572507	119.771184	119.77322	
4.884195	119.573858	119.58996	119.774571	119.77322	
4.902758	119.578214	119.598687	119.778926	119.781947	
4.907713	119.579438	119.598687	119.780151	119.781947	
4.917888	119.581482	119.598687	119.782195	119.781947	
4.936666	119.583785	119.58996	119.784497	119.790673	
4.942972	119.588487	119.58996	119.7892	119.790673	
4.952008	119.588487	119.58996	119.7892	119.790673	
4.962255	119.588487	119.581234	119.7892	119.790673	
4.972434	119.588487	119.572507	119.7892	119.790673	
4.982731	119.588487	119.572507	119.7892	119.790673	
4.992944	119.588487	119.56378	119.7892	119.790673	
5.003152	119.588487	119.555054	119.7892	119.790673	
5.013413	119.588487	119.56378	119.7892	119.790673	
5.023597	119.588487	119.56378	119.7892	119.790673	
5.033804	119.588487	119.572507	119.7892	119.790673	
5.052831	119.588487	119.581234	119.7892	119.790673	
5.0577	119.588487	119.58996	119.7892	119.790673	
5.067944	119.588487	119.58996	119.7892	119.790673	
5.078154	119.588487	119.607414	119.7892	119.790673	
5.088433	119.588487	119.607414	119.7892	119.790673	
5.098563	119.588487	119.607414	119.7892	119.790673	
5.108861	119.588487	119.607414	119.7892	119.790673	
5.120962	119.588487	119.607414	119.7892	119.790673	
5.129271	119.588487	119.607414	119.7892	119.790673	
5.139641	119.588487	119.607414	119.7892	119.790673	
5.149806	119.588487	119.598687	119.7892	119.790673	
5.159997	119.588487	119.598687	119.7892	119.790673	
5.170185	119.588487	119.598687	119.7892	119.790673	
5.180389	119.588487	119.598687	119.7892	119.790673	
5.190704	119.588487	119.598687	119.7892	119.790673	
5.200897	119.588487	119.598687	119.7892	119.790673	
5.211105	119.588487	119.598687	119.7892	119.790673	
5.221335	119.588487	119.598687	119.7892	119.790673	
5.231537	119.588487	119.598687	119.7892	119.790673	
5.241724	119.588487	119.598687	119.7892	119.790673	
5.251972	119.588487	119.598687	119.7892	119.790673	
5.262182	119.588487	119.598687	119.7892	119.790673	
5.272382	119.588487	119.598687	119.7892	119.790673	
5.282583	119.588487	119.598687	119.7892	119.790673	
5.292853	119.588487	119.598687	119.7892	119.790673	
5.303037	119.588487	119.598687	119.7892	119.790673	
5.313264	119.588487	119.598687	119.7892	119.790673	
5.323517	119.588487	119.598687	119.7892	119.790673	
5.333669	119.588487	119.598687	119.7892	119.790673	
5.343909	119.588487	119.598687	119.7892	119.790673	
5.354098	119.588487	119.598687	119.7892	119.790673	
5.36431	119.588487	119.598687	119.7892	119.790673	
5.382836	119.588487	119.598687	119.7892	119.790673	
5.387732	119.588487	119.598687	119.7892	119.790673	
5.397895	119.588487	119.598687	119.7892	119.790673	
5.408081	119.588487	119.598687	119.7892	119.790673	
5.418307	119.588487	119.598687	119.7892	119.790673	
5.428522	119.588487	119.598687	119.7892	119.790673	
5.438776	119.588487	119.598687	119.7892	119.790673	
5.450959	119.588487	119.598687	119.7892	119.790673	
5.459276	119.588487	119.598687	119.7892	119.790673	
5.469512	119.588487	119.598687	119.7892	119.790673	
5.479703	119.588487	119.598687	119.7892	119.790673	
5.489905	119.588487	119.598687	119.7892	119.790673	
5.50015	119.588487	119.598687	119.7892	119.790673	
5.51037	119.588487	119.598687	119.7892	119.790673	
5.520574	119.588487	119.598687	119.7892	119.790673	
5.530839	119.588487	119.598687	119.7892	119.790673	
5.541098	119.588487	119.598687	119.7892	119.790673	
5.551155	119.588487	119.598687	119.7892	119.790673	
5.561356	119.588487	119.598687	119.7892	119.790673	
5.571619	119.588487	119.598687	119.7892	119.790673	
5.581731	119.588487	119.598687	119.7892	119.790673	
5.592	119.588487	119.598687	119.7892	119.790673	
5.602242	119.588487	119.598687	119.7892	119.790673	
5.61244	119.588487	119.598687	119.7892	119.790673	
5.622713	119.588487	119.598687	119.7892	119.790673	
5.632902	119.588487	119.598687	119.7892	119.790673	
5.6431	119.588487	119.598687	119.7892	119.790673	
5.653325	119.588487	119.598687	119.7892	119.790673	
5.663468	119.588487	119.598687	119.7892	119.790673	
5.673737	119.588487	119.598687	119.7892	119.790673	
5.683914	119.588487	119.598687	119.7892	119.790673	
5.694146	119.588487	119.598687	119.7892	119.790673	
5.704392	119.588487	119.598687	119.7892	119.790673	
5.714559	119.588487	119.598687	119.7892	119.790673	
5.724794	119.588487	119.598687	119.7892	119.790673	
5.735041	119.588487	119.598687	119.7892	119.790673	
5.745277	119.588487	119.598687	119.7892	119.790673	
5.755576	119.588487	119.598687	119.7892	119.790673	
5.765702	119.588487	119.598687	119.7892	119.790673	
5.775922	119.588487	119.598687	119.7892	119.790673	
5.786186	119.588487	119.598687	119.7892	119.790673	
5.796377	119.588487	119.598687	119.7892	119.790673	
5.814982	119.588487	119.598687	119.7892	119.790673	
5.819841	119.588487	119.598687	119.7892	119.790673	
5.829968	119.588487	119.598687	119.7892	119.790673	
5.840179	119.588487	119.598687	119.7892	119.790673	
5.850466	119.588487	119.598687	119.7892	119.790673	
5.860627	119.588487	119.598687	119.7892	119.790673	
5.870879	119.588487	119.598687	119.7892	119.790673	
5.881068	119.588487	119.598687	119.7892	119.790673	
5.891299	119.588487	119.598687	119.7892	119.790673	
5.901506	119.588487	119.598687	119.7892	119.790673	
5.911728	119.588487	119.598687	119.7892	119.790673	
5.921927	119.588487	119.598687	119.7892	119.790673	
5.932228	119.588487	119.598687	119.7892	119.790673	
5.942476	119.588487	119.598687	119.7892	119.790673	
5.952643	119.588487	119.598687	119.7892	119.790673	
5.962639	119.588487	119.598687	119.7892	119.790673	
5.972789	119.588487	119.598687	119.7892	119.790673	
5.982903	119.588487	119.598687	119.7892	119.790673	
5.993037	119.588487	119.598687	119.7892	119.790673	
6.00317	119.588487	119.598687	119.7892	119.790673	
6.013309	119.588487	119.598687	119.7892	119.790673	
6.023439	119.588487	119.598687	119.7892	119.790673	
6.033627	119.588487	119.598687	119.7892	119.790673	
6.043835	119.588487	119.598687	119.7892	119.790673	
6.053954	119.588487	119.598687	119.7892	119.790673	
6.064079	119.588487	119.598687	119.7892	119.790673	
6.074258	119.588487	119.598687	119.7892	119.790673	
6.084387	119.588487	119.598687	119.7892	119.790673	
6.094555	119.588487	119.598687	119.7892	119.790673	
6.104682	119.588487	119.598687	119.7892	119.790673	
6.115582	119.588487	119.598687	119.7892	119.790673	
6.125626	119.588487	119.598687	119.7892	119.790673	
6.135764	119.588487	119.598687	119.7892	119.790673	
6.145929	119.588487	119.598687	119.7892	119.790673	
6.156114	119.588487	119.598687	119.7892	119.790673	
6.166247	119.588487	119.598687	119.7892	119.790673	
6.176378	119.588487	119.598687	119.7892	119.790673	
6.186536	119.588487	119.598687	119.7892	119.790673	
6.196703	119.588487	119.598687	119.7892	119.790673	
6.206845	119.588487	119.598687	119.7892	119.790673	
6.237985	119.588487	119.598687	119.7892	119.790673	
6.242759	119.588487	119.598687	119.7892	119.790673	
