0.03786743	
0.04244324	
0.05254882	
0.0626964	
0.07294697	
0.08312455	
0.09318313	
0.1032947	
0.1137873	
0.1235969	
0.1337604	
0.143881	
0.1540366	
0.1641902	
0.1751357	
0.1852293	
0.1953909	
0.2055565	
0.215664	
0.2258656	
0.2359652	
0.2461338	
0.2563203	
0.2664439	
0.2769465	
0.2867651	
0.2969047	
0.3071162	
0.3171698	
0.3273724	
0.337551	
0.3476716	
0.3578071	
0.3679357	
0.3781153	
0.3883409	
0.3984164	
0.408552	
0.4187556	
0.4305381	
0.4406327	
0.4508293	
0.4609048	
0.4710434	
0.481227	
0.4914146	
0.5015202	
0.5116917	
0.5218193	
0.5322369	
0.5420855	
0.5522211	
0.5624206	
0.5725542	
0.5827158	
0.5930064	
0.6031529	
0.6131875	
0.6233151	
0.6337587	
0.6437352	
0.6539528	
0.6640174	
0.67463	
0.6865365	
0.6945761	
0.7046157	
0.7148073	
0.7249289	
0.7350735	
0.745236	
0.7554156	
0.7655512	
0.7757138	
0.7858373	
0.7985368	
0.8061725	
0.8163431	
0.8264547	
0.8365932	
0.8467768	
0.8569214	
0.867128	
0.8772435	
0.8873601	
0.8975977	
0.9077423	
0.9178659	
0.9280024	
0.938177	
0.9562223	
0.9605841	
0.9706907	
0.9808792	
0.9911548	
1.001117	
1.018921	494.995892	494.992829	496.723768	496.720705	
1.036402	495.000309	494.992829	496.728185	496.720705	
1.04098	495.001464	494.992829	496.72934	496.720705	
1.051106	495.00481	494.992829	496.732686	496.720705	
1.061233	495.008771	494.992829	496.736647	496.720705	
1.07142	495.013378	494.992829	496.741254	496.729432	
1.08167	495.018648	495.001556	496.746524	496.738158	
1.091722	495.024412	495.010282	496.752288	496.746885	
1.10184	495.030834	495.010282	496.75871	496.755612	
1.112296	495.038166	495.019009	496.766042	496.755612	
1.122113	495.045553	495.019009	496.773429	496.773065	
1.132624	495.054185	495.027736	496.782061	496.781792	
1.14247	495.062818	495.027736	496.790694	496.790518	
1.152613	495.072349	495.036462	496.800225	496.807972	
1.162742	495.082477	495.045189	496.810353	496.816698	
1.174005	495.09455	495.045189	496.822426	496.825425	
1.18309	495.104708	495.062642	496.832584	496.842878	
1.193208	495.116684	495.071369	496.84456	496.851605	
1.203373	495.129321	495.080096	496.857197	496.860331	
1.213426	495.142434	495.097549	496.87031	496.877785	
1.223795	495.156616	495.115002	496.884492	496.895238	
1.234197	495.171485	495.132455	496.899361	496.903965	
1.244442	495.186756	495.149909	496.914632	496.921418	
1.254654	495.202606	495.167362	496.930482	496.930145	
1.264597	495.218615	495.184815	496.946491	496.947598	
1.275122	495.23625	495.202269	496.964126	496.965051	
1.285126	495.253591	495.219722	496.981467	496.982505	
1.295271	495.271808	495.237175	496.999684	496.999958	
1.30544	495.290688	495.263355	497.018564	497.017411	
1.315578	495.310128	495.280808	497.038004	497.034864	
1.325751	495.330247	495.306988	497.058123	497.052318	
1.337137	495.353608	495.324442	497.081484	497.069771	
1.347118	495.374615	495.350622	497.102491	497.087224	
1.35718	495.396406	495.376802	497.124282	497.113404	
1.367327	495.419017	495.394255	497.146893	497.130857	
1.377493	495.442281	495.429161	497.170157	497.157037	
1.387657	495.466164	495.446615	497.19404	497.174491	
1.397781	495.490563	495.481521	497.218439	497.200671	
1.407934	495.515652	495.498975	497.243528	497.226851	
1.418103	495.541404	495.533881	497.26928	497.244304	
1.42829	495.56783	495.551335	497.295706	497.27921	
1.43955	495.597853	495.586241	497.325729	497.30539	
1.449685	495.625419	495.612421	497.353295	497.33157	
1.459807	495.653583	495.638601	497.381459	497.366477	
1.469918	495.682327	495.673508	497.410203	497.401384	
1.480052	495.711759	495.699688	497.439635	497.427563	
1.490498	495.742764	495.725867	497.47064	497.46247	
1.500652	495.773501	495.760774	497.501377	497.497377	
1.510741	495.804656	495.786954	497.532532	497.532283	
1.52093	495.836745	495.813134	497.564621	497.558463	
1.531182	495.869685	495.84804	497.597561	497.59337	
1.542338	495.906283	495.882947	497.634159	497.637003	
1.552476	495.940236	495.909127	497.668111	497.67191	
1.562622	495.974606	495.95276	497.702482	497.706816	
1.572724	496.009562	495.987667	497.737438	497.732996	
1.582896	496.045383	496.022573	497.773259	497.776629	
1.593076	496.081851	496.05748	497.809727	497.811536	
1.603223	496.118813	496.092387	497.846689	497.846442	
1.613333	496.156257	496.13602	497.884133	497.881349	
1.623424	496.194237	496.179653	497.922112	497.924982	
1.633941	496.234528	496.21456	497.962404	497.959889	
1.64506	496.277839	496.26692	498.005715	498.003522	
1.655243	496.318112	496.301826	498.045988	498.047155	
1.665364	496.358756	496.345459	498.086632	498.082062	
1.676058	496.402431	496.389093	498.130307	498.116969	
1.686573	496.445983	496.432726	498.173859	498.169328	
1.696675	496.488448	496.476359	498.216324	498.204235	
1.706848	496.531839	496.519992	498.259715	498.256595	
1.716951	496.575525	496.563625	498.303401	498.291501	
1.727087	496.619988	496.607259	498.347864	498.343861	
1.737287	496.665367	496.650892	498.393243	498.396221	
1.747942	496.713461	496.694525	498.441337	498.439854	
1.757802	496.758486	496.738158	498.486362	498.483488	
1.767942	496.805438	496.790518	498.533314	498.535848	
1.778101	496.853127	496.834152	498.581003	498.579481	
1.788251	496.901372	496.886511	498.629248	498.623114	
1.79842	496.950334	496.938871	498.67821	498.675474	
1.808583	496.999866	496.991231	498.727742	498.727834	
1.818724	497.049938	497.043591	498.777814	498.780194	
1.828875	497.100652	497.095951	498.828528	498.832554	
1.83899	497.15182	497.157037	498.879696	498.884913	
1.850592	497.211388	497.209397	498.939264	498.937273	
1.860526	497.262856	497.270484	498.990732	498.989633	
1.870591	497.315683	497.322844	499.043559	499.041993	
1.880755	497.369653	497.375204	499.097529	499.10308	
1.890963	497.424472	497.43629	499.152348	499.155439	
1.901051	497.479227	497.48865	499.207103	499.216526	
1.911182	497.534837	497.54101	499.262713	499.268886	
1.921324	497.591159	497.59337	499.319035	499.329972	
1.931476	497.648138	497.64573	499.376014	499.382332	
1.94205	497.708181	497.698089	499.436057	499.443419	
1.953344	497.773114	497.767903	499.50099	499.504505	
1.963179	497.83014	497.820263	499.558016	499.565592	
1.973235	497.889091	497.872622	499.616967	499.617952	
1.983348	497.948997	497.933709	499.676873	499.679038	
1.993843	498.01187	497.986069	499.739746	499.740125	
2.003673	498.071241	498.047155	499.799117	499.792485	
2.013807	498.133149	498.116969	499.861025	499.853571	
2.023948	498.195674	498.178055	499.92355	499.914658	
2.034077	498.258765	498.239142	499.986641	499.975744	
2.044237	498.322676	498.308955	500.050552	500.036831	
2.056348	498.399821	498.378768	500.127697	500.115371	
2.066161	498.462785	498.448581	500.190661	500.176457	
2.07631	498.528553	498.518394	500.256429	500.24627	
2.08643	498.594774	498.588207	500.32265	500.316083	
2.096623	498.662098	498.658021	500.389974	500.385897	
2.106796	498.729869	498.727834	500.457745	500.45571	
2.116922	498.797968	498.797647	500.525844	500.525523	
2.127075	498.866875	498.86746	500.594751	500.595336	
2.137202	498.936227	498.946	500.664103	500.673876	
2.147434	499.006909	499.015813	500.734785	500.743689	
2.159224	499.0893	499.094353	500.817176	500.830956	
2.169046	499.158361	499.164166	500.886237	500.900769	
2.17926	499.230925	499.233979	500.958801	500.979308	
2.189324	499.302927	499.303792	501.030803	501.049122	
2.199484	499.376289	499.373606	501.104165	501.118935	
2.209688	499.450602	499.452145	501.178478	501.188748	
2.219761	499.524573	499.530685	501.252449	501.258561	
2.229935	499.599873	499.600498	501.327749	501.328374	
2.240085	499.675635	499.670312	501.403511	501.398188	
2.250194	499.75171	499.740125	501.479586	501.468001	
2.262003	499.841521	499.818665	501.569397	501.555267	
2.271844	499.916781	499.897204	501.644657	501.633807	
2.282006	499.995205	499.967018	501.723081	501.70362	
2.292114	500.073784	500.036831	501.80166	501.78216	
2.302374	500.154244	500.115371	501.88212	501.851973	
2.312408	500.233739	500.19391	501.961615	501.93924	
2.322561	500.314276	500.27245	502.042152	502.017779	
2.332731	500.395833	500.35099	502.123709	502.096319	
2.342854	500.477635	500.438256	502.205511	502.174859	
2.362782	500.641746	500.525523	502.369622	502.340665	
2.367395	500.679502	500.647696	502.407378	502.375572	
2.377575	500.763921	500.734962	502.491796	502.462838	
2.387713	500.848547	500.822229	502.576423	502.550105	
2.397842	500.933748	500.909495	502.661624	502.646098	
2.408024	501.020009	501.005488	502.747885	502.733364	
2.41822	501.107013	501.101482	502.834889	502.829357	
2.428415	501.19465	501.188748	502.922526	502.916624	
2.438515	501.282045	501.284741	503.009921	503.012617	
2.448641	501.370307	501.372008	503.098183	503.10861	
2.458825	501.459698	501.468001	503.187574	503.195877	
2.469009	501.54973	501.563994	503.277606	503.29187	
2.479153	501.639962	501.659987	503.367838	503.387863	
2.489311	501.730983	501.747253	503.458859	503.475129	
2.499483	501.822723	501.843246	503.550599	503.571122	
2.509584	501.914442	501.930513	503.642318	503.667116	
2.519794	502.007825	502.026506	503.735701	503.754382	
2.529966	502.101416	502.122499	503.829292	503.841648	
2.540097	502.195282	502.209766	503.923158	503.937642	
2.550231	502.289782	502.305759	504.017658	504.024908	
2.560346	502.384709	502.393025	504.112585	504.120901	
2.57065	502.482148	502.489018	504.210024	504.208168	
2.58094	502.579965	502.585011	504.307841	504.304161	
2.59106	502.676804	502.672278	504.40468	504.400154	
2.601195	502.774394	502.759544	504.50227	504.496147	
2.611351	502.872863	502.864264	504.600739	504.59214	
2.621495	502.971746	502.951531	504.699622	504.679407	
2.631767	503.072602	503.047524	504.800478	504.784126	
2.64189	503.172537	503.143517	504.900413	504.880119	
2.651943	503.272434	503.248237	505.00031	504.976112	
2.66234	503.376399	503.352956	505.104275	505.080832	
2.672563	503.479621	503.448949	505.207497	505.176825	
2.68302	503.588063	503.562396	505.315939	505.281545	
2.6927	503.683632	503.667116	505.411508	505.386265	
2.70278	503.786822	503.771835	505.514698	505.490985	
2.7212	503.977996	503.876555	505.705872	505.682971	
2.725767	504.025234	504.016181	505.75311	505.735331	
2.735929	504.131319	504.138354	505.859195	505.848777	
2.746101	504.238129	504.243074	505.966005	505.953497	
2.756226	504.345069	504.365247	506.072945	506.066943	
2.766402	504.453161	504.478694	506.181037	506.18039	
2.776673	504.562973	504.59214	506.290849	506.293836	
2.786775	504.671447	504.705586	506.399323	506.407282	
2.796924	504.781088	504.819033	506.508964	506.520729	
2.807024	504.890842	504.923753	506.618718	506.634175	
2.817226	505.002333	505.037199	506.730209	506.738895	
2.827406	505.112316	505.150645	506.840192	506.861068	
2.837553	505.221374	505.255365	506.94925	506.974514	
2.847701	505.329809	505.368812	507.057685	507.087961	
2.857851	505.437664	505.473531	507.16554	507.192681	
2.868018	505.545065	505.578251	507.272941	507.306127	
2.87828	505.652923	505.682971	507.380799	507.419573	
2.888382	505.758375	505.796417	507.486251	507.524293	
2.898516	505.863571	505.901137	507.591447	507.629013	
2.908742	505.96913	505.99713	507.697006	507.733733	
2.918829	506.072654	506.093123	507.80053	507.838452	
2.92902	506.176655	506.197843	507.904531	507.943172	
2.939266	506.280522	506.293836	508.008398	508.039165	
2.949286	506.381568	506.389829	508.109444	508.135158	
2.959526	506.484173	506.494549	508.212049	508.239878	
2.969588	506.584428	506.590542	508.312304	508.327145	
2.980658	506.693994	506.686535	508.42187	508.431864	
2.990619	506.793697	506.791255	508.521573	508.527858	
3.010499	506.984597	506.983241	508.712473	508.711117	
3.015038	507.028605	507.018148	508.756481	508.75475	
3.025212	507.126661	507.122867	508.854537	508.850743	
3.035411	507.224216	507.218861	508.952092	508.946737	
3.045523	507.3204	507.314854	509.048276	509.04273	
3.055692	507.416493	507.419573	509.144369	509.138723	
3.065838	507.511759	507.50684	509.239635	509.234716	
3.076005	507.606645	507.61156	509.334521	509.330709	
3.086213	507.701267	507.707553	509.429143	509.426702	
3.096381	507.794943	507.803546	509.522819	509.531422	
3.106522	507.887678	507.908266	509.615554	509.627415	
3.116707	507.980246	507.995532	509.708122	509.723408	
3.126826	508.071618	508.100252	509.799494	509.819401	
3.137033	508.163172	508.187518	509.891048	509.915394	
3.147266	508.254294	508.292238	509.98217	510.011387	
3.157336	508.343377	508.379505	510.071253	510.10738	
3.16745	508.432277	508.475498	510.160153	510.194647	
3.178054	508.524845	508.571491	510.252721	510.29064	
3.187834	508.609603	508.658757	510.337479	510.36918	
3.197982	508.696964	508.746024	510.42484	510.465173	
3.208082	508.783224	508.83329	510.5111	510.543713	
3.218231	508.869393	508.91183	510.597269	510.630979	
3.228359	508.954718	508.99037	510.682594	510.718246	
3.238551	509.039999	509.077636	510.767875	510.796786	
3.248859	509.125634	509.147449	510.85351	510.875325	
3.258863	509.208111	509.234716	510.935987	510.962592	
3.269006	509.291146	509.304529	511.019022	511.032405	
3.279124	509.373379	509.383069	511.101255	511.119671	
3.289362	509.455987	509.461609	511.183862	511.198211	
3.299553	509.537522	509.540148	511.265398	511.276751	
3.309655	509.617785	509.618688	511.345661	511.346564	
3.319837	509.69809	509.697228	511.425966	511.425104	
3.32996	509.777295	509.775768	511.505171	511.503644	
3.340146	509.856423	509.845581	511.584299	511.582184	
3.350286	509.934525	509.932848	511.662401	511.660724	
3.360417	510.012361	510.011387	511.740236	511.730537	
3.370605	510.08926	510.089927	511.817136	511.817803	
3.380939	510.167039	510.177194	511.894915	511.896343	
3.39149	510.245785	510.255733	511.973661	511.974883	
3.401363	510.318843	510.334273	512.046719	512.053423	
3.411857	510.395887	510.42154	512.123763	512.140689	
3.421957	510.469405	510.491353	512.197281	512.219229	
3.432331	510.544345	510.569893	512.272221	512.289042	
3.442271	510.615524	510.648433	512.3434	512.367582	
3.452411	510.687529	510.718246	512.415405	512.446122	
3.462536	510.758823	510.796786	512.486699	512.524661	
3.472647	510.829629	510.875325	512.557505	512.594475	
3.482829	510.899923	510.936412	512.627798	512.664288	
3.494065	510.976945	511.014952	512.704821	512.742828	
3.50413	511.045339	511.076038	512.773215	512.812641	
3.514403	511.114538	511.137125	512.842414	512.882454	
3.524513	511.182008	511.206938	512.909884	512.943541	
3.535016	511.251492	511.276751	512.979368	513.013354	
3.545053	511.317241	511.329111	513.045117	513.07444	
3.555297	511.383774	511.390197	513.11165	513.135527	
3.56536	511.448521	511.451284	513.176397	513.196613	
3.575488	511.513105	511.512371	513.240981	513.248973	
3.585698	511.577589	511.573457	513.305465	513.31006	
3.597133	511.649014	511.64327	513.37689	513.379873	
3.606877	511.709309	511.69563	513.437185	513.440959	
3.617048	511.77171	511.765443	513.499586	513.493319	
3.627308	511.83395	511.817803	513.561826	513.554406	
3.637329	511.89419	511.887616	513.622066	513.615492	
3.647519	511.954854	511.939976	513.68273	513.676579	
3.65766	512.014587	512.009789	513.742463	513.737665	
3.667829	512.07387	512.062149	513.801746	513.790025	
3.678741	512.136818	512.131962	513.864694	513.859838	
3.689979	512.200846	512.184322	513.928722	513.929652	
3.699621	512.255285	512.254135	513.983161	513.982011	
3.709435	512.310084	512.315222	514.03796	514.043098	
3.719567	512.366092	512.376309	514.093968	514.104184	
3.729845	512.422287	512.428668	514.150163	514.165271	
3.739897	512.476633	512.489755	514.204509	514.217631	
3.750095	512.531179	512.550841	514.259055	514.278717	
3.760289	512.585089	512.603201	514.312965	514.331077	
3.770485	512.638388	512.655561	514.366264	514.383437	
3.78842	512.729856	512.751554	514.457732	514.47943	
3.801639	512.79647	512.777734	514.524346	514.549243	
3.806241	512.819589	512.838821	514.547465	514.566697	
3.81639	512.869921	512.882454	514.597797	514.619057	
3.826777	512.920808	512.934814	514.648684	514.66269	
3.836826	512.969424	512.987174	514.6973	514.71505	
3.846931	513.017736	513.02208	514.745612	514.758683	
3.85709	513.065676	513.07444	514.793552	514.802316	
3.867316	513.113338	513.118073	514.841214	514.837223	
3.877409	513.159778	513.161707	514.887654	514.880856	
3.887515	513.205684	513.20534	514.93356	514.924489	
3.897727	513.251468	513.248973	514.979344	514.968122	
3.907924	513.296582	513.292606	515.024458	515.011756	
3.918034	513.340677	513.33624	515.068553	515.055389	
3.928189	513.384395	513.371146	515.112271	515.099022	
3.93836	513.427582	513.414779	515.155458	515.142655	
3.948528	513.470136	513.458413	515.198012	515.186289	
3.958663	513.511961	513.493319	515.239837	515.229922	
3.968806	513.55324	513.536952	515.281116	515.273555	
3.978995	513.594059	513.580586	515.321935	515.317188	
3.989087	513.633919	513.624219	515.361795	515.360822	
3.999269	513.673531	513.667852	515.401407	515.395728	
4.009492	513.712701	513.711485	515.440577	515.448088	
4.01965	513.75099	513.755119	515.478866	515.482995	
4.029783	513.788603	513.790025	515.516479	515.526628	
4.039961	513.825808	513.833658	515.553684	515.570261	
4.050101	513.862247	513.877292	515.590123	515.605168	
4.060732	513.899796	513.912198	515.627672	515.648801	
4.070786	513.934714	513.955831	515.66259	515.683707	
4.080921	513.969346	513.990738	515.697222	515.718614	
4.091138	514.00363	514.025645	515.731506	515.762247	
4.101188	514.036799	514.069278	515.764675	515.797154	
4.111469	514.070108	514.104184	515.797984	515.83206	
4.121601	514.102298	514.139091	515.830174	515.85824	
4.131764	514.134032	514.165271	515.861908	515.893147	
4.141888	514.165047	514.191451	515.892923	515.928054	
4.152327	514.196382	514.226358	515.924258	515.954233	
4.162197	514.225454	514.261264	515.95333	515.98914	
4.172336	514.254719	514.287444	515.982595	516.024047	
4.182525	514.283546	514.313624	516.011422	516.050227	
4.19277	514.311923	514.339804	516.039799	516.076407	
4.202804	514.339134	514.365984	516.06701	516.102586	
4.22087	514.385845	514.392164	516.113721	516.154946	
4.225462	514.397766	514.418344	516.125642	516.163673	
4.235679	514.423538	514.444524	516.151414	516.181126	
4.24574	514.448347	514.470704	516.176222	516.19858	
4.255931	514.472883	514.496884	516.200759	516.216033	
4.266129	514.496839	514.514337	516.224715	516.233486	
4.276239	514.520014	514.540517	516.24789	516.250939	
4.286394	514.542698	514.55797	516.270574	516.268393	
4.296514	514.564723	514.58415	516.292599	516.285846	
4.306704	514.586314	514.601603	516.31419	516.303299	
4.31721	514.607952	514.619057	516.335828	516.329479	
4.327058	514.62767	514.645237	516.355546	516.338206	
4.337225	514.647461	514.66269	516.375337	516.364386	
4.347755	514.667321	514.671416	516.395197	516.381839	
4.357518	514.685201	514.68887	516.413077	516.399292	
4.367644	514.703172	514.697596	516.431048	516.416746	
4.377821	514.720653	514.71505	516.448529	516.434199	
4.38796	514.737491	514.732503	516.465367	516.451652	
4.398105	514.753769	514.749956	516.481645	516.469106	
4.408216	514.769416	514.76741	516.497292	516.486559	
4.418495	514.784754	514.784863	516.51263	516.504012	
4.428718	514.799402	514.79359	516.527278	516.521465	
4.438773	514.813265	514.811043	516.541141	516.547645	
4.448928	514.826704	514.828496	516.55458	516.556372	
4.459106	514.8396	514.837223	516.567476	516.582552	
4.46922	514.851857	514.854676	516.579733	516.591279	
4.479379	514.863607	514.872129	516.591483	516.608732	
4.489524	514.874781	514.889583	516.602657	516.608732	
4.499682	514.885416	514.907036	516.613292	516.617459	
4.509789	514.895447	514.907036	516.623323	516.617459	
4.520332	514.905321	514.924489	516.633197	516.617459	
4.530483	514.914277	514.933216	516.642153	516.617459	
4.540663	514.922719	514.941943	516.650595	516.617459	
4.550766	514.930568	514.959396	516.658444	516.626185	
4.56097	514.937961	514.968122	516.665837	516.634912	
4.571089	514.944764	514.968122	516.67264	516.643639	
4.581233	514.951065	514.968122	516.678941	516.652365	
4.591373	514.956855	514.959396	516.684731	516.661092	
4.601496	514.962131	514.959396	516.690007	516.669818	
4.612086	514.967099	514.968122	516.694975	516.687272	
4.623115	514.971689	514.968122	516.699565	516.687272	
4.633187	514.975437	514.976849	516.703313	516.704725	
4.643414	514.978778	514.976849	516.706654	516.713452	
4.653445	514.981629	514.976849	516.709505	516.713452	
4.66402	514.984164	514.994302	516.71204	516.713452	
4.673729	514.986146	514.994302	516.714022	516.704725	
4.683918	514.987841	514.994302	516.715717	516.704725	
4.694101	514.992829	515.003029	516.720705	516.687272	
4.70421	514.992829	515.003029	516.720705	516.687272	
4.714845	514.992829	515.003029	516.720705	516.687272	
4.726195	514.992829	515.003029	516.720705	516.687272	
4.736047	514.992829	515.003029	516.720705	516.687272	
4.746225	514.992829	514.994302	516.720705	516.695998	
4.756349	514.992829	514.994302	516.720705	516.704725	
4.766632	514.992829	514.994302	516.720705	516.713452	
4.77671	514.992829	514.994302	516.720705	516.722178	
4.78683	514.992829	514.994302	516.720705	516.722178	
4.796985	514.992829	514.994302	516.720705	516.730905	
4.807145	514.992829	514.994302	516.720705	516.730905	
4.817258	514.992829	514.994302	516.720705	516.730905	
4.830229	514.992829	514.994302	516.720705	516.730905	
4.840019	514.992829	514.994302	516.720705	516.730905	
4.850211	514.992829	514.994302	516.720705	516.722178	
4.860307	514.992829	514.994302	516.720705	516.722178	
4.870797	514.992829	514.994302	516.720705	516.722178	
4.880655	514.992829	514.994302	516.720705	516.722178	
4.890805	514.992829	514.994302	516.720705	516.722178	
4.900968	514.992829	514.994302	516.720705	516.722178	
4.911117	514.992829	514.994302	516.720705	516.722178	
4.921228	514.992829	514.994302	516.720705	516.722178	
4.931455	514.992829	514.994302	516.720705	516.722178	
4.9416	514.992829	514.994302	516.720705	516.722178	
4.951784	514.992829	514.994302	516.720705	516.722178	
4.961888	514.992829	514.994302	516.720705	516.722178	
4.971995	514.992829	514.994302	516.720705	516.722178	
4.982152	514.992829	514.994302	516.720705	516.722178	
4.993659	514.992829	514.994302	516.720705	516.722178	
5.002468	514.992829	514.994302	516.720705	516.722178	
5.012602	514.992829	514.994302	516.720705	516.722178	
5.022726	514.992829	514.994302	516.720705	516.722178	
5.032893	514.992829	514.994302	516.720705	516.722178	
5.043112	514.992829	514.994302	516.720705	516.722178	
5.053205	514.992829	514.994302	516.720705	516.722178	
5.063351	514.992829	514.994302	516.720705	516.722178	
5.073469	514.992829	514.994302	516.720705	516.722178	
5.083697	514.992829	514.994302	516.720705	516.722178	
5.093782	514.992829	514.994302	516.720705	516.722178	
5.103932	514.992829	514.994302	516.720705	516.722178	
5.114119	514.992829	514.994302	516.720705	516.722178	
5.124189	514.992829	514.994302	516.720705	516.722178	
5.134645	514.992829	514.994302	516.720705	516.722178	
5.144565	514.992829	514.994302	516.720705	516.722178	
5.154678	514.992829	514.994302	516.720705	516.722178	
5.164901	514.992829	514.994302	516.720705	516.722178	
5.175012	514.992829	514.994302	516.720705	516.722178	
5.185204	514.992829	514.994302	516.720705	516.722178	
5.195405	514.992829	514.994302	516.720705	516.722178	
5.205438	514.992829	514.994302	516.720705	516.722178	
5.215571	514.992829	514.994302	516.720705	516.722178	
5.225751	514.992829	514.994302	516.720705	516.722178	
5.23593	514.992829	514.994302	516.720705	516.722178	
5.24606	514.992829	514.994302	516.720705	516.722178	
5.256236	514.992829	514.994302	516.720705	516.722178	
5.266389	514.992829	514.994302	516.720705	516.722178	
5.276551	514.992829	514.994302	516.720705	516.722178	
5.286711	514.992829	514.994302	516.720705	516.722178	
5.296919	514.992829	514.994302	516.720705	516.722178	
5.307061	514.992829	514.994302	516.720705	516.722178	
5.317198	514.992829	514.994302	516.720705	516.722178	
5.32735	514.992829	514.994302	516.720705	516.722178	
5.337497	514.992829	514.994302	516.720705	516.722178	
5.347715	514.992829	514.994302	516.720705	516.722178	
5.357828	514.992829	514.994302	516.720705	516.722178	
5.367963	514.992829	514.994302	516.720705	516.722178	
5.378161	514.992829	514.994302	516.720705	516.722178	
5.388289	514.992829	514.994302	516.720705	516.722178	
5.398482	514.992829	514.994302	516.720705	516.722178	
5.408623	514.992829	514.994302	516.720705	516.722178	
5.418792	514.992829	514.994302	516.720705	516.722178	
5.430735	514.992829	514.994302	516.720705	516.722178	
5.439052	514.992829	514.994302	516.720705	516.722178	
5.449212	514.992829	514.994302	516.720705	516.722178	
5.459416	514.992829	514.994302	516.720705	516.722178	
5.469486	514.992829	514.994302	516.720705	516.722178	
5.479655	514.992829	514.994302	516.720705	516.722178	
5.506855	514.992829	514.994302	516.720705	516.722178	
5.51767	514.992829	514.994302	516.720705	516.722178	
