0.04214921	
0.05076884	
0.06087141	
0.07102398	
0.08122154	
0.09140811	
0.1015937	
0.1117552	
0.1218888	
0.1320714	
0.1422009	
0.1523275	
0.1624751	
0.1726216	
0.1828302	
0.1929368	
0.2030974	
0.2132539	
0.2233445	
0.2335821	
0.2436626	
0.2538582	
0.2640098	
0.2740883	
0.2843609	
0.2944515	
0.304592	
0.3147676	
0.3248762	
0.3350337	
0.3452123	
0.3553689	
0.3655604	
0.375576	
0.3857126	
0.3959551	
0.4060507	
0.4161863	
0.4263108	
0.4364744	
0.44669	
0.4568165	
0.4669491	
0.4770437	
0.4873842	
0.4973578	
0.5075104	
0.517731	
0.5283295	
0.5463427	
0.5507175	
0.5608391	
0.5710607	
0.5811883	
0.5913328	
0.6015184	
0.611665	
0.6218035	
0.6319241	
0.6420447	
0.6523072	
0.6623558	
0.6824359	
0.6868588	
0.6969603	
0.7071339	
0.7172695	
0.727396	
0.7375846	
0.7476982	
0.7578497	
0.7679803	
0.7781849	
0.7883304	
0.798469	
0.8088326	
0.8188161	
0.8289497	
0.8390953	
0.8492418	
0.8594034	
0.869619	
0.8796755	
0.8898521	
0.9000837	
0.9101582	
0.9203498	
0.9306204	
0.9407069	
0.9508175	
0.9609491	
0.9711416	
0.9812842	
0.9914678	
1.001559	
1.012169	
1.021879	
1.032054	
1.042181	
1.052395	
1.064424	
1.072688	
1.082882	
1.092936	
1.103093	
1.113266	
1.125111	
1.135182	
1.145415	
1.155873	
1.165713	
1.175828	
1.185989	
1.196204	
1.206275	
1.216418	
1.226946	
1.236779	
1.246882	
1.257108	
1.267497	
1.277296	
1.287444	
1.29758	
1.307692	
1.317887	
1.328006	
1.352006	401.954515	401.949327	403.307145	403.301957	
1.356726	401.955394	401.949327	403.308024	403.301957	
1.366793	401.95804	401.949327	403.31067	403.301957	
1.376871	401.9613	401.949327	403.31393	403.301957	
1.387331	401.965352	401.949327	403.317982	403.310684	
1.397197	401.969739	401.949327	403.322369	403.310684	
1.407349	401.974882	401.958053	403.327512	403.31941	
1.417491	401.980656	401.96678	403.333286	403.328137	
1.427626	401.987	401.96678	403.33963	403.336863	
1.437851	401.994057	401.96678	403.346687	403.34559	
1.447973	402.001649	401.975507	403.354279	403.363043	
1.466141	402.017703	401.984233	403.370333	403.389223	
1.470747	402.021706	401.984233	403.374336	403.39795	
1.480882	402.031307	401.984233	403.383938	403.406677	
1.491051	402.041566	401.984233	403.394196	403.415403	
1.501203	402.052426	401.99296	403.405056	403.42413	
1.511356	402.063916	402.001687	403.416547	403.42413	
1.521477	402.076006	402.010413	403.428637	403.42413	
1.531668	402.08873	402.01914	403.441361	403.42413	
1.541845	402.102102	402.027867	403.454732	403.42413	
1.551969	402.116005	402.04532	403.468635	403.432857	
1.562199	402.130701	402.054046	403.483332	403.432857	
1.57243	402.146015	402.080226	403.498645	403.441583	
1.582522	402.161729	402.09768	403.514359	403.45031	
1.592655	402.178125	402.12386	403.530756	403.467763	
1.602826	402.19521	402.141313	403.547841	403.485216	
1.612989	402.212905	402.158766	403.565536	403.511396	
1.623126	402.231154	402.193673	403.583784	403.52885	
1.633246	402.25	402.211126	403.60263	403.55503	
1.643462	402.269653	402.237306	403.622283	403.589936	
1.663058	402.310211	402.289666	403.662841	403.651023	
1.667666	402.319651	402.298393	403.672281	403.659749	
1.677815	402.341255	402.333299	403.693885	403.694656	
1.687958	402.363476	402.359479	403.716106	403.729563	
1.698135	402.386385	402.385659	403.739016	403.764469	
1.708713	402.410889	402.411839	403.763519	403.799376	
1.718578	402.434294	402.438019	403.786924	403.825556	
1.728728	402.459004	402.472926	403.811635	403.860462	
1.738935	402.484483	402.499105	403.837113	403.886642	
1.749301	402.511019	402.525285	403.863649	403.921549	
1.761232	402.542476	402.551465	403.895106	403.947729	
1.769631	402.565017	402.577645	403.917648	403.973909	
1.779766	402.592706	402.603825	403.945336	404.000089	
1.789918	402.62114	402.630005	403.97377	404.008815	
1.800037	402.650106	402.647458	404.002736	404.026269	
1.810237	402.679933	402.673638	404.032564	404.034995	
1.820437	402.710382	402.699818	404.063013	404.052448	
1.830557	402.741211	402.717272	404.093841	404.069902	
1.840697	402.772699	402.752178	404.125329	404.087355	
1.850872	402.80495	402.769631	404.15758	404.113535	
1.861019	402.8377	402.795811	404.19033	404.130988	
1.871308	402.871565	402.821991	404.224195	404.165895	
1.881427	402.905459	402.856898	404.258089	404.192075	
1.891594	402.940156	402.883078	404.292786	404.226981	
1.901788	402.975566	402.917984	404.328196	404.261888	
1.911952	403.01148	402.952891	404.36411	404.305521	
1.922104	403.047974	402.987798	404.400604	404.349154	
1.93233	403.085362	403.031431	404.437993	404.392788	
1.942408	403.122826	403.066337	404.475457	404.445148	
1.952535	403.161082	403.118697	404.513712	404.488781	
1.962758	403.200334	403.162331	404.552964	404.541141	
1.97313	403.240816	403.205964	404.593446	404.593501	
1.983226	403.280792	403.258324	404.633422	404.64586	
1.993408	403.321775	403.310684	404.674405	404.69822	
2.003534	403.363108	403.354317	404.715738	404.741854	
2.014666	403.40939	403.406677	404.76202	404.80294	
2.02384	403.447885	403.45031	404.800515	404.846573	
2.034031	403.491411	403.50267	404.844041	404.898933	
2.044262	403.535662	403.55503	404.888292	404.942566	
2.054296	403.579694	403.598663	404.932324	404.9862	
2.064564	403.625748	403.642296	404.978378	405.03856	
2.074743	403.671324	403.685929	405.023954	405.073466	
2.084838	403.717439	403.729563	405.070069	405.117099	
2.094989	403.764457	403.773196	405.117087	405.160733	
2.105123	403.812027	403.816829	405.164657	405.195639	
2.11524	403.86014	403.851736	405.21277	405.239272	
2.125429	403.909182	403.904095	405.261812	405.282906	
2.135586	403.958712	403.939002	405.311342	405.317812	
2.145729	404.00879	403.982635	405.36142	405.361445	
2.155845	404.059344	404.026269	405.411974	405.405079	
2.166309	404.112325	404.078628	405.464955	405.439985	
2.176207	404.162998	404.122262	405.515628	405.483618	
2.186331	404.215417	404.165895	405.568047	405.535978	
2.196502	404.268718	404.218255	405.621348	405.579612	
2.206669	404.322655	404.270615	405.675285	405.631971	
2.217239	404.379375	404.331701	405.732005	405.684331	
2.227001	404.432306	404.392788	405.784936	405.736691	
2.237106	404.487731	404.445148	405.840361	405.797778	
2.247246	404.54396	404.506234	405.896591	405.858864	
2.25748	404.601365	404.567321	405.953995	405.928677	
2.267592	404.658684	404.637134	406.011315	405.989764	
2.279157	404.725092	404.706947	406.077722	406.068304	
2.289015	404.782196	404.77676	406.134826	406.12939	
2.299185	404.84178	404.837847	406.19441	406.199203	
2.309346	404.9019	404.898933	406.25453	406.269017	
2.319456	404.962348	404.968746	406.314978	406.330103	
2.329678	405.024329	405.029833	406.376959	406.399916	
2.33982	405.085994	405.090919	406.438624	406.469729	
2.349967	405.148503	405.160733	406.501133	406.530816	
2.360124	405.211725	405.230546	406.564355	406.591903	
2.370254	405.27538	405.291632	406.628011	406.661716	
2.381721	405.348305	405.352719	406.700935	406.731529	
2.39164	405.411876	405.413805	406.764506	406.792615	
2.401797	405.477604	405.474892	406.830235	406.853702	
2.411963	405.544031	405.535978	406.896662	406.914788	
2.422101	405.610905	405.597065	406.963535	406.975875	
2.432269	405.678597	405.658151	407.031227	407.028235	
2.442423	405.746774	405.719238	407.099404	407.089321	
2.452633	405.815982	405.789051	407.168612	407.150408	
2.462753	405.885198	405.850138	407.237828	407.220221	
2.472854	405.954874	405.911224	407.307505	407.272581	
2.48455	406.03651	405.989764	407.38914	407.351121	
2.494284	406.10486	406.059577	407.45749	407.412207	
2.504426	406.176756	406.12939	407.529386	407.48202	
2.514927	406.251914	406.199203	407.604544	407.56056	
2.5247	406.322387	406.269017	407.675017	407.630373	
2.534851	406.396171	406.33883	407.748801	407.708913	
2.544998	406.470581	406.41737	407.823211	407.787453	
2.555152	406.545645	406.495909	407.898276	407.865993	
2.565464	406.622521	406.574449	407.975151	407.953259	
2.575815	406.700354	406.652989	408.052985	408.031799	
2.587408	406.788367	406.748982	408.140997	408.127792	
2.597223	406.86337	406.827522	408.216	408.206332	
2.607354	406.941429	406.906062	408.294059	408.293599	
2.617469	407.020001	406.993328	408.372631	408.380865	
2.627638	407.099623	407.080595	408.452253	408.468131	
2.637836	407.180081	407.167861	408.532711	408.546671	
2.658548	407.346734	407.255128	408.699364	408.721204	
2.663123	407.383397	407.386027	408.736027	408.756111	
2.673266	407.465592	407.464567	408.818222	408.843377	
2.685667	407.567138	407.569287	408.919768	408.921917	
2.693726	407.63333	407.656553	408.98596	409.000457	
2.70377	407.7165	407.74382	409.06913	409.087723	
2.713914	407.801186	407.84854	409.153816	409.17499	
2.724063	407.886472	407.927079	409.239102	409.244803	
2.734365	407.975836	408.023073	409.328466	409.332069	
2.744378	408.059141	408.110339	409.411772	409.410609	
2.754513	408.146187	408.197605	409.498817	409.489149	
2.764685	408.234198	408.267419	409.586828	409.576416	
2.774817	408.322425	408.354685	409.675056	409.663682	
2.784931	408.411197	408.433225	409.763828	409.742222	
2.795185	408.50178	408.520491	409.85441	409.829488	
2.805355	408.592229	408.599031	409.944859	409.916755	
2.815444	408.682557	408.677571	410.035187	410.012748	
2.825584	408.773969	408.756111	410.126599	410.100014	
2.836018	408.868749	408.843377	410.22138	410.187281	
2.845908	408.959069	408.930644	410.311699	410.292001	
2.856039	409.052269	409.01791	410.4049	410.379267	
2.866172	409.146086	409.105177	410.498716	410.483987	
2.876384	409.24128	409.192443	410.59391	410.571253	
2.886455	409.335774	409.27971	410.688404	410.675973	
2.897084	409.436189	409.384429	410.788819	410.780693	
2.907207	409.532376	409.489149	410.885006	410.876686	
2.917314	409.629061	409.585142	410.981692	410.972679	
2.927426	409.726408	409.689862	411.079038	411.077399	
2.937635	409.825728	409.794582	411.178358	411.182118	
2.94776	409.924054	409.899301	411.276684	411.286838	
2.957941	410.023902	410.012748	411.376532	411.382831	
2.96815	410.12469	410.117468	411.47732	411.487551	
2.978246	410.224981	410.222187	411.577611	411.583544	
2.990809	410.350834	410.335634	411.703464	411.696991	
2.998701	410.430132	410.440354	411.782762	411.792984	
3.008808	410.532284	410.545073	411.884914	411.897703	
3.019011	410.636178	410.649793	411.988808	412.002423	
3.029155	410.740046	410.754513	412.092676	412.107143	
3.039261	410.844054	410.859233	412.196685	412.211863	
3.049381	410.948894	410.972679	412.301524	412.316582	
3.059513	411.054432	411.077399	412.407063	412.412576	
3.077678	411.246162	411.260658	412.598792	412.595835	
3.082205	411.293818	411.304292	412.646448	412.648195	
3.092433	411.402432	411.409011	412.755063	412.752915	
3.102623	411.511352	411.513731	412.863982	412.857635	
3.112746	411.619975	411.618451	412.972605	412.971081	
3.12295	411.730148	411.723171	413.082778	413.075801	
3.133036	411.839686	411.82789	413.192317	413.18052	
3.143152	411.950199	411.93261	413.302829	413.293967	
3.153359	412.060414	412.03733	413.413044	413.398687	
3.163511	412.169478	412.14205	413.522109	413.503406	
3.173676	412.278017	412.255496	413.630647	413.608126	
3.183829	412.385826	412.368942	413.738457	413.721573	
3.19392	412.492376	412.482389	413.845006	413.835019	
3.204513	412.60366	412.595835	413.95629	413.948465	
3.214334	412.706115	412.700555	414.058745	414.053185	
3.224473	412.811323	412.822728	414.163954	414.166631	
3.234613	412.915974	412.927448	414.268604	414.271351	
3.244729	413.01977	413.040894	414.3724	414.384798	
3.254922	413.123678	413.154341	414.476308	414.498244	
3.265085	413.226729	413.25906	414.579359	414.61169	
3.27524	413.329047	413.36378	414.681678	414.725137	
3.285387	413.430696	413.477226	414.783326	414.829857	
3.295816	413.534536	413.590673	414.887166	414.934576	
3.30604	413.63579	413.695393	414.98842	415.039296	
3.31598	413.733491	413.800112	415.086121	415.144016	
3.326018	413.831624	413.904832	415.184254	415.240009	
3.336142	413.929969	414.009552	415.2826	415.336002	
3.346302	414.028139	414.105545	415.380769	415.431995	
3.356493	414.125905	414.201538	415.478535	415.527988	
3.366669	414.222953	414.288805	415.575583	415.615255	
3.376779	414.318749	414.393524	415.671379	415.702521	
3.386885	414.413921	414.480791	415.766551	415.789788	
3.397336	414.511694	414.559331	415.864324	415.877054	
3.408678	414.617018	414.655324	415.969648	415.981774	
3.418723	414.709678	414.74259	416.062308	416.060314	
3.428719	414.801297	414.829857	416.153927	416.14758	
3.438794	414.893073	414.908396	416.245703	416.234847	
3.44901	414.985538	414.986936	416.338169	416.322113	
3.459209	415.077172	415.074203	416.429803	416.40938	
3.469332	415.167564	415.161469	416.520194	416.496646	
3.479492	415.257656	415.240009	416.610287	416.592639	
3.489608	415.346763	415.327275	416.699394	416.679906	
3.499824	415.436148	415.414542	416.788778	416.775899	
3.511322	415.535956	415.510535	416.888586	416.880618	
3.521154	415.620717	415.597801	416.973348	416.967885	
3.531336	415.707865	415.693795	417.060495	417.063878	
3.541461	415.793954	415.789788	417.146584	417.159871	
3.551591	415.879429	415.877054	417.232059	417.255864	
3.56179	415.965234	415.964321	417.317864	417.343131	
3.571969	416.049654	416.060314	417.402285	417.439124	
3.58208	416.133164	416.156307	417.485794	417.52639	
3.592228	416.216403	416.243573	417.569033	417.622383	
3.602345	416.298767	416.33084	417.651397	417.700923	
3.614004	416.392901	416.43556	417.745531	417.796916	
3.623787	416.471252	416.522826	417.823882	417.875456	
3.633918	416.551895	416.610092	417.904526	417.962723	
3.644105	416.632665	416.679906	417.985295	418.041262	
3.654375	416.714605	416.767172	418.067235	418.111076	
3.664407	416.790759	416.836985	418.143389	418.180889	
3.674542	416.868932	416.915525	418.221562	418.250702	
3.684753	416.947112	416.994065	418.299742	418.329242	
3.694852	417.023805	417.063878	418.376435	418.399055	
3.704975	417.10012	417.133691	418.452751	418.468868	
3.716712	417.187729	417.212231	418.540359	418.547408	
3.726424	417.259641	417.282044	418.612271	418.617221	
3.736651	417.334802	417.351857	418.687433	418.687034	
3.746768	417.408562	417.412944	418.761193	418.756847	
3.757263	417.484395	417.482757	418.837025	418.826661	
3.767041	417.554503	417.55257	418.907133	418.896474	
3.777273	417.627249	417.622383	418.979879	418.966287	
3.787342	417.69823	417.692197	419.05086	419.0361	
3.79745	417.76891	417.76201	419.12154	419.11464	
3.807635	417.839487	417.831823	419.192117	419.184453	
3.819311	417.919596	417.901636	419.272227	419.27172	
3.829166	417.986592	417.971449	419.339222	419.341533	
3.839423	418.055764	418.041262	419.408395	419.420073	
3.849554	418.123454	418.111076	419.476084	419.489886	
3.859699	418.190663	418.180889	419.543293	419.559699	
3.869946	418.257939	418.250702	419.61057	419.629512	
3.880026	418.323468	418.320515	419.676098	419.699325	
3.890226	418.389207	418.390328	419.741837	419.769138	
3.900449	418.454458	418.460141	419.807088	419.838952	
3.910527	418.518197	418.529955	419.870828	419.900038	
3.921687	418.588042	418.608494	419.940672	419.969851	
3.931819	418.650815	418.678308	420.003445	420.030938	
3.950079	418.76165	418.739394	420.11428	420.135658	
3.954672	418.789562	418.817934	420.142192	420.161837	
3.964768	418.850212	418.87902	420.202842	420.214197	
3.974961	418.910795	418.948834	420.263426	420.275284	
3.985084	418.970381	419.001194	420.323011	420.327644	
3.996391	419.036162	419.071007	420.388792	420.38873	
4.005724	419.089959	419.123367	420.442589	420.44109	
4.016438	419.151054	419.175726	420.503684	420.49345	
4.02621	419.206229	419.228086	420.558859	420.54581	
4.036698	419.264767	419.280446	420.617397	420.59817	
4.048608	419.330362	419.332806	420.682992	420.659256	
4.064665	419.417096	419.385166	420.769726	420.746523	
4.069439	419.442897	419.437526	420.795527	420.772703	
4.079422	419.49612	419.498612	420.84875	420.825063	
4.089579	419.549677	419.542246	420.902308	420.886149	
4.099758	419.602743	419.594605	420.955373	420.938509	
4.109937	419.655197	419.646965	421.007827	420.990869	
4.1201	419.706985	419.699325	421.059615	421.043229	
4.130287	419.758286	419.751685	421.110916	421.104315	
4.140528	419.809209	419.804045	421.161839	421.165402	
4.150612	419.858814	419.856405	421.211444	421.217762	
4.160729	419.907919	419.917491	421.260549	421.270122	
4.170901	419.956714	419.969851	421.309344	421.322481	
4.181053	420.004806	420.030938	421.357436	421.383568	
4.191197	420.05226	420.083298	421.40489	421.427201	
4.201357	420.099198	420.135658	421.451829	421.479561	
4.211493	420.145413	420.188017	421.498043	421.531921	
4.221672	420.191231	420.231651	421.543862	421.575554	
4.231896	420.236649	420.284011	421.589279	421.619187	
4.242039	420.281071	420.327644	421.633701	421.671547	
4.252206	420.325007	420.380004	421.677637	421.706454	
4.262513	420.36895	420.41491	421.72158	421.750087	
4.272484	420.410867	420.458543	421.763497	421.79372	
4.282688	420.453158	420.49345	421.805788	421.828627	
4.292859	420.49472	420.537083	421.84735	421.87226	
4.303006	420.535568	420.57199	421.888198	421.907167	
4.31315	420.575807	420.606896	421.928437	421.942073	
4.323303	420.615493	420.641803	421.968123	421.985707	
4.333559	420.65499	420.67671	422.00762	422.020613	
4.343652	420.693216	420.711616	422.045846	422.05552	
4.353837	420.731219	420.746523	422.08385	422.090426	
4.363997	420.768549	420.781429	422.121179	422.116606	
4.374077	420.804955	420.807609	422.157585	422.151513	
4.384227	420.84104	420.842516	422.19367	422.186419	
4.394421	420.876674	420.868696	422.229304	422.212599	
4.40461	420.911693	420.903602	422.264323	422.247506	
4.41472	420.945841	420.938509	422.298471	422.282413	
4.424816	420.979369	420.973416	422.331999	422.317319	
4.435402	421.013864	421.008322	422.366494	422.352226	
4.445204	421.045244	421.034502	422.397874	422.387132	
4.455364	421.077174	421.069409	422.429804	422.413312	
4.465526	421.108536	421.104315	422.461166	422.448219	
4.476008	421.140232	421.139222	422.492862	422.483125	
4.485903	421.169583	421.174128	422.522214	422.518032	
4.495961	421.198843	421.200308	422.551474	422.552939	
4.506118	421.227807	421.235215	422.580437	422.587845	
4.516338	421.256358	421.270122	422.608988	422.614025	
4.526415	421.283904	421.305028	422.636534	422.648932	
4.53748	421.313434	421.331208	422.666064	422.683838	
4.547625	421.339941	421.357388	422.692571	422.718745	
4.557788	421.365891	421.392295	422.718521	422.744925	
4.567904	421.391164	421.418475	422.743794	422.779831	
4.578294	421.41648	421.444654	422.76911	422.806011	
4.588311	421.440322	421.479561	422.792953	422.832191	
4.598364	421.463672	421.505741	422.816302	422.858371	
4.608544	421.486727	421.531921	422.839357	422.867098	
4.61867	421.509084	421.558101	422.861714	422.884551	
4.628823	421.530914	421.584281	422.883544	422.893278	
4.640552	421.555307	421.601734	422.907937	422.910731	
4.660346	421.593786	421.645367	422.946417	422.945638	
4.664952	421.602812	421.654094	422.955442	422.954364	
4.675116	421.622007	421.671547	422.974637	422.971818	
4.685198	421.640482	421.689001	422.993112	422.989271	
4.695394	421.658572	421.706454	423.011202	422.997998	
4.705534	421.675996	421.723907	423.028626	423.024177	
4.715692	421.692876	421.74136	423.045506	423.032904	
4.725842	421.709165	421.750087	423.061795	423.059084	
4.736083	421.725025	421.758814	423.077655	423.076537	
4.746184	421.740103	421.758814	423.092733	423.093991	
4.756366	421.75472	421.76754	423.10735	423.111444	
4.766464	421.768666	421.776267	423.121296	423.128897	
4.776744	421.78228	421.776267	423.13491	423.14635	
4.795011	421.804242	421.79372	423.156872	423.181257	
4.799599	421.809811	421.802447	423.162441	423.189984	
4.809742	421.821428	421.811174	423.174058	423.19871	
4.819914	421.832525	421.811174	423.185155	423.207437	
4.830054	421.843035	421.828627	423.195665	423.207437	
4.843039	421.85551	421.837354	423.20814	423.207437	
4.850435	421.862426	421.84608	423.215056	423.207437	
4.860628	421.871345	421.854807	423.223975	423.19871	
4.870753	421.879676	421.863533	423.232306	423.19871	
4.881071	421.887614	421.880987	423.240244	423.207437	
4.891126	421.894837	421.880987	423.247467	423.207437	
4.901234	421.90158	421.89844	423.25421	423.207437	
4.911377	421.907831	421.907167	423.260461	423.216164	
4.921534	421.913583	421.915893	423.266213	423.22489	
4.931673	421.918827	421.92462	423.271457	423.242344	
4.944007	421.924414	421.933347	423.277044	423.25107	
4.952059	421.927842	421.942073	423.280472	423.268524	
4.962217	421.931647	421.9508	423.284277	423.27725	
4.972405	421.935004	421.9508	423.287635	423.285977	
4.982484	421.937896	421.959527	423.290526	423.30343	
4.993171	421.940532	421.959527	423.293162	423.312157	
5.00282	421.942476	421.9508	423.295106	423.312157	
5.012959	421.944193	421.9508	423.296823	423.312157	
5.023133	421.949327	421.9508	423.301957	423.30343	
5.033324	421.949327	421.9508	423.301957	423.30343	
5.043489	421.949327	421.9508	423.301957	423.294703	
5.053684	421.949327	421.9508	423.301957	423.294703	
5.06392	421.949327	421.9508	423.301957	423.285977	
5.074083	421.949327	421.9508	423.301957	423.27725	
5.084261	421.949327	421.9508	423.301957	423.27725	
5.094621	421.949327	421.9508	423.301957	423.27725	
5.104569	421.949327	421.9508	423.301957	423.27725	
5.114698	421.949327	421.9508	423.301957	423.285977	
5.124894	421.949327	421.9508	423.301957	423.294703	
5.134942	421.949327	421.9508	423.301957	423.30343	
5.145094	421.949327	421.9508	423.301957	423.312157	
5.155367	421.949327	421.9508	423.301957	423.312157	
5.165441	421.949327	421.9508	423.301957	423.320883	
5.175582	421.949327	421.9508	423.301957	423.320883	
5.185712	421.949327	421.9508	423.301957	423.320883	
5.196145	421.949327	421.9508	423.301957	423.320883	
5.206101	421.949327	421.9508	423.301957	423.320883	
5.216217	421.949327	421.9508	423.301957	423.320883	
5.22634	421.949327	421.9508	423.301957	423.320883	
5.236575	421.949327	421.9508	423.301957	423.320883	
5.246716	421.949327	421.9508	423.301957	423.320883	
5.256838	421.949327	421.9508	423.301957	423.320883	
5.266952	421.949327	421.9508	423.301957	423.312157	
5.27706	421.949327	421.9508	423.301957	423.312157	
5.287529	421.949327	421.9508	423.301957	423.312157	
5.297573	421.949327	421.9508	423.301957	423.312157	
5.30755	421.949327	421.9508	423.301957	423.312157	
5.317704	421.949327	421.9508	423.301957	423.312157	
5.327829	421.949327	421.9508	423.301957	423.312157	
5.337984	421.949327	421.9508	423.301957	423.312157	
5.348202	421.949327	421.9508	423.301957	423.312157	
5.358298	421.949327	421.9508	423.301957	423.312157	
5.368462	421.949327	421.9508	423.301957	423.312157	
5.378571	421.949327	421.9508	423.301957	423.312157	
5.388809	421.949327	421.9508	423.301957	423.312157	
5.398882	421.949327	421.9508	423.301957	423.312157	
5.409139	421.949327	421.9508	423.301957	423.312157	
5.419328	421.949327	421.9508	423.301957	423.312157	
5.429435	421.949327	421.9508	423.301957	423.312157	
5.439589	421.949327	421.9508	423.301957	423.312157	
5.449752	421.949327	421.9508	423.301957	423.312157	
5.459927	421.949327	421.9508	423.301957	423.312157	
5.470135	421.949327	421.9508	423.301957	423.312157	
5.480278	421.949327	421.9508	423.301957	423.312157	
5.490421	421.949327	421.9508	423.301957	423.312157	
5.500649	421.949327	421.9508	423.301957	423.312157	
5.510775	421.949327	421.9508	423.301957	423.312157	
5.520924	421.949327	421.9508	423.301957	423.312157	
5.53119	421.949327	421.9508	423.301957	423.312157	
5.556333	421.949327	421.9508	423.301957	423.312157	
5.567406	421.949327	421.9508	423.301957	423.312157	
5.572371	421.949327	421.9508	423.301957	423.312157	
