0.05002806	
0.06013767	
0.07036528	
0.08048988	
0.09062949	
0.1007391	
0.1109237	
0.1211273	
0.1312799	
0.1414325	
0.1515731	
0.1617797	
0.1726183	
0.182004	
0.1921876	
0.2022822	
0.2124668	
0.2226034	
0.232891	
0.2430176	
0.2530562	
0.2632288	
0.2733974	
0.283751	
0.2936976	
0.3038192	
0.3140418	
0.3241654	
0.3342601	
0.3444357	
0.3545463	
0.3648069	
0.3748275	
0.3850241	
0.3952017	
0.4053483	
0.4154989	
0.4256255	
0.4357541	
0.4458307	
0.4559783	
0.4661659	
0.4763106	
0.4865672	
0.4966008	
0.5067784	
0.516918	
0.5269966	
0.5374362	
0.5475648	
0.5577184	
0.567884	
0.5780416	
0.5882052	
0.5983538	
0.6085564	
0.618676	
0.6287776	
0.6389603	
0.6491569	
0.6593605	
0.6694571	
0.6796427	
0.6897953	
0.6999529	
0.7100715	
0.7202671	
0.7304117	
0.7405423	
0.7507029	
0.7608575	
0.7710551	
0.7811507	
0.7913394	
0.801565	
0.8116356	
0.8217962	
0.8318818	
0.8420724	
0.85223	
0.8623676	
0.8725742	
0.8826698	
0.8931414	
0.903008	
0.9131436	
0.9233402	
0.9334698	
0.9435915	
0.9537961	
0.9639407	
0.9740393	
0.9842209	
0.9943305	
1.004463	
1.01466	
1.024755	
1.034907	
1.045042	
1.055229	
1.073223	
1.07756	
1.087728	
1.097917	
1.108033	
1.118219	
1.128402	
1.138525	
1.148652	
1.158805	
1.168966	
1.186996	
1.191345	
1.201497	
1.21167	
1.221855	
1.231939	
1.244491	
1.252288	
1.272294	
1.276654	
1.29519	
1.299627	
1.309773	
1.319937	
1.330123	
1.340266	
1.35041	
1.360569	
1.370724	
1.382586	
1.391199	
1.401347	
1.411438	
1.421597	
1.43175	
1.441955	
1.45205	
1.462191	
1.472407	
1.482535	
1.492661	
1.502817	
1.512972	
1.523159	
1.533393	
1.543515	
1.5537	
1.563789	
1.574008	
1.584074	
1.594248	
1.604361	
1.614682	
1.624677	
1.634932	
1.64495	
1.65723	
1.665208	
1.67578	
1.685526	
1.695705	
1.705861	
1.715944	
1.726076	
1.736204	
1.746425	
1.756535	
1.766682	
1.784715	
1.789151	
1.799315	
1.809457	
1.819599	
1.829712	
1.83992	
1.850095	
1.860234	
1.870375	
1.880578	
1.890692	
1.900835	
1.910979	
1.921151	
1.931383	
1.941479	
1.951708	
1.961876	
1.97196	
1.982098	
1.992251	
2.002418	
2.01255	
2.022706	
2.032897	
2.04302	
2.053192	
2.063285	
2.073462	
2.083546	
2.093736	
2.10386	
2.114055	
2.124171	
2.1343	
2.144477	
2.154584	
2.164754	
2.175366	
2.185008	
2.195194	
2.214061	
2.218446	
2.228565	
2.238718	
2.248879	
2.259027	
2.269221	
2.27938	
2.289547	
2.299631	
2.309841	
2.319979	
2.330118	
2.340266	
2.350784	
2.360972	
2.371135	
2.381261	
2.391406	
2.401586	
2.411669	
2.42187	
2.431962	
2.442167	
2.452301	
2.462413	
2.472637	
2.48281	
2.492937	
2.503067	
2.513259	
2.523464	
2.53357	
2.543726	
2.553995	
2.56402	
2.574149	
2.584316	
2.594461	
2.604598	
2.614756	
2.624868	
2.635014	
2.645158	
2.657457	
2.665502	
2.675654	
2.685747	
2.695854	
2.706053	
2.716159	
2.726301	
2.736496	
2.74658	
2.756785	
2.766909	
2.77703	
2.787278	
2.797372	
2.80752	
2.817686	
2.827785	
2.837989	
2.848139	
2.858303	
2.868445	
2.878595	
2.888824	
2.898914	
2.909054	
2.919217	
2.929393	
2.939548	
2.94968	
2.959795	
2.970042	
2.980118	
2.990299	
3.00068	
3.010786	
3.020913	
3.031021	
3.041232	
3.051442	
3.06154	
3.071675	
3.081874	
3.092078	
3.102162	
3.112284	
3.122448	
3.13259	
3.142734	
3.152912	
3.163048	
3.17318	
3.183357	
3.193452	
3.20362	
3.213765	
3.223997	
3.235877	
3.244398	
3.254545	
3.264709	
3.274831	
3.284958	
3.295139	
3.313221	
3.317602	
3.327709	
3.337975	
3.348052	
3.358199	
3.368521	
3.37849	
3.388671	
3.398821	
3.409308	
3.419149	
3.429257	
3.439481	
3.449563	
3.459752	
3.470092	
3.480043	
3.490236	
3.500311	
3.510522	
3.520727	
3.530847	
3.540981	
3.551121	
3.561301	
3.571504	
3.581551	
3.591738	
3.601977	
3.612041	
3.622223	
3.635959	99.6250928	99.6233937	99.9479787	99.9462796	
3.646127	99.6268607	99.6233937	99.9497467	99.9462796	
3.656785	99.6295118	99.6321204	99.9523977	99.9462796	
3.666452	99.6322625	99.640847	99.9551484	99.9462796	
3.676967	99.6360504	99.640847	99.9589363	99.9550063	
3.686827	99.6401604	99.6495736	99.9630463	99.9550063	
3.696953	99.6450094	99.6583003	99.9678953	99.9637329	
3.707009	99.6504291	99.6583003	99.973315	99.9637329	
3.717148	99.6565102	99.6583003	99.9793961	99.9724596	
3.727587	99.6634387	99.6670269	99.9863246	99.9811862	
3.738978	99.6718128	99.6670269	99.9946988	99.9899128	
3.748817	99.6795709	99.6757536	100.002457	99.9986395	
3.758984	99.6882229	99.6844802	100.011109	100.007366	
3.769144	99.6974888	99.6932069	100.020375	100.007366	
3.779309	99.7073816	99.6932069	100.030268	100.024819	
3.789662	99.7181043	99.7106602	100.04099	100.033546	
3.799613	99.7289915	99.7106602	100.051877	100.042273	
3.809791	99.7407568	99.7281135	100.063643	100.050999	
3.819941	99.7531082	99.7281135	100.075994	100.068453	
3.830245	99.7662904	99.7455668	100.089176	100.077179	
3.841605	99.7816352	99.7542934	100.104521	100.094633	
3.851537	99.7955864	99.76302	100.118472	100.112086	
3.861596	99.8103355	99.7804733	100.133221	100.120813	
3.871746	99.8258405	99.7979266	100.148726	100.138266	
3.881958	99.8420694	99.8066533	100.164955	100.155719	
3.892087	99.8587831	99.8153799	100.181669	100.173172	
3.902247	99.8761561	99.8328332	100.199042	100.190626	
3.912372	99.8940938	99.8502865	100.21698	100.208079	
3.922543	99.9127316	99.8677398	100.235617	100.225532	
3.932674	99.9319146	99.8851931	100.2548	100.242986	
3.944033	99.954249	99.911373	100.277135	100.260439	
3.954202	99.9748046	99.937553	100.297691	100.286619	
3.964224	99.9956627	99.9550063	100.318549	100.304072	
3.974325	100.017311	99.9899128	100.340197	100.321525	
3.984709	100.040225	100.007366	100.363111	100.347705	
3.994649	100.062722	100.042273	100.385608	100.373885	
4.004781	100.086281	100.068453	100.409167	100.400065	
4.014934	100.110516	100.094633	100.433402	100.426245	
4.025055	100.135283	100.120813	100.458169	100.452425	
4.035233	100.160821	100.146992	100.483707	100.487332	
4.046593	100.190157	100.181899	100.513043	100.513512	
4.056728	100.216869	100.216806	100.539755	100.548418	
4.074688	100.266586	100.260439	100.589472	100.600778	
4.079237	100.279116	100.269166	100.602002	100.618231	
4.089384	100.307869	100.304072	100.630755	100.644411	
4.099645	100.337581	100.321525	100.660467	100.670591	
4.109745	100.367428	100.356432	100.690314	100.705498	
4.119902	100.39807	100.382612	100.720956	100.740404	
4.130116	100.429505	100.408792	100.752391	100.766584	
4.140247	100.461315	100.443698	100.784201	100.792764	
4.150456	100.494007	100.469878	100.816893	100.827671	
4.160599	100.52705	100.496058	100.849936	100.862577	
4.170733	100.560713	100.530965	100.883599	100.888757	
4.180901	100.595114	100.565871	100.918	100.923664	
4.191036	100.629991	100.592051	100.952877	100.949844	
4.201194	100.665598	100.618231	100.988484	100.984751	
4.211358	100.70184	100.653138	101.024726	101.019657	
4.221503	100.738619	100.696771	101.061505	101.054564	
4.231611	100.775895	100.740404	101.098781	101.08947	
4.241769	100.813957	100.775311	101.136843	101.124377	
4.252011	100.852985	100.818944	101.175871	101.159283	
4.262183	100.892346	100.862577	101.215232	101.19419	
4.272309	100.93215	100.914937	101.255036	101.237823	
4.282481	100.972762	100.958571	101.295648	101.281456	
4.292582	101.013688	101.002204	101.336574	101.32509	
4.302803	101.055738	101.045837	101.378624	101.368723	
4.312973	101.09819	101.08947	101.421076	101.421083	
4.323086	101.141028	101.14183	101.463913	101.464716	
4.333172	101.184361	101.185463	101.507247	101.508349	
4.343327	101.228616	101.229097	101.551502	101.560709	
4.354825	101.279576	101.281456	101.602462	101.613069	
4.364905	101.324758	101.32509	101.647644	101.656702	
4.375061	101.370951	101.368723	101.693837	101.709062	
4.385287	101.418088	101.412356	101.740974	101.752695	
4.395903	101.467711	101.455989	101.790597	101.805055	
4.40555	101.513322	101.499623	101.836208	101.848689	
4.415698	101.561944	101.543256	101.88483	101.892322	
4.425808	101.610986	101.595616	101.933872	101.944682	
4.435954	101.660846	101.639249	101.983732	101.988315	
4.446187	101.71175	101.682882	102.034636	102.031948	
4.458177	101.772341	101.743969	102.095227	102.084308	
4.467888	101.821877	101.787602	102.144763	102.136668	
4.478088	101.874573	101.839962	102.197459	102.180301	
4.488248	101.927681	101.901048	102.250567	102.232661	
4.498403	101.981349	101.953408	102.304235	102.276294	
4.508567	102.035723	102.014495	102.358609	102.337381	
4.518716	102.090612	102.066855	102.413498	102.389741	
4.528957	102.146658	102.127941	102.469544	102.450827	
4.539082	102.202654	102.189028	102.52554	102.503187	
4.549185	102.259145	102.258841	102.582031	102.564273	
4.56851	102.37004	102.372287	102.692926	102.686447	
4.573127	102.396406	102.398467	102.719292	102.712626	
4.58323	102.454972	102.459554	102.777858	102.78244	
4.593447	102.514818	102.529367	102.837704	102.843526	
4.603615	102.575013	102.590453	102.897898	102.904613	
4.613754	102.635658	102.65154	102.958544	102.974426	
4.62396	102.697276	102.712626	103.020162	103.044239	
4.634103	102.759178	102.78244	103.082064	103.105326	
4.644193	102.821335	102.8348	103.144221	103.166412	
4.654634	102.886364	102.895886	103.20925	103.227499	
4.673475	103.006301	103.009332	103.329187	103.340945	
4.678206	103.036338	103.044239	103.359223	103.375852	
4.688196	103.100486	103.096599	103.423372	103.428211	
4.698373	103.166522	103.157685	103.489408	103.498025	
4.708542	103.233126	103.218772	103.556012	103.559111	
4.718698	103.300237	103.288585	103.623123	103.620198	
4.728877	103.368136	103.349672	103.691022	103.681284	
4.739012	103.436356	103.410758	103.759242	103.742371	
4.757352	103.562282	103.532931	103.885168	103.864544	
4.764567	103.611932	103.567838	103.934818	103.916904	
4.772094	103.663984	103.637651	103.986869	103.960537	
4.782253	103.734995	103.707464	104.057881	104.03035	
4.79242	103.806725	103.786004	104.129611	104.10889	
4.802633	103.87935	103.864544	104.202235	104.178703	
4.812833	103.952513	103.934357	104.275399	104.257243	
4.822956	104.025757	104.012897	104.348643	104.327056	
4.833086	104.099669	104.091437	104.422555	104.405596	
4.843253	104.174457	104.169976	104.497343	104.484136	
4.853346	104.249325	104.248516	104.572211	104.562675	
4.866573	104.34868	104.318329	104.671566	104.641215	
4.873743	104.402592	104.396869	104.725477	104.719755	
4.883922	104.479967	104.475409	104.802853	104.798295	
4.894013	104.557259	104.545222	104.880145	104.885561	
4.904164	104.635662	104.632489	104.958548	104.964101	
4.914639	104.717211	104.702302	105.040097	105.042641	
4.924455	104.794189	104.789568	105.117075	105.121181	
4.934613	104.874494	104.859381	105.19738	105.208447	
4.944788	104.955563	104.937921	105.278449	105.27826	
4.954912	105.036816	105.016461	105.359702	105.365527	
4.967363	105.137837	105.095001	105.460723	105.444067	
4.975369	105.202988	105.182267	105.525874	105.522607	
4.985474	105.285907	105.260807	105.608793	105.601146	
4.99568	105.37035	105.339347	105.693236	105.688413	
5.00569	105.453733	105.417887	105.776619	105.766953	
5.016142	105.541477	105.505153	105.864362	105.854219	
5.025995	105.624731	105.59242	105.947616	105.932759	
5.036146	105.711165	105.679686	106.03405	106.011299	
5.04628	105.798061	105.766953	106.120947	106.107292	
5.056397	105.885417	105.854219	106.208303	106.185832	
5.066587	105.974054	105.941486	106.29694	106.273098	
5.07685	106.064005	106.037479	106.386891	106.369091	
5.086996	106.153404	106.133472	106.47629	106.465084	
5.097483	106.246605	106.229465	106.569491	106.552351	
5.107699	106.337972	106.325458	106.660858	106.648344	
5.117844	106.429283	106.430178	106.752169	106.744337	
5.127995	106.521303	106.517444	106.844189	106.84033	
5.138217	106.614577	106.622164	106.937462	106.94505	
5.148301	106.707234	106.718157	107.03012	107.041043	
5.158426	106.800847	106.822877	107.123733	107.137036	
5.168645	106.895996	106.91887	107.218882	107.233029	
5.178883	106.992009	107.006136	107.314895	107.329022	
5.18896	107.086966	107.110856	107.409852	107.425015	
5.199084	107.183058	107.206849	107.505944	107.521009	
5.209214	107.279843	107.302842	107.602729	107.617002	
5.219445	107.378262	107.390109	107.701148	107.721721	
5.229522	107.47566	107.486102	107.798546	107.817715	
5.250278	107.679734	107.669362	108.00262	108.000974	
5.254843	107.724514	107.721721	108.0474	108.053334	
5.265043	107.825357	107.808988	108.148243	108.1406	
5.278021	107.954897	107.904981	108.277783	108.262774	
5.293456	108.110314	108.000974	108.4332	108.419853	
5.305994	108.237411	108.131874	108.560297	108.5333	
5.310558	108.283687	108.262774	108.606573	108.585659	
5.320763	108.388001	108.367493	108.710887	108.681653	
5.330852	108.491788	108.489666	108.814674	108.786372	
5.341033	108.597053	108.603113	108.919939	108.882365	
5.35118	108.702624	108.716559	109.02551	108.987085	
5.36139	108.809478	108.838732	109.132364	109.100532	
5.371719	108.918242	108.952179	109.241128	109.213978	
5.38187	109.025735	109.065625	109.348621	109.327424	
5.392068	109.134352	109.170345	109.457237	109.440871	
5.402266	109.243538	109.283791	109.566424	109.563044	
5.412335	109.352011	109.397238	109.674897	109.67649	
5.422594	109.463125	109.501957	109.786011	109.798663	
5.43292	109.575651	109.606677	109.898537	109.91211	
5.442988	109.684138	109.711397	110.007024	110.025556	
5.45313	109.792785	109.816117	110.115671	110.147729	
5.463275	109.900913	109.920836	110.223799	110.261175	
5.473425	110.00852	110.025556	110.331406	110.374622	
5.484902	110.129338	110.139002	110.452224	110.496795	
5.494661	110.23146	110.243722	110.554346	110.601515	
5.504885	110.337919	110.339715	110.660805	110.714961	
5.514953	110.442152	110.444435	110.765038	110.810954	
5.525116	110.54679	110.549155	110.869676	110.915674	
5.535326	110.651238	110.653875	110.974124	111.011667	
5.545478	110.75455	110.758594	111.077435	111.10766	
5.563493	110.935504	110.941854	111.25839	111.282193	
5.568037	110.981166	110.985487	111.304052	111.3171	
5.578245	111.083072	111.090207	111.405958	111.421819	
5.588459	111.184465	111.194927	111.507351	111.517813	
5.598548	111.283878	111.29092	111.606763	111.613806	
5.60882	111.384578	111.39564	111.707464	111.709799	
5.618878	111.482603	111.491633	111.805489	111.805792	
5.629015	111.580725	111.596352	111.903611	111.901785	
5.639192	111.678665	111.683619	112.001551	111.997778	
5.649392	111.776215	111.788339	112.099101	112.102498	
5.659617	111.8734	111.884332	112.196286	112.198491	
5.669719	111.968839	111.980325	112.291725	112.294484	
5.68053	112.070258	112.067591	112.393144	112.399204	
5.690242	112.160865	112.172311	112.483751	112.495197	
5.700191	112.252985	112.259577	112.575871	112.59119	
5.710522	112.348099	112.364297	112.670985	112.687183	
5.720578	112.440052	112.451564	112.762938	112.783176	
5.730672	112.531782	112.547557	112.854668	112.879169	
5.740857	112.623728	112.64355	112.946614	112.975162	
5.750997	112.714675	112.739543	113.037561	113.062429	
5.761178	112.805346	112.835536	113.128232	113.158422	
5.771332	112.895226	112.922803	113.218112	113.245689	
5.78143	112.983963	113.018796	113.306849	113.341682	
5.792586	113.08134	113.114789	113.404226	113.437675	
5.802472	113.166966	113.202055	113.489852	113.516215	
5.812844	113.256254	113.289322	113.57914	113.612208	
5.822732	113.3412	113.376588	113.664086	113.690747	
5.83319	113.430311	113.463855	113.753197	113.778014	
5.843086	113.512916	113.533668	113.835802	113.86528	
5.853233	113.597842	113.620934	113.920727	113.94382	
5.863361	113.681991	113.699474	114.004877	114.02236	
5.873521	113.765843	113.778014	114.088729	114.109626	
5.883707	113.849293	113.86528	114.172179	114.188166	
5.903041	114.004992	113.952547	114.327878	114.345246	
5.907729	114.042752	114.04854	114.365638	114.380153	
5.917842	114.123594	114.12708	114.44648	114.458692	
5.927987	114.204064	114.214346	114.52695	114.537232	
5.938219	114.284587	114.301613	114.607473	114.615772	
5.948298	114.363324	114.380153	114.68621	114.694312	
5.958453	114.442065	114.458692	114.764951	114.772852	
5.968614	114.520256	114.545959	114.843142	114.851391	
5.97874	114.597588	114.615772	114.920474	114.929931	
5.988943	114.674858	114.703038	114.997744	115.017198	
5.999413	114.75357	114.781578	115.076456	115.087011	
6.009542	114.829063	114.860118	115.151949	115.174277	
6.027677	114.961921	114.991018	115.284807	115.313904	
6.032224	114.99527	115.025924	115.318156	115.34881	
6.042426	115.069368	115.104464	115.392254	115.42735	
6.05298	115.145355	115.174277	115.468241	115.50589	
6.063119	115.217779	115.244091	115.540665	115.575703	
6.073271	115.289702	115.313904	115.612588	115.645516	
6.083361	115.360578	115.383717	115.683464	115.715329	
6.096009	115.448443	115.45353	115.771329	115.785143	
6.103772	115.502088	115.523343	115.824974	115.854956	
6.113993	115.572027	115.58443	115.894913	115.924769	
6.124088	115.64052	115.654243	115.963406	115.994582	
6.134205	115.708598	115.715329	116.031484	116.055669	
6.144591	115.777828	115.785143	116.100714	116.116755	
6.154543	115.843614	115.846229	116.1665	116.177842	
6.164664	115.909908	115.907316	116.232794	116.238928	
6.174818	115.97579	115.977129	116.298676	116.308741	
6.185018	116.041441	116.046942	116.364326	116.369828	
6.195128	116.105849	116.116755	116.428735	116.430914	
6.213522	116.220689	116.169115	116.543575	116.544361	
6.218251	116.250206	116.256381	116.573092	116.570541	
6.228261	116.312056	116.326195	116.634941	116.631627	
6.238453	116.374444	116.387281	116.69733	116.692714	
6.248614	116.436031	116.448368	116.758917	116.762527	
6.258797	116.497176	116.509454	116.820062	116.823613	
6.268929	116.557367	116.570541	116.880253	116.8847	
6.279078	116.617065	116.631627	116.939951	116.93706	
6.289218	116.676142	116.692714	116.999028	117.006873	
6.301154	116.744829	116.745074	117.067714	117.059233	
6.309619	116.79314	116.80616	117.116026	117.120319	
6.319779	116.850521	116.85852	117.173407	117.172679	
6.329879	116.906945	116.919607	117.229831	117.233766	
6.340023	116.963039	116.971966	117.285924	117.286126	
6.350221	117.018825	117.024326	117.341711	117.347212	
6.360359	117.073677	117.076686	117.396563	117.399572	
6.37071	117.12908	117.129046	117.451966	117.460659	
6.380678	117.181853	117.181406	117.504738	117.513019	
6.390781	117.234728	117.233766	117.557614	117.565378	
6.401026	117.287765	117.286126	117.61065	117.617738	
6.411211	117.339875	117.338486	117.662761	117.670098	
6.421378	117.391305	117.390845	117.714191	117.713731	
6.431462	117.441699	117.443205	117.764585	117.766091	
6.441688	117.492241	117.495565	117.815127	117.809725	
6.451842	117.54177	117.539198	117.864656	117.862084	
6.462038	117.590948	117.591558	117.913834	117.914444	
6.472151	117.639132	117.643918	117.962017	117.958077	
6.482407	117.687369	117.687551	118.010255	118.010437	
6.49254	117.734438	117.739911	118.057324	118.054071	
6.502657	117.780832	117.792271	118.103718	118.10643	
6.513019	117.827771	117.827178	118.150656	118.15879	
6.5231	117.872796	117.879538	118.195682	118.202424	
6.533252	117.917572	117.923171	118.240458	118.254783	
6.543404	117.961757	117.966804	118.284643	118.298417	
6.553517	118.005178	118.010437	118.328064	118.34205	
6.563746	118.04847	118.054071	118.371356	118.385683	
6.573827	118.090577	118.097704	118.413463	118.429316	
6.58401	118.132489	118.141337	118.455375	118.47295	
6.594172	118.173741	118.18497	118.496627	118.507856	
6.60455	118.215241	118.228604	118.538127	118.551489	
6.6147	118.255259	118.26351	118.578145	118.595123	
6.624598	118.29368	118.307143	118.616566	118.630029	
6.634752	118.332507	118.350777	118.655393	118.673662	
6.644891	118.370693	118.385683	118.693579	118.708569	
6.655071	118.408455	118.42059	118.731341	118.752202	
6.667275	118.452797	118.464223	118.775683	118.787109	
6.67539	118.481964	118.49913	118.804849	118.822015	
6.685549	118.517862	118.542763	118.840748	118.856922	
6.6957	118.553128	118.577669	118.876014	118.891829	
6.706202	118.588987	118.612576	118.911873	118.926735	
6.716345	118.623051	118.647483	118.945937	118.961642	
6.726172	118.655464	118.682389	118.97835	118.996548	
6.736308	118.68832	118.708569	119.011206	119.031455	
6.746476	118.720698	118.734749	119.043584	119.066362	
6.756663	118.752548	118.769656	119.075434	119.101268	
6.766841	118.783766	118.804562	119.106652	119.136175	
6.777024	118.814405	118.830742	119.13729	119.162355	
6.787142	118.844271	118.856922	119.167157	119.188535	
6.797298	118.873659	118.891829	119.196545	119.223441	
6.807449	118.902459	118.918009	119.225345	119.249621	
6.818566	118.933253	118.944189	119.256139	119.284528	
6.828635	118.960601	118.979095	119.283487	119.310708	
6.838823	118.987666	119.005275	119.310552	119.345614	
6.849177	119.014573	119.031455	119.337458	119.371794	
6.859124	119.039874	119.048908	119.36276	119.397974	
6.869297	119.065146	119.083815	119.388032	119.424154	
6.879445	119.089783	119.101268	119.412669	119.450334	
6.889632	119.113921	119.127448	119.436807	119.476514	
6.899851	119.137553	119.153628	119.460439	119.485241	
6.909936	119.1603	119.171081	119.483186	119.493967	
6.921173	119.184906	119.205988	119.507792	119.511421	
6.931284	119.206496	119.223441	119.529382	119.520147	
6.941415	119.227552	119.240894	119.550438	119.5376	
6.951562	119.248061	119.267074	119.570947	119.555054	
6.969772	119.282618	119.293254	119.605504	119.58996	
6.974385	119.291422	119.310708	119.614308	119.598687	
6.984511	119.310036	119.328161	119.632922	119.624867	
6.994711	119.328199	119.345614	119.651084	119.64232	
7.004803	119.345612	119.363068	119.668498	119.659774	
7.014959	119.362571	119.380521	119.685457	119.677227	
7.025228	119.379131	119.397974	119.702017	119.69468	
7.043293	119.406066	119.415427	119.728952	119.738313	
7.04788	119.412959	119.432881	119.735845	119.74704	
7.058016	119.427484	119.441607	119.750369	119.764493	
7.068239	119.441563	119.450334	119.764449	119.790673	
7.078336	119.454916	119.467787	119.777802	119.808127	
7.088537	119.467848	119.485241	119.790734	119.82558	
7.098714	119.480187	119.502694	119.803073	119.834306	
7.108816	119.491893	119.511421	119.814779	119.843033	
7.119002	119.503142	119.520147	119.826028	119.843033	
7.12959	119.514232	119.5376	119.837118	119.843033	
7.139377	119.523989	119.555054	119.846875	119.834306	
7.149523	119.533555	119.56378	119.856441	119.834306	
7.159648	119.542596	119.572507	119.865482	119.834306	
7.169863	119.551122	119.572507	119.874008	119.834306	
7.180006	119.559086	119.572507	119.881972	119.834306	
7.19015	119.566528	119.572507	119.889414	119.834306	
7.200262	119.573429	119.572507	119.896315	119.843033	
7.212235	119.580829	119.572507	119.903714	119.860486	
7.224989	119.587894	119.572507	119.91078	119.869213	
7.232601	119.591925	119.572507	119.914811	119.87794	
7.243344	119.596989	119.581234	119.919875	119.895393	
7.253308	119.601244	119.58996	119.92413	119.90412	
7.263442	119.605104	119.58996	119.92799	119.921573	
7.273556	119.608507	119.598687	119.931393	119.9303	
7.283808	119.611503	119.607414	119.934389	119.939026	
7.294099	119.61408	119.607414	119.936966	119.939026	
7.304062	119.616197	119.61614	119.939082	119.947753	
7.314242	119.617978	119.624867	119.940864	119.947753	
7.324541	119.623394	119.624867	119.94628	119.939026	
7.33473	119.623394	119.633594	119.94628	119.939026	
7.344667	119.623394	119.633594	119.94628	119.9303	
7.355217	119.623394	119.624867	119.94628	119.921573	
7.365387	119.623394	119.624867	119.94628	119.921573	
7.375901	119.623394	119.624867	119.94628	119.921573	
7.385751	119.623394	119.624867	119.94628	119.921573	
7.395879	119.623394	119.624867	119.94628	119.921573	
7.405959	119.623394	119.624867	119.94628	119.9303	
7.416082	119.623394	119.624867	119.94628	119.939026	
7.426299	119.623394	119.624867	119.94628	119.947753	
7.436367	119.623394	119.624867	119.94628	119.956479	
7.446541	119.623394	119.624867	119.94628	119.956479	
7.456698	119.623394	119.624867	119.94628	119.965206	
7.474946	119.623394	119.624867	119.94628	119.965206	
7.479546	119.623394	119.624867	119.94628	119.965206	
7.489738	119.623394	119.624867	119.94628	119.965206	
7.499954	119.623394	119.624867	119.94628	119.965206	
7.510077	119.623394	119.624867	119.94628	119.956479	
7.520196	119.623394	119.624867	119.94628	119.956479	
7.530409	119.623394	119.624867	119.94628	119.956479	
7.54053	119.623394	119.624867	119.94628	119.956479	
7.550677	119.623394	119.624867	119.94628	119.956479	
7.560878	119.623394	119.624867	119.94628	119.956479	
7.570979	119.623394	119.624867	119.94628	119.956479	
7.581123	119.623394	119.624867	119.94628	119.956479	
7.591339	119.623394	119.624867	119.94628	119.956479	
7.601483	119.623394	119.624867	119.94628	119.956479	
7.61165	119.623394	119.624867	119.94628	119.956479	
7.621811	119.623394	119.624867	119.94628	119.956479	
7.631909	119.623394	119.624867	119.94628	119.956479	
7.642114	119.623394	119.624867	119.94628	119.956479	
7.652245	119.623394	119.624867	119.94628	119.956479	
7.662379	119.623394	119.624867	119.94628	119.956479	
7.672877	119.623394	119.624867	119.94628	119.956479	
7.683343	119.623394	119.624867	119.94628	119.956479	
7.693125	119.623394	119.624867	119.94628	119.956479	
7.70327	119.623394	119.624867	119.94628	119.956479	
7.713466	119.623394	119.624867	119.94628	119.956479	
7.723622	119.623394	119.624867	119.94628	119.956479	
7.733753	119.623394	119.624867	119.94628	119.956479	
7.743967	119.623394	119.624867	119.94628	119.956479	
7.754091	119.623394	119.624867	119.94628	119.956479	
7.764213	119.623394	119.624867	119.94628	119.956479	
7.774624	119.623394	119.624867	119.94628	119.956479	
7.784497	119.623394	119.624867	119.94628	119.956479	
7.794871	119.623394	119.624867	119.94628	119.956479	
7.804825	119.623394	119.624867	119.94628	119.956479	
7.814972	119.623394	119.624867	119.94628	119.956479	
7.82514	119.623394	119.624867	119.94628	119.956479	
7.835391	119.623394	119.624867	119.94628	119.956479	
7.845463	119.623394	119.624867	119.94628	119.956479	
7.855546	119.623394	119.624867	119.94628	119.956479	
7.865996	119.623394	119.624867	119.94628	119.956479	
7.875909	119.623394	119.624867	119.94628	119.956479	
7.885996	119.623394	119.624867	119.94628	119.956479	
7.896145	119.623394	119.624867	119.94628	119.956479	
7.90639	119.623394	119.624867	119.94628	119.956479	
7.916459	119.623394	119.624867	119.94628	119.956479	
7.926623	119.623394	119.624867	119.94628	119.956479	
7.936822	119.623394	119.624867	119.94628	119.956479	
7.946959	119.623394	119.624867	119.94628	119.956479	
7.957124	119.623394	119.624867	119.94628	119.956479	
7.967274	119.623394	119.624867	119.94628	119.956479	
7.977439	119.623394	119.624867	119.94628	119.956479	
7.987613	119.623394	119.624867	119.94628	119.956479	
8.015688	119.623394	119.624867	119.94628	119.956479	
8.020878	119.623394	119.624867	119.94628	119.956479	
8.032066	119.623394	119.624867	119.94628	119.956479	
