0.03716567	
0.0419125	
0.05185115	
0.06199179	
0.07218542	
0.08275404	
0.0924637	
0.1026423	
0.113096	
0.1228606	
0.1330692	
0.1431589	
0.1532875	
0.1634152	
0.1735628	
0.1837444	
0.1941711	
0.2042887	
0.2144953	
0.224523	
0.2349806	
0.2448013	
0.2549809	
0.2650985	
0.2752062	
0.2938315	
0.2982043	
0.308341	
0.3185636	
0.3286163	
0.3387909	
0.3489815	
0.3591212	
0.3692268	
0.3793504	
0.3895341	
0.3997067	
0.4100623	
0.419989	
0.4300846	
0.4402123	
0.4503999	
0.4605415	
0.4707352	
0.4808568	
0.4909925	
0.5012041	
0.5112977	
0.5214754	
0.531587	
0.5417376	
0.5519233	
0.5620129	
0.5720996	
0.5823142	
0.5924938	
0.6026435	
0.6127451	
0.6228607	
0.6330064	
0.643144	
0.6532927	
0.6634253	
0.6735609	
0.6837106	
0.6939502	
0.7041238	
0.7142085	
0.7243501	
0.7345418	
0.7445764	
0.754828	
0.7748963	
0.7792202	
0.7987285	
0.8032663	
0.8132619	
0.8233796	
0.8335142	
0.8436549	
0.8537935	
0.8640561	
0.8740938	
0.8841674	
0.9045987	
0.9095745	
0.9190822	
0.9291928	
0.9393444	
0.9494771	
0.9596637	
0.9719553	
0.979955	
0.9901066	
1.000208	
1.010355	
1.020547	
1.030759	
1.040831	
1.050984	
1.061144	
1.071286	
1.081399	
1.091594	
1.101724	
1.111902	
1.122012	
1.132131	
1.142313	
1.152428	
1.164374	
1.179826	19.654556	19.6524074	20.0123485	20.0101999	
1.184675	19.6552168	19.6524074	20.0130093	20.0101999	
1.194821	19.657378	19.661134	20.0151705	20.0101999	
1.204901	19.6601331	19.661134	20.0179256	20.0189265	
1.215063	19.6635336	19.661134	20.0213261	20.0189265	
1.225235	19.6675605	19.6698607	20.025353	20.0189265	
1.235471	19.6722385	19.6698607	20.030031	20.0276532	
1.245594	19.6774787	19.6698607	20.0352712	20.0363798	
1.255746	19.6833545	19.687314	20.041147	20.0363798	
1.265874	19.6898285	19.687314	20.047621	20.0363798	
1.276079	19.6969811	19.7047673	20.0547736	20.0451065	
1.286686	19.7051042	19.7134939	20.0628967	20.0538331	
1.296744	19.7133967	19.7222205	20.0711892	20.0538331	
1.306901	19.722387	19.7309472	20.0801795	20.0625598	
1.317087	19.7320311	19.7396738	20.0898236	20.0625598	
1.327182	19.7421988	19.7571271	20.0999912	20.0712864	
1.337404	19.7531264	19.7658538	20.1109189	20.0712864	
1.347545	19.7645775	19.7745804	20.12237	20.080013	
1.357742	19.7767274	19.7833071	20.1345199	20.0887397	
1.367886	19.7894173	19.7920337	20.1472098	20.0974663	
1.37798	19.8026553	19.8007604	20.1604478	20.1149196	
1.389251	19.8182539	19.809487	20.1760464	20.1323729	
1.399399	19.83287	19.8269403	20.1906625	20.1498262	
1.409991	19.8488271	19.8269403	20.2066196	20.1760062	
1.419671	19.863923	19.8356669	20.2217155	20.1934594	
1.430144	19.8809592	19.8443936	20.2387516	20.2109127	
1.440176	19.8978516	19.8531202	20.2556441	20.2370927	
1.450091	19.9151417	19.8618469	20.2729342	20.254546	
1.460233	19.9334554	19.8793002	20.2912479	20.2807259	
1.470458	19.952545	19.8967535	20.3103375	20.3069058	
1.480534	19.9719731	19.9142068	20.3297656	20.3330858	
1.491847	19.9945789	19.9316601	20.3523714	20.3505391	
1.502014	20.0154962	19.95784	20.3732887	20.3854457	
1.512171	20.0369879	19.9840199	20.3947804	20.4116256	
1.522282	20.0590117	20.0101999	20.4168042	20.4378055	
1.532392	20.0816538	20.0451065	20.4394463	20.4639855	
1.542676	20.105302	20.080013	20.4630945	20.4901654	
1.552747	20.129069	20.106193	20.4868615	20.5163454	
1.562852	20.1535322	20.1410996	20.5113247	20.5425253	
1.572972	20.1786543	20.1760062	20.5364468	20.5774319	
1.583416	20.2052613	20.2109127	20.5630538	20.6036118	
1.594559	20.2343764	20.2458193	20.5921689	20.6385184	
1.604704	20.2614851	20.2807259	20.6192776	20.6646983	
1.614845	20.2891999	20.3156325	20.6469924	20.6996049	
1.624952	20.3174306	20.3418124	20.6752231	20.7257849	
1.635132	20.3465038	20.3679924	20.7042963	20.7606915	
1.645297	20.3761511	20.3941723	20.7339436	20.7868714	
1.655496	20.4065106	20.4203522	20.7643031	20.821778	
1.665568	20.4370997	20.4465322	20.7948922	20.8479579	
1.67569	20.4684568	20.4727121	20.8262493	20.8741379	
1.686046	20.5011993	20.4901654	20.8589918	20.9090444	
1.69743	20.5380077	20.525072	20.8958002	20.943951	
1.707589	20.5714149	20.5425253	20.9292073	20.970131	
1.71782	20.6056955	20.5687052	20.963488	20.9963109	
1.735817	20.6683793	20.6123385	21.0261718	21.0486708	
1.740314	20.6839798	20.6297918	21.0417723	21.0661241	
1.750571	20.7203672	20.6646983	21.0781597	21.092304	
1.760679	20.7568492	20.6996049	21.1146417	21.1184839	
1.771572	20.7969091	20.7345115	21.1547016	21.1533905	
1.780911	20.8316988	20.7694181	21.1894913	21.1882971	
1.791044	20.8700992	20.821778	21.2278917	21.2144771	
1.80126	20.9094545	20.8654112	21.267247	21.2493836	
1.811478	20.9494321	20.9177711	21.3072246	21.2842902	
1.821595	20.9896334	20.9614043	21.3474259	21.3191968	
1.831725	21.0304984	21.0137642	21.3882909	21.3541034	
1.84194	21.0723683	21.0573974	21.4301608	21.3977366	
1.852059	21.1145381	21.1010307	21.4723306	21.4326432	
1.862191	21.1571487	21.1533905	21.5149412	21.4850031	
1.872328	21.2005073	21.2057504	21.5582998	21.5286363	
1.882402	21.2442031	21.2581103	21.6019956	21.5722696	
1.893053	21.2911325	21.3017435	21.648925	21.6246294	
1.902866	21.3348886	21.3453768	21.6926811	21.6769893	
1.913267	21.3819668	21.3977366	21.7397593	21.7293492	
1.923048	21.426768	21.4326432	21.7845605	21.7817091	
1.933238	21.4740688	21.4850031	21.8318613	21.8253423	
1.943353	21.521666	21.5199097	21.8794585	21.8864288	
1.953497	21.5700037	21.5635429	21.9277962	21.9300621	
1.963616	21.6188113	21.6071761	21.9766038	21.9824219	
1.973744	21.6683223	21.6508094	22.0261148	22.0347818	
1.991932	21.7596499	21.6944426	22.1174424	22.1307749	
1.996494	21.7824589	21.7555291	22.1402514	22.1482282	
2.006796	21.834885	21.7991624	22.1926775	22.2005881	
2.01687	21.8866655	21.8515222	22.244458	22.252948	
2.027012	21.9394721	21.9038821	22.2972646	22.3053078	
2.037161	21.9929228	21.956242	22.3507153	22.3489411	
2.047322	22.0470781	22.0086019	22.4048706	22.4013009	
2.057443	22.1016122	22.0609617	22.4594047	22.4449342	
2.067645	22.1572428	22.1220483	22.5150353	22.4972941	
2.077814	22.2132464	22.1831348	22.5710389	22.5496539	
2.088179	22.2710423	22.2354947	22.6288348	22.6107405	
2.098329	22.3282289	22.2965812	22.6860214	22.6631003	
2.108614	22.3868151	22.3576677	22.7446076	22.7241869	
2.118833	22.4456557	22.4100276	22.8034482	22.7765467	
2.128881	22.5040711	22.4798408	22.8618636	22.8376333	
2.13907	22.563981	22.5322006	22.9217735	22.8987198	
2.149207	22.6241944	22.6020138	22.9819869	22.9598063	
2.159388	22.6852864	22.6631003	23.0430789	23.0208928	
2.169493	22.7465512	22.7329135	23.1043437	23.0819794	
2.179676	22.8088764	22.794	23.1666689	23.1430659	
2.189876	22.8719426	22.8550866	23.2297351	23.2128791	
2.210417	23.0021673	22.9859862	23.3599598	23.3437787	
2.215324	23.0331879	23.0208928	23.3909804	23.3699587	
2.225127	23.0958287	23.0819794	23.4536212	23.4397719	
2.235269	23.161303	23.1430659	23.5190955	23.5008584	
2.245493	23.2279298	23.2128791	23.5857223	23.5706715	
2.256064	23.2975262	23.2826922	23.6553187	23.6492114	
2.265912	23.3628844	23.3437787	23.7206769	23.7102979	
2.276324	23.4327021	23.4135919	23.7904946	23.7801111	
2.286245	23.4997708	23.4746784	23.8575633	23.8499242	
2.296352	23.5687225	23.5444916	23.926515	23.9197374	
2.30898	23.6560163	23.6143048	24.0138088	23.9982772	
2.316779	23.7100548	23.6841179	24.0678473	24.0680904	
2.326921	23.7810711	23.7539311	24.1388636	24.1379036	
2.337036	23.8525465	23.8324709	24.210339	24.2077167	
2.347167	23.9247513	23.9110108	24.2825438	24.2862565	
2.357657	24.0002009	23.9808239	24.3579934	24.3560697	
2.367487	24.0714501	24.0506371	24.4292426	24.4346095	
2.37764	24.1456763	24.1291769	24.5034688	24.5044227	
2.387813	24.2206405	24.2077167	24.578433	24.5742359	
2.397932	24.2958415	24.2862565	24.653634	24.644049	
2.408179	24.3726202	24.3647964	24.7304127	24.7225889	
2.418322	24.4493023	24.4520628	24.8070948	24.8011287	
2.428427	24.526202	24.521876	24.8839945	24.8796685	
2.438611	24.6043661	24.6091425	24.9621586	24.9582083	
2.448723	24.6825965	24.6964089	25.040389	25.0280215	
2.458849	24.7615666	24.7749487	25.1193591	25.1152879	
2.46903	24.8415656	24.8534885	25.1993581	25.1938278	
2.479197	24.9220903	24.940755	25.2798828	25.2723676	
2.489354	25.0031303	25.0105682	25.3609228	25.359634	
2.499507	25.0847809	25.0978346	25.4425734	25.4381738	
2.509628	25.1667962	25.1763745	25.5245887	25.5254403	
2.522456	25.2718517	25.2723676	25.6296442	25.6301601	
2.532473	25.3543367	25.3509074	25.7121292	25.7174265	
2.542719	25.4393781	25.4294472	25.7971706	25.7959663	
2.552807	25.5237137	25.5167137	25.8815062	25.8832328	
2.563149	25.610848	25.5952535	25.9686405	25.9617726	
2.573042	25.6947486	25.6737933	26.0525411	26.0490391	
2.5832	25.7815324	25.7610598	26.1393249	26.1363055	
2.593394	25.8693006	25.8483262	26.2270931	26.2148454	
2.603487	25.956686	25.9355927	26.3144785	26.3021118	
2.61364	26.0453342	26.0228591	26.4031267	26.3893783	
2.623861	26.1352053	26.1188523	26.4929978	26.4766448	
2.641875	26.29581	26.2148454	26.6536025	26.6337244	
2.646411	26.336171	26.3282918	26.6939635	26.668631	
2.656523	26.4270272	26.4242849	26.7848197	26.7646241	
2.666715	26.5192006	26.520278	26.8769931	26.8606172	
2.676864	26.6116201	26.6162711	26.9694126	26.9478837	
2.687057	26.705028	26.7209908	27.0628205	27.0438768	
2.6972	26.7986302	26.816984	27.1564227	27.1398699	
2.707315	26.8925779	26.9129771	27.2503704	27.235863	
2.719962	27.0111838	27.0002435	27.3689763	27.3318561	
2.727739	27.0842772	27.0962366	27.4420697	27.4365758	
2.737824	27.1797535	27.1922297	27.537546	27.532569	
2.747995	27.2766863	27.2794962	27.6344788	27.6372887	
2.758114	27.3737457	27.384216	27.7315382	27.7332818	
2.770297	27.4916976	27.4714824	27.8494901	27.8554549	
2.778451	27.570747	27.5674755	27.9285395	27.9427213	
2.798276	27.766348	27.7507351	28.1241405	28.1347075	
2.802843	27.8112684	27.7943683	28.1690609	28.1870674	
2.813241	27.914492	27.8903614	28.2722845	28.2830605	
2.825699	28.0391584	27.9950812	28.3969509	28.4139602	
2.833299	28.1154043	28.099801	28.4731968	28.4837734	
2.843427	28.217714	28.2045207	28.5755065	28.5884931	
2.853606	28.3212029	28.3005138	28.6789954	28.6932129	
2.863703	28.4244365	28.4139602	28.782229	28.789206	
2.873844	28.5288005	28.51868	28.886593	28.8851991	
2.884044	28.6346904	28.6233997	28.9924829	28.9899189	
2.894161	28.7397172	28.7281195	29.0975097	29.0946386	
2.904349	28.846316	28.8328392	29.2041085	29.1906317	
2.91488	28.9572665	28.9462856	29.315059	29.3040781	
2.926981	29.0857457	29.0510054	29.4435382	29.4087979	
2.943428	29.262118	29.2517183	29.6199105	29.6007841	
2.947944	29.3103993	29.3040781	29.6681918	29.6444173	
2.958142	29.4205114	29.4087979	29.7783039	29.7578637	
2.968287	29.5306132	29.5222443	29.8884057	29.8625835	
2.978421	29.6412443	29.6356907	29.9990368	29.9673033	
2.988588	29.7509658	29.7404105	30.1087583	30.0807497	
2.998816	29.8607359	29.8451302	30.2185284	30.1941961	
3.008913	29.9685325	29.9585766	30.326325	30.2989158	
3.019016	30.0757469	30.072023	30.4335394	30.4123622	
3.031234	30.2045347	30.1767428	30.5623272	30.5519886	
3.039391	30.2901473	30.2814625	30.6479398	30.6479817	
3.049512	30.3957063	30.3949089	30.7534988	30.7614281	
3.059669	30.5010919	30.5083553	30.8588844	30.8748745	
3.069779	30.6053458	30.6218017	30.9631383	30.9883209	
3.079987	30.7100118	30.7352481	31.0678043	31.1017673	
3.090133	30.8134657	30.8399679	31.1712582	31.206487	
3.100286	30.9163307	30.9534143	31.2741232	31.3199334	
3.110466	31.018886	31.0668607	31.3766785	31.4246532	
3.120549	31.1198462	31.1715804	31.4776387	31.5293729	
3.132353	31.2372354	31.2763002	31.5950279	31.6340927	
3.141066	31.3234353	31.38102	31.6812278	31.7388124	
3.15127	31.4237117	31.4770131	31.7815042	31.8348056	
3.1614	31.5231991	31.5730062	31.8809916	31.9395253	
3.171829	31.6249981	31.6689993	31.9827906	32.0355184	
3.181725	31.7194935	31.7649924	32.077286	32.1315115	
3.19187	31.8167973	31.8522588	32.1745898	32.2275046	
3.202005	31.913427	31.948252	32.2712195	32.3234977	
3.212173	32.0097311	32.0355184	32.3675236	32.4107642	
3.222285	32.1049399	32.1315115	32.4627324	32.4980307	
3.235014	32.2237533	32.218778	32.5815458	32.5852971	
3.242647	32.2946915	32.3060445	32.652484	32.6725636	
3.252758	32.3880248	32.3933109	32.7458173	32.7598301	
3.262925	32.4812905	32.4805774	32.839083	32.8470965	
3.273014	32.5732148	32.5765705	32.9310073	32.934363	
3.283471	32.6678899	32.663837	33.0256824	33.0216294	
3.293389	32.757077	32.7598301	33.1148695	33.1088959	
3.303475	32.8471519	32.8470965	33.2049444	33.1961624	
3.313605	32.9370483	32.9430896	33.2948408	33.2921555	
3.32377	33.0266444	33.0390827	33.3844369	33.3794219	
3.342183	33.1865771	33.1263492	33.5443696	33.5452282	
3.346817	33.2267592	33.2485223	33.5845517	33.5975881	
3.356961	33.314201	33.3357887	33.6719935	33.6848546	
3.367107	33.4009847	33.4317818	33.7587772	33.772121	
3.377237	33.4870945	33.5277749	33.844887	33.8593875	
3.387424	33.5730162	33.6150414	33.9308087	33.9553806	
3.39763	33.6585337	33.7023079	34.0163262	34.0513737	
3.407728	33.742548	33.7895743	34.1003405	34.1386402	
3.417887	33.8264266	33.8768408	34.1842191	34.2259066	
3.428024	33.9095267	33.946654	34.2673192	34.3131731	
3.440347	34.0096465	34.0339204	34.367439	34.3917129	
3.448424	34.0749113	34.1037336	34.4327038	34.4789794	
3.458524	34.1558698	34.1822734	34.5136623	34.5575192	
3.468695	34.2368101	34.2608132	34.5946026	34.6447857	
3.47887	34.3171878	34.3306264	34.6749803	34.7233255	
3.488998	34.3965835	34.4004396	34.754376	34.7931386	
3.499133	34.4754288	34.4789794	34.8332213	34.8716785	
3.509321	34.5540811	34.5575192	34.9118736	34.9414916	
3.519449	34.6316603	34.6273324	34.9894528	35.0113048	
3.529601	34.7088458	34.7058722	35.0666383	35.081118	
3.541767	34.8004083	34.7756853	35.1582008	35.1509311	
3.549973	34.8618068	34.8542252	35.2195993	35.2207443	
3.560143	34.9372256	34.9240383	35.2950181	35.2905575	
3.570199	35.0112293	35.0025781	35.3690218	35.3603706	
3.580349	35.0853668	35.081118	35.4431593	35.4301838	
3.590574	35.1593982	35.1596578	35.5171907	35.499997	
3.600712	35.2322048	35.2381976	35.5899973	35.5698102	
3.610853	35.304428	35.3080108	35.6622205	35.6396233	
3.620998	35.3760951	35.3778239	35.7338876	35.7094365	
3.631142	35.447129	35.4563638	35.8049215	35.7879763	
3.641316	35.5177361	35.5349036	35.8755286	35.8577895	
3.651515	35.5879865	35.6047167	35.945779	35.9363293	
3.661681	35.6573013	35.6745299	36.0150938	36.0061425	
3.671796	35.7257092	35.7443431	36.0835017	36.0846823	
3.681921	35.7935889	35.8141563	36.1513813	36.1544955	
3.692027	35.8607548	35.8839694	36.2185472	36.2243086	
3.702232	35.927957	35.9450559	36.2857495	36.2941218	
3.712403	35.9942966	36.0061425	36.3520891	36.363935	
3.722495	36.0595637	36.0759556	36.4173562	36.4337481	
3.732638	36.1245358	36.1370422	36.4823283	36.5035613	
3.743107	36.1909805	36.1981287	36.548773	36.5733745	
3.753025	36.2533618	36.2679419	36.6111543	36.634461	
3.763124	36.3162154	36.3203017	36.6740079	36.6955475	
3.774483	36.3861779	36.3901149	36.7439704	36.7653607	
3.783596	36.4418118	36.4512014	36.7996043	36.8264472	
3.793747	36.5032374	36.512288	36.8610299	36.8875337	
3.803956	36.5643412	36.5646478	36.9221337	36.9398936	
3.814124	36.6246301	36.634461	36.9824226	37.0009801	
3.824285	36.6842492	36.6868209	37.0420417	37.05334	
3.834336	36.7426342	36.756634	37.1004267	37.1056999	
3.844791	36.8027535	36.8089939	37.160546	37.1667864	
3.854797	36.8596903	36.8788071	37.2174828	37.2191463	
3.864891	36.9165285	36.931167	37.274321	37.2802328	
3.874959	36.9726112	36.9922535	37.3304037	37.3325927	
3.885149	37.0287897	37.05334	37.3865822	37.3849526	
3.89535	37.0843977	37.1056999	37.4421902	37.4460391	
3.905531	37.139307	37.1580598	37.4970995	37.498399	
3.915646	37.19329	37.2191463	37.5510825	37.5507589	
3.925727	37.2464198	37.2715062	37.6042123	37.6118454	
3.935862	37.2992898	37.3238661	37.6570823	37.6642053	
3.946049	37.3518226	37.3674993	37.7096151	37.7165651	
3.956466	37.4048948	37.4198592	37.7626873	37.768925	
3.966639	37.4561217	37.472219	37.8139142	37.8300115	
3.976723	37.5062848	37.5245789	37.8640773	37.8823714	
3.986894	37.5563134	37.5769388	37.9141059	37.9347313	
3.997017	37.6054995	37.620572	37.963292	37.9783645	
4.007209	37.6543842	37.6642053	38.0121767	38.0307244	
4.017343	37.7024263	37.7165651	38.0602188	38.0830843	
4.027508	37.7500163	37.7601984	38.1078087	38.1267175	
4.037702	37.7970941	37.8038316	38.1548866	38.1790774	
4.047781	37.8430974	37.8561915	38.2008899	38.2227106	
4.059082	37.8938692	37.8998247	38.2516617	38.2750705	
4.06926	37.9390341	37.9434579	38.2968266	38.3187037	
4.079403	37.9834458	37.9958178	38.3412383	38.362337	
4.089628	38.0275928	38.0307244	38.3853853	38.3972435	
4.09969	38.0704646	38.0830843	38.4282571	38.4408768	
4.109883	38.1132739	38.1267175	38.4710664	38.48451	
4.120022	38.155281	38.1703507	38.5130735	38.5194166	
4.130139	38.1965747	38.2052573	38.5543671	38.5630498	
4.140354	38.2376797	38.2488906	38.5954722	38.6066831	
4.150448	38.277702	38.2925238	38.6354945	38.6415896	
4.161946	38.322493	38.336157	38.6802855	38.6852229	
4.172021	38.3611948	38.3797903	38.7189873	38.7288561	
4.182207	38.3996956	38.4146968	38.7574881	38.7637627	
4.192404	38.4376501	38.4583301	38.7954426	38.7986693	
4.202478	38.4745555	38.4932367	38.832348	38.8423025	
4.212666	38.5112886	38.5368699	38.8690811	38.8772091	
4.222886	38.5475005	38.5717765	38.905293	38.9208423	
4.232948	38.5825925	38.6066831	38.940385	38.9557489	
4.243068	38.6173	38.6415896	38.9750925	38.9906555	
4.253379	38.6520393	38.6764962	39.0098318	39.0255621	
4.264884	38.69001	38.7114028	39.0478025	39.0691953	
4.274715	38.7219194	38.7375827	39.0797119	39.1041019	
4.284978	38.7546247	38.7637627	39.1124172	39.1390085	
4.295004	38.7859965	38.7986693	39.143789	39.1739151	
4.305171	38.8172287	38.8335759	39.1750212	39.2088216	
4.315286	38.8476876	38.8597558	39.2054801	39.2350016	
4.333378	38.8999004	38.9121157	39.2576929	39.2960881	
4.337924	38.9130779	38.929569	39.2708704	39.3048148	
4.34806	38.9417077	38.9557489	39.2995001	39.3397213	
4.358369	38.9702257	38.9819288	39.3280182	39.3746279	
4.368501	38.9976638	39.0081088	39.3554563	39.4008079	
4.378587	39.0243739	39.0430154	39.3821664	39.4269878	
4.388772	39.0507718	39.0691953	39.4085643	39.4444411	
4.398983	39.0766366	39.0953752	39.4344291	39.4531677	
4.409039	39.101537	39.1128285	39.4593295	39.4618944	
4.419227	39.1261789	39.1477351	39.4839714	39.4793477	
4.429397	39.1501758	39.1651884	39.5079683	39.496801	
4.439483	39.1734082	39.1913684	39.5312007	39.5142543	
4.449624	39.1961758	39.2175483	39.5539683	39.5229809	
4.459756	39.2183504	39.2350016	39.5761429	39.5491609	
4.470168	39.2405201	39.2524549	39.5983126	39.5666141	
4.480376	39.2616605	39.2786348	39.6194529	39.5840674	
4.490411	39.2818816	39.2960881	39.6396741	39.618974	
4.500578	39.3017867	39.3135414	39.6595792	39.6364273	
4.510747	39.3211071	39.3309947	39.6788996	39.6626073	
4.520895	39.3398211	39.348448	39.6976136	39.6887872	
4.531024	39.3579155	39.3571746	39.715708	39.7062405	
4.5412	39.3755288	39.3833546	39.7333213	39.7324204	
4.551334	39.3924846	39.3920812	39.7502771	39.7586004	
4.56178	39.4094959	39.4095345	39.7672884	39.7760537	
4.572768	39.4264104	39.4269878	39.7842029	39.8022336	
4.582929	39.4416221	39.4531677	39.7994146	39.8284135	
4.593044	39.456212	39.4618944	39.8140044	39.8458668	
4.603143	39.4702167	39.4793477	39.8280092	39.8545935	
4.6134	39.4838643	39.496801	39.8416568	39.8633201	
4.623445	39.4966781	39.5142543	39.8544706	39.8720468	
4.633584	39.5090543	39.5317076	39.8668468	39.8720468	
4.643741	39.5208891	39.5491609	39.8786816	39.8720468	
4.653933	39.532204	39.5578875	39.8899965	39.8807734	
4.664512	39.5433374	39.5666141	39.9011299	39.8807734	
4.675709	39.5544382	39.5666141	39.9122307	39.8895001	
4.685615	39.5637596	39.5666141	39.9215521	39.8982267	
4.695663	39.5726861	39.5666141	39.9304786	39.9069533	
4.705788	39.5811426	39.5666141	39.9389351	39.9244066	
4.716053	39.5891674	39.5666141	39.9469599	39.9331333	
4.726225	39.5965889	39.5666141	39.9543814	39.9505866	
4.736433	39.6035032	39.5753408	39.9612957	39.9593132	
4.746558	39.6098487	39.5840674	39.9676412	39.9680399	
4.756682	39.6156838	39.5840674	39.9734763	39.9854932	
4.766914	39.6210674	39.5927941	39.9788599	39.9854932	
4.779603	39.6268927	39.6015207	39.9846852	39.9854932	
4.799758	39.6338996	39.6015207	39.9916921	39.9767665	
4.804338	39.6355859	39.6102474	39.9933784	39.9680399	
4.814428	39.6387267	39.618974	39.9965192	39.9680399	
4.824712	39.6415114	39.6277007	39.9993039	39.9680399	
4.834755	39.6438494	39.6364273	40.0016419	39.9680399	
4.844885	39.6458335	39.645154	40.003626	39.9767665	
4.855081	39.647476	39.6538806	40.0052685	39.9854932	
4.865141	39.6524074	39.6538806	40.0101999	39.9854932	
4.875308	39.6524074	39.6538806	40.0101999	40.0029465	
4.885656	39.6524074	39.6538806	40.0101999	40.0116731	
4.895666	39.6524074	39.6626073	40.0101999	40.0203997	
4.90582	39.6524074	39.6626073	40.0101999	40.0291264	
4.916663	39.6524074	39.6626073	40.0101999	40.037853	
4.92611	39.6524074	39.6538806	40.0101999	40.037853	
4.936308	39.6524074	39.6538806	40.0101999	40.037853	
4.946359	39.6524074	39.6538806	40.0101999	40.037853	
4.956552	39.6524074	39.6538806	40.0101999	40.0291264	
4.966686	39.6524074	39.6538806	40.0101999	40.0203997	
4.976824	39.6524074	39.6538806	40.0101999	40.0203997	
4.987548	39.6524074	39.6538806	40.0101999	40.0029465	
4.997146	39.6524074	39.6538806	40.0101999	40.0029465	
5.007292	39.6524074	39.6538806	40.0101999	39.9942198	
5.017413	39.6524074	39.6538806	40.0101999	39.9942198	
5.027605	39.6524074	39.6538806	40.0101999	39.9854932	
5.037806	39.6524074	39.6538806	40.0101999	39.9854932	
5.047911	39.6524074	39.6538806	40.0101999	39.9854932	
5.058058	39.6524074	39.6538806	40.0101999	39.9854932	
5.068182	39.6524074	39.6538806	40.0101999	39.9854932	
5.078374	39.6524074	39.6538806	40.0101999	39.9942198	
5.088538	39.6524074	39.6538806	40.0101999	40.0029465	
5.098702	39.6524074	39.6538806	40.0101999	40.0116731	
5.108854	39.6524074	39.6538806	40.0101999	40.0203997	
5.11908	39.6524074	39.6538806	40.0101999	40.0291264	
5.129157	39.6524074	39.6538806	40.0101999	40.037853	
5.139339	39.6524074	39.6538806	40.0101999	40.0465797	
5.149574	39.6524074	39.6538806	40.0101999	40.037853	
5.159679	39.6524074	39.6538806	40.0101999	40.037853	
5.169794	39.6524074	39.6538806	40.0101999	40.0291264	
5.179979	39.6524074	39.6538806	40.0101999	40.0203997	
5.190139	39.6524074	39.6538806	40.0101999	40.0116731	
5.200738	39.6524074	39.6538806	40.0101999	40.0029465	
5.210474	39.6524074	39.6538806	40.0101999	40.0029465	
5.220626	39.6524074	39.6538806	40.0101999	39.9942198	
5.230829	39.6524074	39.6538806	40.0101999	39.9854932	
5.240896	39.6524074	39.6538806	40.0101999	39.9767665	
5.251103	39.6524074	39.6538806	40.0101999	39.9680399	
5.261186	39.6524074	39.6538806	40.0101999	39.9680399	
5.271455	39.6524074	39.6538806	40.0101999	39.9680399	
5.281557	39.6524074	39.6538806	40.0101999	39.9767665	
5.291865	39.6524074	39.6538806	40.0101999	39.9854932	
5.30188	39.6524074	39.6538806	40.0101999	39.9942198	
5.312043	39.6524074	39.6538806	40.0101999	40.0029465	
5.322184	39.6524074	39.6538806	40.0101999	40.0203997	
5.332346	39.6524074	39.6538806	40.0101999	40.0291264	
5.342461	39.6524074	39.6538806	40.0101999	40.037853	
5.352652	39.6524074	39.6538806	40.0101999	40.0465797	
5.362807	39.6524074	39.6538806	40.0101999	40.0553063	
5.372912	39.6524074	39.6538806	40.0101999	40.0553063	
5.383088	39.6524074	39.6538806	40.0101999	40.0553063	
5.393197	39.6524074	39.6538806	40.0101999	40.0465797	
5.403338	39.6524074	39.6538806	40.0101999	40.037853	
5.414211	39.6524074	39.6538806	40.0101999	40.0291264	
5.423663	39.6524074	39.6538806	40.0101999	40.0203997	
5.433787	39.6524074	39.6538806	40.0101999	40.0029465	
5.451939	39.6524074	39.6538806	40.0101999	39.9854932	
5.456573	39.6524074	39.6538806	40.0101999	39.9767665	
5.466688	39.6524074	39.6538806	40.0101999	39.9680399	
5.476872	39.6524074	39.6538806	40.0101999	39.9680399	
5.487095	39.6524074	39.6538806	40.0101999	39.9680399	
5.497128	39.6524074	39.6538806	40.0101999	39.9767665	
5.50732	39.6524074	39.6538806	40.0101999	39.9854932	
5.517588	39.6524074	39.6538806	40.0101999	39.9942198	
5.527655	39.6524074	39.6538806	40.0101999	40.0029465	
5.537795	39.6524074	39.6538806	40.0101999	40.0116731	
5.547914	39.6524074	39.6538806	40.0101999	40.0203997	
5.558111	39.6524074	39.6538806	40.0101999	40.0291264	
5.568268	39.6524074	39.6538806	40.0101999	40.037853	
5.578405	39.6524074	39.6538806	40.0101999	40.0465797	
5.588736	39.6524074	39.6538806	40.0101999	40.0553063	
5.598714	39.6524074	39.6538806	40.0101999	40.0553063	
5.608886	39.6524074	39.6538806	40.0101999	40.0465797	
5.619068	39.6524074	39.6538806	40.0101999	40.037853	
5.629153	39.6524074	39.6538806	40.0101999	40.0291264	
5.656206	39.6524074	39.6538806	40.0101999	40.0029465	
5.660963	39.6524074	39.6538806	40.0101999	39.9942198	
5.672668	39.6524074	39.6538806	40.0101999	39.9767665	
