0.04489911	
0.0497809	
0.05958049	
0.06971807	
0.07989264	
0.09008321	
0.1002378	
0.1105853	
0.1204829	
0.1310085	
0.1408161	
0.1509626	
0.1610732	
0.1712598	
0.1814394	
0.1915759	
0.2017295	
0.2117791	
0.2219717	
0.2320572	
0.2422288	
0.2523844	
0.2625379	
0.2726295	
0.2827721	
0.3007793	
0.3051182	
0.3152997	
0.3254133	
0.3355569	
0.3457344	
0.355863	
0.3660076	
0.3761632	
0.3863117	
0.3965363	
0.4066189	
0.4167855	
0.427023	
0.4370816	
0.4472222	
0.4574957	
0.4675093	
0.4777059	
0.4878045	
0.497985	
0.5081276	
0.5183022	
0.5284698	
0.5386063	
0.5487539	
0.5588915	
0.569045	
0.5792326	
0.5893332	
0.5994798	
0.6096033	
0.6198049	
0.6298925	
0.6401161	
0.6502116	
0.6603512	
0.6704798	
0.6806433	
0.6907859	
0.7009295	
0.7110661	
0.7212066	
0.7314022	
0.7415518	
0.7516334	
0.7618599	
0.7719245	
0.7820501	
0.7921947	
0.8023932	
0.8125778	
0.8226464	
0.8328889	
0.8430315	
0.8534831	
0.8635526	
0.8737372	
0.8838508	
0.8939954	
0.9041829	
0.9143165	
0.9245421	
0.9346417	
0.9447902	
0.9549888	
0.9651034	
0.9752489	
0.9853535	
0.9955481	
1.005675	
1.015824	
1.026016	
1.036157	
1.046295	
1.056442	
1.066617	
1.076768	
1.086903	
1.097053	
1.107258	
1.117365	
1.127853	
1.147245	
1.15162	
1.161856	
1.172343	
1.182026	
1.192149	
1.20229	
1.214693	
1.222854	
1.232683	
1.25125	
1.256149	
1.265761	
1.27585	
1.285962	
1.296156	
1.306308	
1.316509	
1.326603	
1.336752	
1.346919	
1.357088	
1.367231	
1.377375	
1.387504	
1.397676	
1.407817	
1.418011	
1.428135	
1.438238	
1.448405	
1.458664	
1.468777	
1.4795	
1.48957	
1.499761	
1.509884	
1.520075	
1.530188	
1.540339	
1.550457	
1.560748	
1.570863	
1.581012	
1.591143	
1.601293	
1.619324	
1.623648	
1.633845	
1.643959	
1.654119	
1.664301	
1.674468	
1.684652	
1.694743	
1.704905	
1.71506	
1.725209	
1.735318	
1.745481	
1.755648	
1.765825	
1.775929	
1.78607	
1.79624	
1.806371	
1.816532	
1.840844	119.586543	119.581234	119.804709	119.7994	
1.845405	119.587394	119.581234	119.80556	119.7994	
1.855519	119.590064	119.581234	119.80823	119.7994	
1.865695	119.593375	119.58996	119.811541	119.808127	
1.876019	119.59738	119.58996	119.815546	119.816853	
1.886134	119.601906	119.58996	119.820072	119.82558	
1.896292	119.607076	119.598687	119.825242	119.834306	
1.906459	119.612869	119.607414	119.831036	119.843033	
1.916645	119.619299	119.607414	119.837465	119.85176	
1.926763	119.626297	119.624867	119.844463	119.85176	
1.937282	119.634255	119.624867	119.852421	119.85176	
1.94722	119.642332	119.64232	119.860498	119.860486	
1.957278	119.651129	119.651047	119.869295	119.860486	
1.967412	119.660613	119.659774	119.87878	119.860486	
1.977561	119.670724	119.677227	119.888891	119.869213	
1.987694	119.681436	119.677227	119.899602	119.869213	
1.997869	119.692813	119.69468	119.910979	119.869213	
2.008032	119.704799	119.69468	119.922966	119.87794	
2.018185	119.717388	119.703407	119.935555	119.886666	
2.028321	119.730573	119.712133	119.94874	119.90412	
2.03855	119.744522	119.712133	119.962688	119.921573	
2.048799	119.759118	119.72086	119.977284	119.939026	
2.058972	119.774217	119.729587	119.992383	119.956479	
2.069098	119.789866	119.729587	120.008032	119.982659	
2.079324	119.80645	119.74704	120.024616	120.008839	
2.089391	119.823085	119.764493	120.041252	120.035019	
2.099566	119.840673	119.781947	120.058839	120.061199	
2.109665	119.858741	119.7994	120.076908	120.078653	
2.119852	119.87759	119.82558	120.095756	120.104832	
2.12997	119.89693	119.85176	120.115096	120.131012	
2.14214	119.921154	119.886666	120.13932	120.157192	
2.152171	119.941651	119.921573	120.159817	120.183372	
2.162284	119.962934	119.965206	120.1811	120.200826	
2.172419	119.984884	120.000113	120.20305	120.218279	
2.182642	120.007654	120.026293	120.225821	120.244459	
2.192784	120.03085	120.061199	120.249016	120.270639	
2.202991	120.054826	120.096106	120.272992	120.288092	
2.213066	120.079097	120.122286	120.297263	120.314272	
2.223384	120.104607	120.148466	120.322773	120.340452	
2.23348	120.130162	120.157192	120.348329	120.357905	
2.244255	120.158172	120.165919	120.376338	120.392812	
2.254413	120.185165	120.183372	120.403331	120.418992	
2.264544	120.212822	120.183372	120.430988	120.445172	
2.274647	120.240776	120.200826	120.458942	120.462625	
2.284802	120.269615	120.209552	120.487781	120.488805	
2.295023	120.29927	120.218279	120.517437	120.514985	
2.305168	120.329315	120.244459	120.547481	120.532438	
2.315367	120.360151	120.270639	120.578317	120.558618	
2.32548	120.391334	120.296819	120.6095	120.584798	
2.335596	120.423144	120.340452	120.641311	120.602251	
2.346782	120.459122	120.384085	120.677289	120.637158	
2.356952	120.492404	120.427718	120.71057	120.663338	
2.367069	120.526125	120.480078	120.744291	120.689518	
2.377219	120.560567	120.532438	120.778734	120.724424	
2.387389	120.595702	120.584798	120.813869	120.768058	
2.397555	120.631465	120.637158	120.849631	120.811691	
2.407697	120.667745	120.689518	120.885911	120.864051	
2.417881	120.704796	120.733151	120.922962	120.916411	
2.428021	120.742298	120.776784	120.960464	120.96877	
2.438117	120.780258	120.829144	120.998425	121.02113	
2.449348	120.823293	120.864051	121.041459	121.07349	
2.459642	120.863331	120.898957	121.081497	121.12585	
2.469568	120.902521	120.916411	121.120687	121.169483	
2.479764	120.943384	120.942591	121.16155	121.213117	
2.489891	120.984634	120.96877	121.2028	121.25675	
2.500147	121.027002	120.986224	121.245168	121.300383	
2.510204	121.069157	121.02113	121.287323	121.326563	
2.520363	121.112349	121.038584	121.330515	121.352743	
2.530509	121.156124	121.07349	121.37429	121.378923	
2.541027	121.202207	121.108397	121.420373	121.405103	
2.551276	121.247707	121.15203	121.465873	121.440009	
2.561395	121.293209	121.195663	121.511375	121.466189	
2.571649	121.339976	121.248023	121.558142	121.501096	
2.581638	121.386124	121.30911	121.604291	121.544729	
2.592077	121.435063	121.370196	121.653229	121.579636	
2.602288	121.483505	121.431283	121.701671	121.631996	
2.612075	121.530482	121.492369	121.748648	121.684355	
2.622206	121.579762	121.562182	121.797928	121.736715	
2.63238	121.629878	121.631996	121.848044	121.797802	
2.642557	121.680616	121.693082	121.898782	121.867615	
2.652838	121.73256	121.754169	121.950726	121.928702	
2.67081	121.825624	121.850162	122.04379	122.050875	
2.675597	121.850371	121.876342	122.068537	122.085781	
2.68545	121.901987	121.919975	122.120153	122.146868	
2.695657	121.956153	121.972335	122.174319	122.207954	
2.70584	122.010851	122.015968	122.229017	122.277767	
2.715974	122.065803	122.068328	122.28397	122.338854	
2.726112	122.121438	122.103234	122.339604	122.391214	
2.736231	122.177582	122.155594	122.395748	122.4523	
2.746465	122.235013	122.190501	122.453179	122.50466	
2.757018	122.294918	122.242861	122.513084	122.548293	
2.766806	122.350983	122.295221	122.569149	122.600653	
2.776909	122.409486	122.347581	122.627652	122.644287	
2.787055	122.468874	122.39994	122.68704	122.696646	
2.797178	122.528742	122.4523	122.746908	122.74028	
2.807385	122.589735	122.513387	122.807901	122.783913	
2.817536	122.651021	122.574473	122.869188	122.836273	
2.8277	122.71297	122.644287	122.931136	122.879906	
2.837846	122.77545	122.705373	122.993616	122.940993	
2.847946	122.838277	122.775186	123.056443	122.993352	
2.858217	122.902799	122.853726	123.120965	123.054439	
2.868382	122.967253	122.923539	123.185419	123.115525	
2.878513	123.032094	122.993352	123.25026	123.185339	
2.888681	123.097811	123.063166	123.315978	123.263878	
2.898765	123.163601	123.132979	123.381767	123.342418	
2.908982	123.230895	123.202792	123.449061	123.429685	
2.91915	123.298478	123.272605	123.516644	123.508225	
2.929286	123.366444	123.342418	123.584611	123.586764	
2.93947	123.435363	123.412231	123.653529	123.674031	
2.949624	123.504751	123.482045	123.722917	123.743844	
2.960251	123.578	123.551858	123.796166	123.83111	
2.970414	123.648656	123.621671	123.866822	123.900924	
2.980509	123.719455	123.691484	123.937621	123.970737	
2.990623	123.791009	123.761297	124.009175	124.04055	
3.00082	123.863783	123.83111	124.081949	124.110363	
3.011122	123.937983	123.900924	124.15615	124.17145	
3.021217	124.011219	123.970737	124.229385	124.241263	
3.031279	124.084813	124.04055	124.302979	124.302349	
3.041464	124.159993	124.110363	124.378159	124.372162	
3.052021	124.238614	124.180176	124.45678	124.433249	
3.063013	124.32119	124.267443	124.539356	124.503062	
3.073103	124.397544	124.337256	124.61571	124.572875	
3.083317	124.475465	124.407069	124.693632	124.642689	
3.093361	124.552705	124.494336	124.770871	124.721228	
3.103556	124.631766	124.572875	124.849932	124.791042	
3.113688	124.710905	124.651415	124.929071	124.878308	
3.123885	124.791273	124.738682	125.009439	124.956848	
3.134029	124.871728	124.825948	125.089894	125.044114	
3.144705	124.957162	124.921941	125.175328	125.140107	
3.154547	125.036463	125.017934	125.25463	125.227374	
3.165934	125.129053	125.113927	125.347219	125.332094	
3.175913	125.210725	125.201194	125.428891	125.41936	
3.185958	125.293536	125.297187	125.511702	125.515353	
3.196066	125.377498	125.384453	125.595665	125.611346	
3.206182	125.462167	125.47172	125.680333	125.698613	
3.216361	125.547943	125.558986	125.766109	125.794606	
3.226588	125.634813	125.637526	125.852979	125.881872	
3.236785	125.722009	125.716066	125.940175	125.969139	
3.256926	125.897314	125.873146	126.115481	126.134945	
3.270995	126.020727	125.908052	126.238894	126.239665	
3.275552	126.060594	126.021499	126.27876	126.274571	
3.285657	126.149971	126.108765	126.368137	126.353111	
3.295777	126.240114	126.204758	126.45828	126.431651	
3.30597	126.331497	126.292025	126.549663	126.510191	
3.316114	126.423092	126.379291	126.641259	126.588731	
3.326245	126.515131	126.475284	126.733297	126.675997	
3.336421	126.608247	126.571277	126.826414	126.763264	
3.346547	126.701548	126.66727	126.919714	126.859257	
3.357088	126.799304	126.763264	127.01747	126.95525	
3.369763	126.917973	126.859257	127.136139	127.077423	
3.377395	126.989537	126.95525	127.207703	127.164689	
3.387556	127.085633	127.05997	127.303799	127.269409	
3.39771	127.182272	127.155963	127.400438	127.374129	
3.407803	127.27893	127.251956	127.497097	127.478849	
3.418031	127.377582	127.356676	127.595748	127.592295	
3.428154	127.475725	127.452669	127.693891	127.705741	
3.438321	127.574985	127.548662	127.793152	127.810461	
3.448461	127.674549	127.653381	127.892715	127.915181	
3.458597	127.774709	127.749375	127.992875	128.019901	
3.472138	127.909869	127.854094	128.128035	128.1508	
3.479446	127.982843	127.950087	128.201009	128.22934	
3.489542	128.084552	128.054807	128.302718	128.316607	
3.499738	128.187783	128.1508	128.405949	128.421326	
3.509827	128.29065	128.246793	128.508816	128.508593	
3.520012	128.394987	128.36024	128.613153	128.604586	
3.530189	128.499976	128.456233	128.718142	128.700579	
3.540318	128.605012	128.560953	128.823178	128.796572	
3.55045	128.710727	128.665672	128.928893	128.892565	
3.560793	128.819704	128.770392	129.03787	128.997285	
3.573155	128.950124	128.875112	129.16829	129.093278	
3.58098	129.033083	128.988558	129.251249	129.206725	
3.591066	129.140753	129.102005	129.358919	129.311444	
3.601203	129.249617	129.206725	129.467783	129.424891	
3.619346	129.447746	129.311444	129.665912	129.63433	
3.623986	129.497248	129.451071	129.715415	129.68669	
3.634143	129.608325	129.564517	129.826491	129.800136	
3.644289	129.71803	129.677963	129.936196	129.92231	
3.65451	129.827974	129.800136	130.04614	130.035756	
3.664586	129.935684	129.913583	130.15385	130.157929	
3.67763	130.074161	130.027029	130.292327	130.306282	
3.68497	130.151717	130.140476	130.369883	130.393548	
3.695133	130.258567	130.253922	130.476734	130.506995	
3.705273	130.364553	130.367368	130.582719	130.620441	
3.715455	130.470348	130.480815	130.688515	130.725161	
3.725615	130.575311	130.585535	130.793477	130.829881	
3.735727	130.679129	130.690254	130.897295	130.9346	
3.745931	130.783319	130.794974	131.001485	131.03932	
3.756087	130.886406	130.899694	131.104572	131.135313	
3.76622	130.988638	131.004414	131.206804	131.231306	
3.778438	131.110988	131.109133	131.329155	131.318573	
3.786493	131.191225	131.205127	131.409392	131.414566	
3.79665	131.291858	131.30112	131.510024	131.510559	
3.806848	131.392266	131.397113	131.610433	131.597826	
3.816928	131.490911	131.493106	131.709078	131.693819	
3.827146	131.590281	131.580372	131.808447	131.789812	
3.837274	131.688148	131.667639	131.906314	131.877078	
3.847413	131.785538	131.763632	132.003704	131.973071	
3.857602	131.882816	131.850898	132.100982	132.069064	
3.867724	131.978809	131.946891	132.196976	132.173784	
3.879637	132.090935	132.034158	132.309101	132.269777	
3.888108	132.17021	132.138878	132.388376	132.36577	
3.898282	132.264826	132.226144	132.482992	132.47049	
3.908398	132.358314	132.330864	132.57648	132.57521	
3.918568	132.451666	132.426857	132.669832	132.671203	
3.92867	132.543815	132.52285	132.761981	132.775923	
3.938886	132.636846	132.62757	132.855012	132.871916	
3.949053	132.72786	132.723563	132.946027	132.967909	
3.959228	132.818921	132.819556	133.037087	133.063902	
3.969369	132.908881	132.924276	133.127047	133.159895	
3.979505	132.9983	133.011542	133.216466	133.247162	
3.989679	133.087394	133.107535	133.30556	133.334428	
3.999854	133.175881	133.194802	133.394047	133.421695	
4.010084	133.264214	133.282068	133.48238	133.508961	
4.020147	133.3505	133.369335	133.568666	133.587501	
4.030583	133.439402	133.447875	133.657568	133.674767	
4.040427	133.522612	133.517688	133.740778	133.753307	
4.050619	133.608171	133.587501	133.826338	133.831847	
4.060829	133.69327	133.666041	133.911436	133.910387	
4.070921	133.776792	133.744581	133.994958	133.988927	
4.081059	133.860107	133.82312	134.078273	134.076193	
4.091334	133.943883	133.90166	134.162049	134.146006	
4.10148	134.025976	133.971473	134.244142	134.233273	
4.111606	134.107314	134.050013	134.32548	134.311813	
4.121682	134.187658	134.13728	134.405824	134.390352	
4.132161	134.270574	134.215819	134.48874	134.477619	
4.143457	134.359167	134.303086	134.577333	134.547432	
4.152853	134.432645	134.390352	134.650811	134.634698	
4.162299	134.505389	134.486346	134.723555	134.713238	
4.172426	134.58311	134.582339	134.801276	134.800505	
4.182584	134.660424	134.669605	134.87859	134.887771	
4.192973	134.738917	134.756872	134.957083	134.975038	
4.210795	134.871115	134.905225	135.089282	135.123391	
4.215321	134.904749	134.940131	135.122915	135.158297	
4.225472	134.979472	135.018671	135.197638	135.236837	
4.23564	135.053641	135.088484	135.271807	135.315377	
4.245789	135.127098	135.158297	135.345264	135.38519	
4.255935	135.199901	135.219384	135.418067	135.455003	
4.266152	135.272643	135.28047	135.490809	135.524816	
4.276382	135.344828	135.33283	135.562994	135.59463	
4.286519	135.415716	135.393917	135.633882	135.655716	
4.29671	135.486413	135.455003	135.704579	135.716803	
4.306872	135.556264	135.507363	135.77443	135.786616	
4.317048	135.625598	135.56845	135.843764	135.838976	
4.327181	135.694039	135.629536	135.912205	135.908789	
4.337311	135.761872	135.699349	135.980038	135.961149	
4.347535	135.829706	135.769163	136.047872	136.030962	
4.357641	135.896156	135.838976	136.114322	136.092048	
4.367784	135.962213	135.917515	136.180379	136.161862	
4.378134	136.02903	135.996055	136.247197	136.222948	
4.388067	136.092522	136.065868	136.310688	136.292761	
4.398311	136.157422	136.144408	136.375588	136.362574	
4.408454	136.22104	136.222948	136.439206	136.432388	
4.418718	136.284822	136.292761	136.502988	136.510927	
4.428976	136.347932	136.362574	136.566098	136.580741	
4.439283	136.411326	136.432388	136.629492	136.65928	
4.449178	136.470413	136.493474	136.688579	136.729094	
4.459475	136.531912	136.554561	136.750078	136.798907	
4.469442	136.590863	136.606921	136.809029	136.859993	
4.479622	136.650432	136.668007	136.868598	136.92108	
4.489754	136.709179	136.729094	136.927345	136.97344	
4.500078	136.768356	136.781453	136.986522	137.034526	
4.510124	136.825303	136.825087	137.043469	137.086886	
4.520313	136.882506	136.86872	137.100672	137.139246	
4.530386	136.938456	136.92108	137.156622	137.182879	
4.540814	136.995726	136.97344	137.213893	137.226512	
4.550693	137.049406	137.0258	137.267572	137.270146	
4.560867	137.104081	137.078159	137.322247	137.313779	
4.570981	137.157827	137.130519	137.375993	137.357412	
4.581098	137.210996	137.182879	137.429162	137.409772	
4.591297	137.263986	137.235239	137.482152	137.453405	
4.602003	137.318938	137.287599	137.537104	137.497038	
4.611681	137.368024	137.339959	137.58619	137.549398	
4.62178	137.418675	137.401045	137.636841	137.601758	
4.631914	137.468905	137.453405	137.687072	137.662845	
4.642273	137.519613	137.514492	137.737779	137.723931	
4.652222	137.567705	137.566852	137.785871	137.776291	
4.662356	137.616112	137.619212	137.834278	137.837378	
4.672496	137.663947	137.671571	137.882114	137.898464	
4.682709	137.711512	137.732658	137.929678	137.950824	
4.712023	137.841381	137.828651	138.059547	138.11663	
4.716607	137.861838	137.898464	138.080004	138.134084	
4.726748	137.906445	137.942097	138.124611	138.186444	
4.736894	137.950471	137.985731	138.168637	138.230077	
4.746995	137.993711	138.020637	138.211877	138.27371	
4.757175	138.036676	138.06427	138.254842	138.29989	
4.767349	138.079019	138.099177	138.297185	138.334797	
4.777459	138.120484	138.134084	138.33865	138.360976	
4.787635	138.16162	138.16899	138.379787	138.387156	
4.79778	138.202055	138.19517	138.420221	138.422063	
4.808262	138.243153	138.230077	138.461319	138.448243	
4.818145	138.281335	138.264983	138.499501	138.474423	
4.828268	138.319851	138.291163	138.538017	138.509329	
4.838404	138.357829	138.32607	138.575995	138.544236	
4.848513	138.395103	138.35225	138.61327	138.579143	
4.858758	138.432282	138.387156	138.650448	138.614049	
4.868989	138.46878	138.422063	138.686946	138.648956	
4.879067	138.504153	138.465696	138.722319	138.692589	
4.889207	138.539144	138.509329	138.75731	138.736222	
4.899419	138.573792	138.544236	138.791958	138.779855	
4.909583	138.607652	138.587869	138.825818	138.823489	
4.91969	138.640738	138.631502	138.858904	138.867122	
4.92987	138.673466	138.675136	138.891632	138.910755	
4.939998	138.705431	138.718769	138.923597	138.954388	
4.950563	138.738121	138.762402	138.956287	138.998022	
4.960298	138.767704	138.806035	138.98587	139.032928	
4.970444	138.79794	138.840942	139.016107	139.067835	
4.980572	138.827528	138.875849	139.045694	139.102741	
4.990703	138.856526	138.902029	139.074693	139.128921	
5.002184	138.888612	138.928208	139.106778	139.146375	
5.012164	138.915947	138.945662	139.134113	139.163828	
5.022043	138.942429	138.954388	139.160595	139.172555	
5.032217	138.969127	138.963115	139.187293	139.190008	
5.042357	138.995136	138.980568	139.213302	139.207461	
5.052509	139.020599	138.989295	139.238765	139.224914	
5.062662	139.045456	138.998022	139.263622	139.242368	
5.07279	139.069672	139.015475	139.287838	139.251094	
5.090787	139.110449	139.041655	139.328615	139.286001	
5.095269	139.120655	139.050382	139.338821	139.294728	
5.105454	139.143119	139.067835	139.361285	139.312181	
5.115745	139.165203	139.102741	139.383369	139.338361	
5.125789	139.18617	139.137648	139.404336	139.364541	
5.135943	139.206804	139.172555	139.42497	139.390721	
5.147468	139.229424	139.207461	139.447591	139.416901	
5.156268	139.246314	139.242368	139.46448	139.451807	
5.166377	139.265103	139.277274	139.483269	139.486714	
5.176666	139.283641	139.312181	139.501808	139.52162	
5.186671	139.301098	139.347087	139.519264	139.556527	
5.196828	139.318247	139.373267	139.536413	139.582707	
5.20697	139.334794	139.390721	139.55296	139.608887	
5.217214	139.350927	139.399447	139.569094	139.635067	
5.22741	139.366387	139.416901	139.584553	139.661247	
5.237454	139.38107	139.416901	139.599236	139.669973	
5.257126	139.40716	139.408174	139.625326	139.687427	
5.262074	139.413804	139.408174	139.63197	139.687427	
5.271802	139.42618	139.399447	139.644347	139.6787	
5.281941	139.438524	139.399447	139.65669	139.669973	
5.292069	139.450301	139.399447	139.668467	139.661247	
5.302215	139.461539	139.408174	139.679705	139.661247	
5.31239	139.472257	139.416901	139.690423	139.65252	
5.322609	139.482461	139.425627	139.700627	139.65252	
5.332768	139.492054	139.443081	139.71022	139.65252	
5.342954	139.501125	139.451807	139.719291	139.661247	
5.353065	139.509599	139.477987	139.727766	139.669973	
5.363579	139.517827	139.49544	139.735993	139.696153	
5.373656	139.525195	139.512894	139.743361	139.713607	
5.38377	139.532073	139.539074	139.750239	139.73106	
5.393952	139.538471	139.5478	139.756637	139.75724	
5.404085	139.544329	139.565254	139.762495	139.78342	
5.414256	139.549703	139.582707	139.767869	139.800873	
5.424492	139.554606	139.591434	139.772772	139.818326	
5.434623	139.558973	139.591434	139.777139	139.827053	
5.444779	139.562877	139.591434	139.781043	139.83578	
5.454891	139.566307	139.582707	139.784473	139.83578	
5.465076	139.569313	139.582707	139.787479	139.83578	
5.475228	139.571883	139.57398	139.790049	139.83578	
5.485338	139.57404	139.565254	139.792206	139.83578	
5.495513	139.575828	139.556527	139.793995	139.827053	
5.505631	139.581234	139.556527	139.7994	139.8096	
5.515853	139.581234	139.556527	139.7994	139.800873	
5.526057	139.581234	139.556527	139.7994	139.78342	
5.53616	139.581234	139.565254	139.7994	139.765966	
5.546323	139.581234	139.57398	139.7994	139.765966	
5.556469	139.581234	139.582707	139.7994	139.75724	
5.566564	139.581234	139.591434	139.7994	139.75724	
5.576766	139.581234	139.591434	139.7994	139.75724	
5.586921	139.581234	139.591434	139.7994	139.765966	
5.597128	139.581234	139.591434	139.7994	139.765966	
5.607264	139.581234	139.591434	139.7994	139.78342	
5.617372	139.581234	139.591434	139.7994	139.792146	
5.628865	139.581234	139.591434	139.7994	139.800873	
5.638615	139.581234	139.591434	139.7994	139.818326	
5.648769	139.581234	139.591434	139.7994	139.827053	
5.658971	139.581234	139.591434	139.7994	139.83578	
5.669322	139.581234	139.591434	139.7994	139.844506	
5.679291	139.581234	139.591434	139.7994	139.853233	
5.689393	139.581234	139.591434	139.7994	139.853233	
5.699622	139.581234	139.591434	139.7994	139.844506	
5.709703	139.581234	139.591434	139.7994	139.83578	
5.719812	139.581234	139.591434	139.7994	139.827053	
5.729986	139.581234	139.591434	139.7994	139.8096	
5.740175	139.581234	139.591434	139.7994	139.792146	
5.750331	139.581234	139.591434	139.7994	139.774693	
5.760427	139.581234	139.591434	139.7994	139.765966	
5.770599	139.581234	139.591434	139.7994	139.75724	
5.780726	139.581234	139.591434	139.7994	139.748513	
5.790856	139.581234	139.591434	139.7994	139.748513	
5.801008	139.581234	139.591434	139.7994	139.748513	
5.811198	139.581234	139.591434	139.7994	139.75724	
5.821331	139.581234	139.591434	139.7994	139.765966	
5.831538	139.581234	139.591434	139.7994	139.78342	
5.841882	139.581234	139.591434	139.7994	139.800873	
5.851853	139.581234	139.591434	139.7994	139.818326	
5.86191	139.581234	139.591434	139.7994	139.827053	
5.87206	139.581234	139.591434	139.7994	139.844506	
5.882233	139.581234	139.591434	139.7994	139.853233	
5.89235	139.581234	139.591434	139.7994	139.86196	
5.902499	139.581234	139.591434	139.7994	139.870686	
5.912641	139.581234	139.591434	139.7994	139.86196	
5.922795	139.581234	139.591434	139.7994	139.853233	
5.940913	139.581234	139.591434	139.7994	139.827053	
5.945462	139.581234	139.591434	139.7994	139.818326	
5.955672	139.581234	139.591434	139.7994	139.800873	
5.965749	139.581234	139.591434	139.7994	139.78342	
5.975905	139.581234	139.591434	139.7994	139.765966	
5.986015	139.581234	139.591434	139.7994	139.739787	
5.996209	139.581234	139.591434	139.7994	139.73106	
6.006341	139.581234	139.591434	139.7994	139.722333	
6.016475	139.581234	139.591434	139.7994	139.722333	
6.026644	139.581234	139.591434	139.7994	139.73106	
6.036806	139.581234	139.591434	139.7994	139.739787	
6.046954	139.581234	139.591434	139.7994	139.75724	
6.05714	139.581234	139.591434	139.7994	139.78342	
6.067283	139.581234	139.591434	139.7994	139.800873	
6.077414	139.581234	139.591434	139.7994	139.827053	
6.087562	139.581234	139.591434	139.7994	139.853233	
6.097708	139.581234	139.591434	139.7994	139.870686	
6.107922	139.581234	139.591434	139.7994	139.879413	
6.118024	139.581234	139.591434	139.7994	139.879413	
6.128164	139.581234	139.591434	139.7994	139.879413	
6.138356	139.581234	139.591434	139.7994	139.870686	
6.14981	139.581234	139.591434	139.7994	139.844506	
6.158644	139.581234	139.591434	139.7994	139.827053	
6.168746	139.581234	139.591434	139.7994	139.800873	
6.179089	139.581234	139.591434	139.7994	139.774693	
6.189127	139.581234	139.591434	139.7994	139.748513	
6.199282	139.581234	139.591434	139.7994	139.73106	
6.209416	139.581234	139.591434	139.7994	139.713607	
6.219591	139.581234	139.591434	139.7994	139.713607	
6.229824	139.581234	139.591434	139.7994	139.713607	
6.239901	139.581234	139.591434	139.7994	139.73106	
6.250162	139.581234	139.591434	139.7994	139.748513	
6.260258	139.581234	139.591434	139.7994	139.765966	
6.2704	139.581234	139.591434	139.7994	139.792146	
6.280497	139.581234	139.591434	139.7994	139.818326	
6.290644	139.581234	139.591434	139.7994	139.853233	
6.300805	139.581234	139.591434	139.7994	139.870686	
6.31095	139.581234	139.591434	139.7994	139.88814	
6.321126	139.581234	139.591434	139.7994	139.896866	
6.331244	139.581234	139.591434	139.7994	139.88814	
6.341462	139.581234	139.591434	139.7994	139.879413	
6.351598	139.581234	139.591434	139.7994	139.86196	
6.3617	139.581234	139.591434	139.7994	139.83578	
6.371868	139.581234	139.591434	139.7994	139.800873	
6.381973	139.581234	139.591434	139.7994	139.774693	
6.392119	139.581234	139.591434	139.7994	139.748513	
6.402291	139.581234	139.591434	139.7994	139.722333	
6.412411	139.581234	139.591434	139.7994	139.70488	
6.422563	139.581234	139.591434	139.7994	139.696153	
6.432693	139.581234	139.591434	139.7994	139.696153	
6.442925	139.581234	139.591434	139.7994	139.713607	
6.453117	139.581234	139.591434	139.7994	139.73106	
6.463302	139.581234	139.591434	139.7994	139.765966	
6.473378	139.581234	139.591434	139.7994	139.792146	
6.483566	139.581234	139.591434	139.7994	139.827053	
6.493702	139.581234	139.591434	139.7994	139.853233	
6.503855	139.581234	139.591434	139.7994	139.879413	
6.514012	139.581234	139.591434	139.7994	139.896866	
6.524192	139.581234	139.591434	139.7994	139.896866	
6.534341	139.581234	139.591434	139.7994	139.896866	
6.544494	139.581234	139.591434	139.7994	139.879413	
6.554652	139.581234	139.591434	139.7994	139.86196	
6.56483	139.581234	139.591434	139.7994	139.83578	
6.575007	139.581234	139.591434	139.7994	139.800873	
6.605279	139.581234	139.591434	139.7994	139.713607	
