0.03777336	
0.04235616	
0.05251072	
0.06262728	
0.07279684	
0.0829424	
0.09332394	
0.1032335	
0.1134201	
0.1235616	
0.1337152	
0.1438617	
0.1540903	
0.1642449	
0.1743924	
0.184523	
0.1946575	
0.2055051	
0.2149257	
0.2250752	
0.2353258	
0.2454063	
0.2555479	
0.2656625	
0.275798	
0.2860006	
0.2961231	
0.3062667	
0.3164162	
0.3266208	
0.3367154	
0.3468359	
0.3570295	
0.367132	
0.3772676	
0.3874372	
0.3975697	
0.4077003	
0.4178588	
0.4358371	
0.4401709	
0.4503094	
0.460519	
0.4706205	
0.4807731	
0.4909187	
0.5010862	
0.5114738	
0.5213883	
0.5336348	
0.5416655	
0.551791	
0.5619346	
0.5721251	
0.5822797	
0.5924412	
0.6025388	
0.6128684	
0.6229089	
0.6330495	
0.645004	
0.6551025	
0.6652781	
0.6753636	
0.6855062	
0.6956478	
0.7077872	
0.7159499	
0.7261664	
0.736237	
0.7463626	
0.7570761	
0.7668847	
0.7768892	
0.7869858	
0.7971094	
0.8073389	
0.8173725	
0.8381366	
0.8424874	
0.8527309	
0.8628065	
0.8729571	
0.8830896	
0.8934602	
0.9034127	
0.9135203	
0.9237258	
0.9338874	
0.9462639	282.081493	282.080114	283.250864	283.249484	
0.9563364	282.083154	282.080114	283.252524	283.249484	
0.9744296	282.088538	282.080114	283.257909	283.258211	
0.9789365	282.089816	282.080114	283.259187	283.266938	
0.989148	282.093515	282.08884	283.262885	283.266938	
0.9992646	282.097789	282.097567	283.267159	283.266938	
1.009426	282.102705	282.097567	283.272076	283.275664	
1.019613	282.108254	282.11502	283.277625	283.284391	
1.029718	282.114372	282.11502	283.283743	283.293118	
1.039891	282.121153	282.132474	283.290524	283.301844	
1.050143	282.128621	282.132474	283.297992	283.319297	
1.060253	282.136594	282.149927	283.305964	283.328024	
1.07045	282.14526	282.149927	283.31463	283.336751	
1.080581	282.154482	282.158654	283.323852	283.336751	
1.090696	282.164305	282.16738	283.333676	283.345477	
1.100948	282.174898	282.16738	283.344268	283.345477	
1.11104	282.18593	282.16738	283.355301	283.354204	
1.121204	282.197661	282.16738	283.367031	283.362931	
1.131384	282.210036	282.176107	283.379406	283.371657	
1.141512	282.222962	282.184833	283.392332	283.380384	
1.151734	282.236637	282.184833	283.406008	283.389111	
1.161902	282.250858	282.184833	283.420229	283.406564	
1.172072	282.265703	282.202287	283.435073	283.406564	
1.182282	282.281227	282.211013	283.450598	283.424017	
1.192381	282.297198	282.21974	283.466568	283.441471	
1.202544	282.313893	282.237193	283.483264	283.450197	
1.212796	282.331368	282.254647	283.500739	283.46765	
1.222824	282.349049	282.2721	283.51842	283.476377	
1.23297	282.367563	282.29828	283.536933	283.49383	
1.243123	282.386716	282.32446	283.556086	283.511284	
1.25484	282.409704	282.359366	283.579074	283.537464	
1.264286	282.428687	282.394273	283.598057	283.554917	
1.274401	282.449653	282.42918	283.619024	283.581097	
1.284598	282.471429	282.464086	283.640799	283.607277	
1.294708	282.493628	282.498993	283.662998	283.633457	
1.304914	282.516653	282.533899	283.686024	283.668363	
1.314996	282.54001	282.568806	283.709381	283.694543	
1.325216	282.564317	282.594986	283.733688	283.72945	
1.335326	282.588982	282.621166	283.758353	283.75563	
1.345685	282.614905	282.638619	283.784275	283.790536	
1.356893	282.643725	282.673526	283.813096	283.825443	
1.366983	282.670245	282.699706	283.839616	283.86035	
1.377092	282.697431	282.725886	283.866802	283.895256	
1.387198	282.725227	282.743339	283.894598	283.930163	
1.397489	282.754182	282.769519	283.923553	283.965069	
1.407538	282.783023	282.786972	283.952393	283.999976	
1.417692	282.81281	282.804425	283.982181	284.026156	
1.427874	282.843297	282.821879	284.012667	284.061062	
1.445898	282.899658	282.856785	284.069029	284.113422	
1.450445	282.913819	282.865512	284.08319	284.130876	
1.460682	282.946478	282.882965	284.115848	284.157056	
1.470799	282.97938	282.909145	284.14875	284.191962	
1.480942	283.012968	282.935325	284.182338	284.218142	
1.491052	283.047075	282.970232	284.216446	284.253049	
1.501272	283.082184	283.005138	284.251554	284.279229	
1.511399	283.117579	283.040045	284.286949	284.314135	
1.521543	283.153651	283.083678	284.323021	284.340315	
1.531735	283.190533	283.127311	284.359904	284.375222	
1.541917	283.22799	283.179671	284.39736	284.401402	
1.552023	283.265781	283.232031	284.435152	284.436308	
1.562227	283.304692	283.284391	284.474062	284.462488	
1.572376	283.343752	283.345477	284.513123	284.497395	
1.582546	283.383628	283.406564	284.552998	284.532301	
1.592642	283.423834	283.458924	284.593205	284.567208	
1.602861	283.465198	283.511284	284.634568	284.602114	
1.613042	283.506983	283.554917	284.676354	284.645748	
1.623153	283.549101	283.59855	284.718471	284.689381	
1.633306	283.592009	283.65091	284.761379	284.733014	
1.643455	283.635521	283.685817	284.804892	284.776647	
1.653643	283.679848	283.720723	284.849218	284.820281	
1.664803	283.729164	283.764356	284.898534	284.872641	
1.674942	283.774558	283.799263	284.943928	284.916274	
1.685176	283.820986	283.825443	284.990356	284.968634	
1.695263	283.86738	283.86035	285.036751	285.012267	
1.705798	283.91653	283.886529	285.0859	285.064627	
1.715554	283.962542	283.921436	285.131913	285.116987	
1.725676	284.010936	283.947616	285.180307	285.16062	
1.73582	284.060054	283.982523	285.229425	285.221706	
1.745967	284.109794	284.026156	285.279164	285.274066	
1.757139	284.165378	284.069789	285.334748	285.326426	
1.767885	284.219507	284.122149	285.388878	285.378786	
1.785841	284.31224	284.218142	285.48161	285.474779	
1.790461	284.336038	284.244322	285.505408	285.500959	
1.80056	284.388843	284.305409	285.558213	285.553319	
1.810722	284.442647	284.366495	285.612018	285.605679	
1.820938	284.497322	284.436308	285.666693	285.666765	
1.831042	284.552012	284.514848	285.721382	285.719125	
1.841188	284.607553	284.593388	285.776924	285.771485	
1.851342	284.663752	284.663201	285.833122	285.832572	
1.861504	284.720649	284.733014	285.890019	285.884931	
1.871997	284.780064	284.811554	285.949434	285.946018	
1.881822	284.836188	284.890094	286.005558	286.007105	
1.892043	284.895261	284.959907	286.064632	286.068191	
1.902295	284.955163	285.02972	286.124533	286.129278	
1.91232	285.014299	285.08208	286.18367	286.181637	
1.92253	285.075194	285.151893	286.244565	286.242724	
1.932721	285.136556	285.204253	286.305927	286.30381	
1.942824	285.198022	285.256613	286.367392	286.373624	
1.952954	285.260275	285.308973	286.429645	286.425984	
1.963111	285.323307	285.361333	286.492677	286.495797	
1.973624	285.38928	285.404966	286.558651	286.556883	
1.983549	285.452026	285.448599	286.621396	286.61797	
1.993699	285.516877	285.500959	286.686248	286.679056	
2.003845	285.582314	285.553319	286.751685	286.740143	
2.01396	285.649663	285.596952	286.819034	286.801229	
2.024162	285.715228	285.658039	286.884598	286.871043	
2.034321	285.782613	285.710399	286.951983	286.932129	
2.044467	285.850529	285.771485	287.0199	287.001942	
2.054602	285.918974	285.832572	287.088345	287.071755	
2.06471	285.987897	285.902385	287.157268	287.141569	
2.075933	286.065199	285.980925	287.23457	287.211382	
2.086057	286.135452	286.059464	287.304823	287.281195	
2.096174	286.206291	286.129278	287.375662	287.351008	
2.106325	286.27803	286.216544	287.4474	287.429548	
2.116892	286.353391	286.30381	287.522762	287.499361	
2.126691	286.423787	286.38235	287.593158	287.577901	
2.136789	286.496989	286.469617	287.66636	287.656441	
2.146925	286.57104	286.548157	287.74041	287.73498	
2.157052	286.645677	286.64415	287.815047	287.804794	
2.167378	286.722441	286.731416	287.891812	287.89206	
2.178608	286.806696	286.827409	287.976067	287.979327	
2.188861	286.8842	286.905949	288.053571	288.057866	
2.198902	286.960722	286.993216	288.130093	288.145133	
2.209064	287.038774	287.071755	288.208145	288.223673	
2.219182	287.117101	287.150295	288.286472	288.293486	
2.229341	287.196374	287.228835	288.365744	288.380752	
2.239468	287.276003	287.298648	288.445374	288.459292	
2.249646	287.35668	287.368461	288.526051	288.537832	
2.259812	287.437858	287.447001	288.607229	288.607645	
2.269913	287.519152	287.516814	288.688523	288.694912	
2.281205	287.610802	287.595354	288.780172	288.782178	
2.291468	287.694739	287.665167	288.86411	288.851991	
2.301548	287.777744	287.743707	288.947114	288.939258	
2.311675	287.86176	287.822247	289.031131	289.017797	
2.321801	287.9464	287.909513	289.115771	289.096337	
2.333531	288.045362	288.005507	289.214733	289.183604	
2.343619	288.130953	288.084046	289.300324	289.27087	
2.353722	288.217318	288.180039	289.386689	289.358137	
2.36391	288.305062	288.267306	289.474432	289.445403	
2.37423	288.396628	288.363299	289.565998	289.53267	
2.384281	288.482357	288.459292	289.651727	289.619936	
2.394447	288.571764	288.555285	289.741135	289.707203	
2.404609	288.661711	288.660005	289.831082	289.803196	
2.414735	288.751971	288.764725	289.921342	289.899189	
2.424856	288.842855	288.860718	290.012226	289.995182	
2.435021	288.93471	288.956711	290.104081	290.091175	
2.445241	289.027681	289.052704	290.197052	290.187168	
2.455326	289.120039	289.148697	290.28941	290.283161	
2.465458	289.213445	289.253417	290.382816	290.387881	
2.475929	289.310729	289.340683	290.4801	290.483874	
2.486655	289.410976	289.445403	290.580347	290.59732	
2.496779	289.50621	289.53267	290.675581	290.693314	
2.506896	289.601983	289.619936	290.771354	290.789307	
2.517068	289.698937	289.715929	290.868308	290.8853	
2.527392	289.797975	289.803196	290.967345	290.981293	
2.547395	289.992865	289.899189	291.162236	291.173279	
2.551928	290.036886	290.030088	291.206256	291.216912	
2.562051	290.136065	290.126082	291.305435	291.312905	
2.572199	290.236157	290.222075	291.405527	291.408899	
2.585021	290.363725	290.326794	291.533096	291.504892	
2.592622	290.439527	290.431514	291.608898	291.609611	
2.602758	290.541289	290.527507	291.71066	291.705605	
2.612986	290.644636	290.640954	291.814006	291.801598	
2.623068	290.747112	290.745673	291.916483	291.906317	
2.633174	290.850436	290.85912	292.019807	292.011037	
2.643415	290.955846	290.96384	292.125216	292.10703	
2.653527	291.060445	291.068559	292.229816	292.21175	
2.663692	291.166287	291.173279	292.335658	292.325196	
2.673832	291.272443	291.277999	292.441814	292.429916	
2.683976	291.381532	291.382719	292.550903	292.534636	
2.694322	291.488957	291.487438	292.658327	292.648082	
2.704827	291.600953	291.600885	292.770324	292.761529	
2.714514	291.70461	291.714331	292.873981	292.866248	
2.724642	291.81375	291.819051	292.98312	292.979695	
2.734785	291.923679	291.923771	293.09305	293.093141	
2.744938	292.03427	292.037217	293.203641	293.206588	
2.755223	292.145162	292.150663	293.314532	293.320034	
2.765278	292.252849	292.26411	293.422219	293.43348	
2.775444	292.361232	292.377556	293.530602	293.546927	
2.785788	292.470804	292.482276	293.640174	293.660373	
2.796112	292.579643	292.586996	293.749013	293.77382	
2.805895	292.682089	292.691716	293.85146	293.878539	
2.816041	292.787798	292.796435	293.957168	294.000712	
2.827869	292.912955	292.909882	294.082326	294.105432	
2.83637	292.997754	293.023328	294.167125	294.218879	
2.854422	293.181324	293.128048	294.350695	294.402138	
2.858945	293.227362	293.250221	294.396733	294.454498	
2.869146	293.330481	293.363667	294.499851	294.559218	
2.879236	293.431833	293.477114	294.601203	294.655211	
2.889412	293.533508	293.581833	294.702878	294.751204	
2.899933	293.637987	293.686553	294.807358	294.855924	
2.909781	293.7351	293.8	294.90447	294.951917	
2.919969	293.835076	293.895993	295.004446	295.039183	
2.93006	293.933389	293.991986	295.102759	295.135177	
2.940269	294.032344	294.087979	295.201714	295.23117	
2.950441	294.130267	294.183972	295.299637	295.318436	
2.96057	294.227223	294.279965	295.396593	295.414429	
2.970747	294.324019	294.367232	295.49339	295.501696	
2.980934	294.420273	294.454498	295.589644	295.588962	
2.99105	294.515305	294.541765	295.684676	295.684955	
3.001479	294.612665	294.637758	295.782036	295.780948	
3.011486	294.705384	294.716297	295.874755	295.868215	
3.021627	294.798794	294.803564	295.968164	295.964208	
3.031754	294.891456	294.89083	296.060826	296.051474	
3.041857	294.983327	294.986824	296.152698	296.147467	
3.052068	295.075584	295.07409	296.244955	296.234734	
3.062204	295.16651	295.170083	296.33588	296.322	
3.07238	295.257248	295.25735	296.426619	296.417994	
3.082501	295.346889	295.344616	296.516259	296.513987	
3.092637	295.436007	295.440609	296.605377	296.601253	
3.102889	295.525604	295.527876	296.694975	296.697246	
3.113057	295.613803	295.623869	296.783174	296.784513	
3.123207	295.701286	295.711135	296.870657	296.880506	
3.133361	295.788139	295.798402	296.95751	296.976499	
3.143515	295.874423	295.894395	297.043793	297.063765	
3.153688	295.960252	295.981661	297.129623	297.151032	
3.16383	296.045236	296.068928	297.214606	297.247025	
3.173973	296.130011	296.156194	297.299382	297.334291	
3.184138	296.213558	296.243461	297.382928	297.421558	
3.194523	296.298751	296.330727	297.468122	297.500098	
3.205709	296.389719	296.42672	297.55909	297.587364	
3.2152	296.466354	296.496533	297.635725	297.674631	
3.225474	296.548723	296.5838	297.718093	297.75317	
3.235473	296.628293	296.66234	297.797664	297.840437	
3.245863	296.710371	296.740879	297.879742	297.91025	
3.255895	296.789036	296.810693	297.958406	297.98879	
3.265804	296.866119	296.889232	298.035489	298.06733	
3.275956	296.944498	296.967772	298.113869	298.137143	
3.286094	297.022207	297.037585	298.191577	298.215683	
3.296262	297.099531	297.107399	298.268902	298.285496	
3.307626	297.185155	297.194665	298.354525	298.364036	
3.317794	297.261162	297.264478	298.430532	298.442575	
3.327975	297.336675	297.334291	298.506045	298.512389	
3.338105	297.411218	297.404105	298.580589	298.582202	
3.348556	297.487483	297.473918	298.656853	298.652015	
3.358739	297.561172	297.552458	298.730543	298.730555	
3.368903	297.634135	297.630997	298.803506	298.800368	
3.379059	297.706425	297.700811	298.875795	298.870181	
3.389193	297.777965	297.770624	298.947336	298.939994	
3.399551	297.850495	297.849163	299.019866	299.009807	
3.410329	297.925239	297.927703	299.094609	299.088347	
3.420478	297.995044	297.997516	299.164414	299.15816	
3.430593	298.063978	298.076056	299.233349	299.2367	
3.440775	298.132823	298.154596	299.302193	299.306513	
3.451284	298.203203	298.224409	299.372573	299.376327	
3.461479	298.270856	298.294222	299.440227	299.454866	
3.471601	298.337443	298.364036	299.506813	299.52468	
3.481749	298.403599	298.433849	299.57297	299.594493	
3.491922	298.469327	298.503662	299.638697	299.664306	
3.502044	298.534123	298.556022	299.703493	299.734119	
3.512968	298.603356	298.625835	299.772727	299.803932	
3.523131	298.667151	298.686922	299.836522	299.865019	
3.533327	298.730552	298.748008	299.899923	299.934832	
3.543811	298.795108	298.809095	299.964478	299.995918	
3.553914	298.856728	298.870181	300.026098	300.057005	
3.564115	298.918336	298.922541	300.087707	300.109365	
3.57427	298.97908	298.974901	300.14845	300.170451	
3.584432	299.039222	299.035987	300.208593	300.222811	
3.594574	299.098683	299.097074	300.268054	300.283898	
3.604672	299.157328	299.149434	300.326699	300.336258	
3.615698	299.220553	299.21052	300.389924	300.388618	
3.625852	299.278241	299.271607	300.447612	300.440977	
3.635984	299.335174	299.323967	300.504545	300.493337	
3.646149	299.391729	299.376327	300.5611	300.545697	
3.656299	299.447597	299.428686	300.616968	300.606784	
3.666517	299.503198	299.489773	300.672568	300.659144	
3.676648	299.557752	299.55086	300.727123	300.711503	
3.686761	299.611606	299.603219	300.780976	300.763863	
3.696903	299.665047	299.664306	300.834417	300.82495	
3.708033	299.72295	299.725392	300.892321	300.87731	
3.718503	299.776749	299.777752	300.946119	300.938396	
3.728494	299.827535	299.838839	300.996906	300.990756	
3.738603	299.878321	299.882472	301.047691	301.043116	
3.748978	299.929849	299.943559	301.09922	301.104203	
3.759339	299.980648	299.995918	301.150018	301.156562	
3.769451	300.029654	300.048278	301.199024	301.208922	
3.779623	300.078344	300.091912	301.247715	301.261282	
3.789718	300.126083	300.144271	301.295454	301.304915	
3.79988	300.173534	300.187905	301.342904	301.357275	
3.810021	300.220305	300.231538	301.389676	301.400909	
3.821055	300.270466	300.283898	301.439836	301.453268	
3.831134	300.315695	300.336258	301.485065	301.505628	
3.841593	300.362016	300.371164	301.531387	301.549262	
3.851906	300.407071	300.423524	301.576442	301.592895	
3.86186	300.449975	300.467157	301.619346	301.636528	
3.872045	300.493294	300.510791	301.662664	301.680161	
3.882175	300.535775	300.554424	301.705146	301.723794	
3.892356	300.577871	300.598057	301.747241	301.767428	
3.902576	300.619547	300.632964	301.788918	301.802334	
3.912692	300.660189	300.676597	301.829559	301.845967	
3.923647	300.703487	300.72023	301.872857	301.889601	
3.93384	300.743193	300.755137	301.912563	301.924507	
3.943962	300.782218	300.790043	301.951589	301.968141	
3.954175	300.820636	300.833677	301.990007	302.003047	
3.964481	300.858961	300.87731	302.028332	302.037954	
3.974528	300.895746	300.912216	302.065117	302.07286	
3.984624	300.932119	300.947123	302.10149	302.107767	
3.994761	300.968063	300.98203	302.137434	302.142673	
4.004979	301.003685	301.016936	302.173056	302.17758	
4.015051	301.038233	301.051843	302.207604	302.212487	
4.026226	301.075805	301.086749	302.245176	302.247393	
4.036385	301.10939	301.121656	302.27876	302.2823	
4.04665	301.142721	301.156562	302.312092	302.317206	
4.056691	301.174755	301.191469	302.344125	302.352113	
4.067213	301.207693	301.217649	302.377064	302.378293	
4.07709	301.238049	301.243829	302.40742	302.413199	
4.087186	301.26849	301.278735	302.437861	302.439379	
4.097351	301.298554	301.313642	302.467924	302.465559	
4.107482	301.327938	301.339822	302.497308	302.500466	
4.117645	301.356833	301.366002	302.526203	302.535373	
4.129037	301.388436	301.400909	302.557806	302.561552	
4.139221	301.416128	301.418362	302.585498	302.596459	
4.149379	301.443148	301.453268	302.612519	302.622639	
4.159508	301.46953	301.470722	302.6389	302.648819	
4.169656	301.495369	301.496902	302.664739	302.674999	
4.179824	301.520689	301.523082	302.690059	302.701179	
4.189993	301.545395	301.549262	302.714765	302.727359	
4.200119	301.569434	301.575441	302.738805	302.753539	
4.210789	301.594124	301.592895	302.763494	302.779719	
4.220403	301.615845	301.627801	302.785216	302.805899	
4.231693	301.640606	301.645255	302.809977	302.832079	
4.241793	301.662203	301.662708	302.831574	302.858258	
4.252021	301.683501	301.697614	302.852872	302.884438	
4.262163	301.704028	301.715068	302.873399	302.901892	
4.272269	301.723919	301.732521	302.893289	302.919345	
4.282448	301.743379	301.749974	302.91275	302.928072	
4.292564	301.762139	301.767428	302.931509	302.936798	
4.302759	301.780464	301.784881	302.949834	302.945525	
4.312857	301.798057	301.802334	302.967428	302.954252	
4.323003	301.81516	301.819788	302.98453	302.954252	
4.334417	301.833638	301.837241	303.003009	302.971705	
4.344539	301.849493	301.854694	303.018864	302.989158	
4.354605	301.864711	301.872147	303.034082	302.997885	
4.364798	301.879534	301.889601	303.048905	303.015338	
4.37493	301.893721	301.907054	303.063091	303.024065	
4.385093	301.907378	301.915781	303.076749	303.041518	
4.395256	301.920473	301.924507	303.089843	303.058971	
4.405432	301.933027	301.941961	303.102398	303.076425	
4.415524	301.944929	301.950687	303.1143	303.093878	
4.425869	301.956552	301.959414	303.125922	303.102605	
4.437058	301.968423	301.976867	303.137794	303.120058	
4.447121	301.978592	301.976867	303.147962	303.137511	
4.457253	301.988285	301.99432	303.157656	303.154964	
4.467343	301.997404	302.003047	303.166775	303.163691	
4.477574	302.006109	302.011774	303.175479	303.181144	
4.487716	302.014195	302.0205	303.183566	303.198598	
4.497839	302.021745	302.029227	303.191116	303.207324	
4.508067	302.028845	302.037954	303.198215	303.216051	
4.518132	302.035321	302.04668	303.204692	303.216051	
4.528568	302.041487	302.055407	303.210857	303.216051	
4.540414	302.047895	302.064134	303.217265	303.216051	
4.549877	302.052387	302.07286	303.221758	303.216051	
4.559995	302.056847	302.081587	303.226218	303.198598	
4.570132	302.060845	302.081587	303.230216	303.198598	
4.580301	302.064391	302.081587	303.233761	303.198598	
4.590617	302.067526	302.064134	303.236896	303.207324	
4.600674	302.070165	302.064134	303.239536	303.207324	
4.610823	302.07242	302.064134	303.241791	303.216051	
4.621074	302.074305	302.064134	303.243676	303.224778	
4.631105	302.080114	302.064134	303.249484	303.233504	
4.643866	302.080114	302.07286	303.249484	303.250958	
4.653827	302.080114	302.081587	303.249484	303.259684	
4.66396	302.080114	302.081587	303.249484	303.259684	
4.674132	302.080114	302.081587	303.249484	303.268411	
4.684401	302.080114	302.081587	303.249484	303.268411	
4.702332	302.080114	302.081587	303.249484	303.268411	
4.70687	302.080114	302.081587	303.249484	303.268411	
4.717243	302.080114	302.081587	303.249484	303.268411	
4.727157	302.080114	302.081587	303.249484	303.268411	
4.737378	302.080114	302.081587	303.249484	303.268411	
4.747459	302.080114	302.081587	303.249484	303.268411	
4.757643	302.080114	302.081587	303.249484	303.268411	
4.767732	302.080114	302.081587	303.249484	303.268411	
4.777983	302.080114	302.081587	303.249484	303.268411	
4.788103	302.080114	302.081587	303.249484	303.268411	
4.798233	302.080114	302.081587	303.249484	303.268411	
4.808328	302.080114	302.081587	303.249484	303.268411	
4.8185	302.080114	302.081587	303.249484	303.268411	
4.838939	302.080114	302.081587	303.249484	303.268411	
4.843433	302.080114	302.081587	303.249484	303.268411	
4.853618	302.080114	302.081587	303.249484	303.268411	
4.86377	302.080114	302.081587	303.249484	303.268411	
4.873929	302.080114	302.081587	303.249484	303.268411	
4.884353	302.080114	302.081587	303.249484	303.268411	
4.894248	302.080114	302.081587	303.249484	303.268411	
4.904448	302.080114	302.081587	303.249484	303.268411	
4.914587	302.080114	302.081587	303.249484	303.268411	
4.924727	302.080114	302.081587	303.249484	303.268411	
4.934864	302.080114	302.081587	303.249484	303.268411	
4.944991	302.080114	302.081587	303.249484	303.268411	
4.955294	302.080114	302.081587	303.249484	303.268411	
4.965336	302.080114	302.081587	303.249484	303.268411	
4.975463	302.080114	302.081587	303.249484	303.268411	
4.985594	302.080114	302.081587	303.249484	303.268411	
4.995781	302.080114	302.081587	303.249484	303.268411	
5.005938	302.080114	302.081587	303.249484	303.268411	
5.01607	302.080114	302.081587	303.249484	303.268411	
5.02622	302.080114	302.081587	303.249484	303.268411	
5.036355	302.080114	302.081587	303.249484	303.268411	
5.054876	302.080114	302.081587	303.249484	303.268411	
5.059365	302.080114	302.081587	303.249484	303.268411	
5.069563	302.080114	302.081587	303.249484	303.268411	
5.079697	302.080114	302.081587	303.249484	303.268411	
5.08984	302.080114	302.081587	303.249484	303.268411	
5.100011	302.080114	302.081587	303.249484	303.268411	
5.11021	302.080114	302.081587	303.249484	303.268411	
5.120335	302.080114	302.081587	303.249484	303.268411	
5.130512	302.080114	302.081587	303.249484	303.268411	
5.140672	302.080114	302.081587	303.249484	303.268411	
5.150804	302.080114	302.081587	303.249484	303.268411	
5.160965	302.080114	302.081587	303.249484	303.268411	
5.171116	302.080114	302.081587	303.249484	303.268411	
5.181318	302.080114	302.081587	303.249484	303.268411	
5.191435	302.080114	302.081587	303.249484	303.268411	
5.201574	302.080114	302.081587	303.249484	303.268411	
5.21224	302.080114	302.081587	303.249484	303.268411	
5.221862	302.080114	302.081587	303.249484	303.268411	
5.231993	302.080114	302.081587	303.249484	303.268411	
5.242124	302.080114	302.081587	303.249484	303.268411	
5.252273	302.080114	302.081587	303.249484	303.268411	
5.2703	302.080114	302.081587	303.249484	303.268411	
5.274823	302.080114	302.081587	303.249484	303.268411	
5.299836	302.080114	302.081587	303.249484	303.268411	
5.310605	302.080114	302.081587	303.249484	303.268411	
