0.04560013	
0.05019995	
0.06029253	
0.07045012	
0.0806327	
0.09075229	
0.1010119	
0.1112094	
0.121291	
0.1315676	
0.1416882	
0.1518918	
0.1620454	
0.1723789	
0.1822685	
0.1923861	
0.2025287	
0.2127103	
0.2228669	
0.2329975	
0.243152	
0.2541766	
0.2642822	
0.2744178	
0.2845524	
0.3025906	
0.3069684	
0.317098	
0.3272836	
0.3374242	
0.3476458	
0.3577204	
0.3678769	
0.3780805	
0.3882051	
0.3983467	
0.4084883	
0.4186609	
0.4289224	
0.438974	
0.4491126	
0.4593102	
0.4694338	
0.4795654	
0.489708	
0.4998925	
0.5100331	
0.5201727	
0.5303553	
0.5405319	
0.5507105	
0.56086	
0.5709686	
0.5811872	
0.5912798	
0.6013944	
0.611556	
0.6216786	
0.6322301	
0.6420647	
0.6521293	
0.6622689	
0.6724035	
0.6825631	
0.6927566	
0.7028612	
0.7130288	
0.7232044	
0.733753	
0.7435026	
0.7555621	
0.7655747	
0.7756993	
0.7859328	
0.7960634	
0.806191	
0.8163916	
0.8265542	
0.8367038	
0.8468193	
0.8570049	
0.8671685	
0.8776061	
0.8874737	
0.8975843	
0.9078218	
0.9179354	
0.928068	
0.9382666	
0.9483582	
0.9585438	
0.9686664	
0.9788699	
0.9890845	
0.9992081	
1.00935	
1.019579	
1.029621	
1.039814	
1.049998	
1.060126	
1.070266	
1.080376	
1.090523	
1.100838	
1.110889	
1.121027	
1.131193	
1.141388	
1.15152	
1.161679	
1.171894	
1.181974	
1.192098	
1.20227	
1.212377	
1.222509	
1.232661	
1.243175	
1.254586	
1.263088	
1.281095	
1.28548	
1.29562	
1.305749	
1.31595	
1.326085	
1.336235	
1.346436	
1.356511	
1.366711	
1.376941	
1.387043	
1.397206	
1.407296	
1.41749	
1.427671	
1.437792	
1.447969	
1.458142	
1.468246	
1.488405	
1.495019	
1.502985	
1.513281	
1.531171	
1.535574	
1.545714	
1.555914	
1.566017	
1.576333	
1.586403	
1.596511	
1.6066	
1.616926	
1.627046	
1.637163	
1.647296	
1.657444	
1.667677	
1.67777	
1.687974	
1.698091	
1.708257	
1.71838	
1.728526	
1.738686	
1.748885	
1.759017	
1.769137	
1.779275	
1.789448	
1.799616	
1.809769	
1.819939	
1.830036	
1.845297	430.836625	430.834526	431.23805	431.235952	
1.855379	430.838461	430.834526	431.239887	431.235952	
1.865492	430.84092	430.834526	431.242346	431.235952	
1.875673	430.844018	430.834526	431.245444	431.235952	
1.885826	430.847725	430.834526	431.249151	431.244678	
1.896028	430.852079	430.834526	431.253504	431.244678	
1.906224	430.85705	430.834526	431.258476	431.253405	
1.916336	430.862593	430.834526	431.264018	431.253405	
1.92645	430.868751	430.834526	431.270177	431.253405	
1.936634	430.875577	430.834526	431.277003	431.253405	
1.947999	430.884015	430.843253	431.285441	431.253405	
1.958091	430.892066	430.843253	431.293492	431.253405	
1.968243	430.900797	430.843253	431.302223	431.253405	
1.978406	430.910152	430.851979	431.311578	431.253405	
1.98856	430.920118	430.851979	431.321544	431.253405	
2.000191	430.932404	430.851979	431.33383	431.253405	
2.008872	430.941987	430.860706	431.343412	431.262132	
2.019045	430.953786	430.869432	431.355212	431.262132	
2.029231	430.966271	430.878159	431.367697	431.270858	
2.039368	430.97931	430.886886	431.380736	431.270858	
2.051023	430.995189	430.904339	431.396614	431.288311	
2.060916	431.009173	430.921792	431.410598	431.297038	
2.070989	431.02404	430.939246	431.425465	431.314491	
2.081159	431.039674	430.956699	431.441099	431.331945	
2.091258	431.055818	430.974152	431.457244	431.358125	
2.101484	431.072786	431.000332	431.474211	431.384305	
2.111566	431.090114	431.026512	431.49154	431.410485	
2.121862	431.108462	431.043965	431.509888	431.436664	
2.13194	431.127016	431.078872	431.528442	431.471571	
2.142426	431.147009	431.096325	431.548434	431.506478	
2.153486	431.168838	431.131232	431.570264	431.541384	
2.163817	431.18985	431.166138	431.591276	431.576291	
2.173804	431.210745	431.192318	431.61217	431.602471	
2.183892	431.232468	431.218498	431.633894	431.637377	
2.194107	431.2551	431.244678	431.656526	431.672284	
2.204327	431.278367	431.270858	431.679793	431.698464	
2.214368	431.301817	431.297038	431.703243	431.724644	
2.224508	431.326123	431.323218	431.727549	431.75955	
2.234699	431.351178	431.340671	431.752604	431.78573	
2.245631	431.378807	431.366851	431.780233	431.81191	
2.257844	431.410609	431.393031	431.812035	431.846817	
2.267932	431.437406	431.410485	431.838832	431.872997	
2.278044	431.464895	431.436664	431.86632	431.899177	
2.288186	431.493077	431.454118	431.894503	431.925357	
2.298358	431.521973	431.480298	431.923399	431.951537	
2.308844	431.552436	431.497751	431.953862	431.96899	
2.31868	431.581553	431.515204	431.982978	431.99517	
2.328811	431.612179	431.550111	432.013605	432.02135	
2.33898	431.643542	431.567564	432.044968	432.038803	
2.34917	431.675597	431.602471	432.077022	432.064983	
2.360755	431.712913	431.637377	432.114339	432.091163	
2.370837	431.745905	431.672284	432.147331	432.108616	
2.381073	431.780062	431.70719	432.181488	432.143523	
2.391137	431.814248	431.742097	432.215673	432.169703	
2.401246	431.849218	431.777004	432.250644	432.195883	
2.411483	431.885228	431.820637	432.286654	432.222063	
2.421623	431.921529	431.86427	432.322955	432.256969	
2.431726	431.958312	431.899177	432.359738	432.291876	
2.441894	431.995951	431.951537	432.397376	432.326782	
2.452431	432.03566	431.986443	432.437086	432.370416	
2.463714	432.078941	432.038803	432.480367	432.422775	
2.473792	432.118157	432.091163	432.519583	432.457682	
2.48397	432.15839	432.12607	432.559816	432.510042	
2.494062	432.198908	432.178429	432.600334	432.553675	
2.504238	432.240383	432.213336	432.641809	432.597308	
2.514413	432.282471	432.265696	432.683896	432.649668	
2.524571	432.325124	432.309329	432.726549	432.702028	
2.534749	432.368457	432.352962	432.769883	432.745661	
2.544827	432.411979	432.387869	432.813405	432.798021	
2.55529	432.457851	432.440229	432.859277	432.841654	
2.574947	432.546895	432.492589	432.948321	432.946374	
2.579616	432.567923	432.544949	432.969349	432.963828	
2.589698	432.614196	432.579855	433.015621	433.016187	
2.599845	432.661344	432.623488	433.06277	433.059821	
2.609946	432.708941	432.667122	433.110367	433.103454	
2.620157	432.757647	432.719481	433.159073	433.155814	
2.630326	432.806801	432.763115	433.208227	433.199447	
2.640524	432.856685	432.806748	433.258111	433.24308	
2.650728	432.907249	432.859108	433.308674	433.29544	
2.661069	432.959536	432.902741	433.360961	433.339073	
2.671046	433.011352	432.955101	433.412777	433.382707	
2.68118	433.061863	432.998734	433.463289	433.435066	
2.691357	433.114747	433.051094	433.516172	433.4787	
2.701433	433.167749	433.103454	433.569174	433.522333	
2.711573	433.221706	433.155814	433.623132	433.574693	
2.721835	433.276911	433.2169	433.678336	433.627053	
2.731997	433.33222	433.26926	433.733646	433.679413	
2.742102	433.387809	433.330347	433.789234	433.731772	
2.753479	433.451296	433.382707	433.852721	433.784132	
2.762641	433.50277	433.443793	433.904195	433.836492	
2.772579	433.559291	433.50488	433.960717	433.888852	
2.782734	433.617631	433.557239	434.019057	433.949939	
2.792887	433.676572	433.627053	434.077998	434.011025	
2.803018	433.736042	433.679413	434.137468	434.063385	
2.821584	433.847543	433.749226	434.248969	434.185558	
2.826204	433.875203	433.819039	434.276629	434.211738	
2.836373	433.936908	433.888852	434.338334	434.272824	
2.846492	433.998922	433.949939	434.400348	434.342638	
2.856623	434.061626	434.019752	434.463052	434.403724	
2.86682	434.12539	434.080838	434.526815	434.464811	
2.877058	434.190033	434.150651	434.591459	434.534624	
2.887167	434.25444	434.211738	434.655866	434.604437	
2.897323	434.319786	434.272824	434.721212	434.67425	
2.907478	434.385737	434.342638	434.787163	434.735337	
2.917636	434.452334	434.412451	434.85376	434.80515	
2.927779	434.519456	434.473537	434.920882	434.874963	
2.938307	434.589796	434.543351	434.991222	434.944776	
2.948541	434.658804	434.604437	435.06023	435.023316	
2.958491	434.726436	434.67425	435.127862	435.084403	
2.968698	434.79651	434.744063	435.197936	435.154216	
2.978905	434.867196	434.80515	435.268622	435.224029	
2.997018	434.994999	434.93605	435.396425	435.354929	
3.003297	435.039326	434.96223	435.440752	435.389835	
3.011864	435.100287	435.032043	435.501713	435.450922	
3.022343	435.175604	435.101856	435.57703	435.520735	
3.032096	435.246195	435.162942	435.647621	435.590548	
3.042386	435.321386	435.241482	435.722812	435.669088	
3.052333	435.394595	435.320022	435.796021	435.738901	
3.062441	435.469644	435.389835	435.87107	435.808714	
3.072646	435.54608	435.459648	435.947505	435.878527	
3.082865	435.623224	435.538188	436.02465	435.957067	
3.092995	435.70028	435.616728	436.101706	436.035607	
3.103189	435.778448	435.695268	436.179873	436.10542	
3.113368	435.857137	435.773808	436.258563	436.192687	
3.123869	435.939003	435.852347	436.340429	436.271226	
3.133599	436.015342	435.930887	436.416767	436.349766	
3.143733	436.095592	436.018154	436.497017	436.419579	
3.153875	436.176419	436.096694	436.577844	436.506846	
3.164037	436.258057	436.175233	436.659483	436.585386	
3.174188	436.340241	436.2625	436.741667	436.672652	
3.184416	436.42372	436.349766	436.825146	436.751192	
3.194476	436.506332	436.428306	436.907758	436.838458	
3.204725	436.591174	436.506846	436.9926	436.925725	
3.214812	436.675289	436.594112	437.076715	437.012991	
3.2253	436.763437	436.681379	437.164863	437.100258	
3.235365	436.848601	436.768645	437.250026	437.187524	
3.245853	436.93806	436.855912	437.339485	437.274791	
3.256913	437.033123	436.943178	437.434549	437.379511	
3.265787	437.109761	437.030445	437.511187	437.449324	
3.275961	437.198328	437.117711	437.599754	437.545317	
3.286242	437.288544	437.204978	437.68997	437.64131	
3.296367	437.377896	437.300971	437.779322	437.728576	
3.30657	437.468545	437.396964	437.869971	437.815843	
3.316682	437.559068	437.48423	437.960493	437.911836	
3.32679	437.650131	437.580223	438.051557	438.007829	
3.337066	437.743393	437.676217	438.144819	438.095096	
3.347197	437.835914	437.763483	438.23734	438.182362	
3.357392	437.929673	437.850749	438.331098	438.278355	
3.367551	438.023672	437.946743	438.425098	438.374348	
3.377655	438.117801	438.042736	438.519227	438.461615	
3.389017	438.224524	438.147455	438.62595	438.566334	
3.399173	438.320403	438.234722	438.721829	438.662328	
3.409279	438.416507	438.339442	438.817933	438.758321	
3.419441	438.513688	438.426708	438.915114	438.845587	
3.429561	438.611099	438.522701	439.012525	438.950307	
3.439766	438.710014	438.618694	439.11144	439.0463	
3.450053	438.810313	438.723414	439.211738	439.142293	
3.460461	438.912454	438.828134	439.31388	439.247013	
3.470528	439.011838	438.9154	439.413263	439.343006	
3.491833	439.225709	439.12484	439.627135	439.543719	
3.496441	439.271735	439.1772	439.673161	439.596079	
3.506635	439.374655	439.281919	439.776081	439.692072	
3.516753	439.477329	439.386639	439.878755	439.796792	
3.526873	439.580648	439.491359	439.982073	439.892785	
3.537102	439.685762	439.596079	440.087188	439.997504	
3.547219	439.790274	439.700798	440.1917	440.102224	
3.557395	439.896072	439.805518	440.297497	440.206944	
3.56754	440.002142	439.910238	440.403568	440.311664	
3.57768	440.108777	440.023684	440.510203	440.416383	
3.590274	440.242414	440.128404	440.64384	440.521103	
3.598072	440.325192	440.233124	440.726617	440.625823	
3.608142	440.432908	440.34657	440.834333	440.730543	
3.618389	440.543185	440.45129	440.944611	440.835262	
3.628486	440.652434	440.55601	441.053859	440.948709	
3.638672	440.763293	440.669456	441.164718	441.062155	
3.648826	440.874377	440.782903	441.275803	441.166875	
3.658977	440.98425	440.887622	441.385675	441.280321	
3.669403	441.096461	441.001069	441.497887	441.393768	
3.679493	441.204352	441.114515	441.605778	441.515941	
3.689708	441.313049	441.219235	441.714475	441.629387	
3.699954	441.4215	441.332681	441.822926	441.742834	
3.710066	441.527748	441.446128	441.929174	441.85628	
3.72019	441.633583	441.550847	442.035009	441.969726	
3.730375	441.739476	441.664294	442.140901	442.083173	
3.74045	441.843591	441.77774	442.245016	442.196619	
3.750717	441.949095	441.88246	442.350521	442.310066	
3.76081	442.052239	441.995906	442.453665	442.423512	
3.771053	442.156212	442.109353	442.557638	442.536958	
3.788947	442.335495	442.301339	442.736921	442.728945	
3.795844	442.404658	442.344972	442.806084	442.790031	
3.803821	442.484101	442.458419	442.885527	442.886024	
3.813858	442.583345	442.563138	442.984771	442.990744	
3.824013	442.683226	442.659132	443.084652	443.095464	
3.83411	442.78194	442.755125	443.183366	443.200184	
3.844304	442.881007	442.859844	443.282433	443.296177	
3.854443	442.97888	442.964564	443.380306	443.400896	
3.864588	443.076167	443.051831	443.477593	443.488163	
3.882659	443.24721	443.226364	443.648636	443.662696	
3.887216	443.290322	443.26127	443.691748	443.706329	
3.900234	443.412413	443.357263	443.813839	443.802322	
3.907617	443.481369	443.453256	443.882795	443.889589	
3.917719	443.575044	443.540523	443.97647	443.976855	
3.927867	443.668567	443.627789	444.069993	444.072848	
3.937983	443.761186	443.723782	444.162611	444.160115	
3.948183	443.853995	443.811049	444.255421	444.247381	
3.958345	443.945755	443.898315	444.34718	444.334648	
3.968475	444.036641	443.985582	444.438067	444.430641	
3.978706	444.127921	444.072848	444.529347	444.517907	
3.98878	444.217035	444.160115	444.61846	444.605174	
4.003236	444.343672	444.256108	444.745097	444.69244	
4.017307	444.465636	444.404461	444.867062	444.84952	
4.021901	444.505405	444.448094	444.906831	444.884426	
4.032102	444.593084	444.53536	444.994509	444.971693	
4.042178	444.679078	444.622627	445.080504	445.058959	
4.052588	444.767309	444.709893	445.168735	445.146226	
4.062498	444.850659	444.79716	445.252085	445.233492	
4.072642	444.935382	444.884426	445.336808	445.312032	
4.082986	445.021174	444.971693	445.4226	445.399298	
4.092937	445.103072	445.058959	445.504498	445.486565	
4.106066	445.210104	445.154952	445.61153	445.582558	
4.113943	445.273942	445.233492	445.675368	445.652371	
4.124104	445.355678	445.320759	445.757104	445.739638	
4.134242	445.436626	445.408025	445.838051	445.826904	
4.144352	445.516773	445.495292	445.918199	445.905444	
4.154555	445.59702	445.582558	445.998446	445.983984	
4.16476	445.676648	445.661098	446.078074	446.062524	
4.174878	445.755005	445.739638	446.156431	446.141063	
4.185041	445.833088	445.826904	446.234514	446.219603	
4.19519	445.910481	445.905444	446.311907	446.298143	
4.205419	445.987829	445.983984	446.389255	446.376683	
4.215922	446.066621	446.053797	446.468047	446.455223	
4.226027	446.141775	446.132337	446.5432	446.525036	
4.236213	446.216956	446.210877	446.618381	446.603576	
4.247561	446.299928	446.28069	446.701354	446.673389	
4.257634	446.372981	446.350503	446.774407	446.751929	
4.266645	446.437835	446.420316	446.839261	446.821742	
4.276727	446.509816	446.490129	446.911242	446.891555	
4.286918	446.581935	446.559942	446.98336	446.970095	
4.297067	446.653159	446.629756	447.054585	447.039908	
4.307253	446.724019	446.699569	447.125444	447.109721	
4.317749	446.796412	446.769382	447.197838	447.179534	
4.327847	446.865407	446.830468	447.266833	447.249347	
4.338021	446.934325	446.891555	447.335751	447.319161	
4.348186	447.002589	446.961368	447.404015	447.388974	
4.358289	447.069793	447.031181	447.471219	447.458787	
4.368508	447.137199	447.092268	447.538625	447.5286	
4.378691	447.203714	447.153354	447.605139	447.589687	
4.388803	447.26918	447.223168	447.670605	447.6595	
4.399312	447.336554	447.292981	447.73798	447.729313	
4.409084	447.398622	447.354067	447.800048	447.7904	
4.419387	447.4635	447.415154	447.864926	447.851486	
4.429467	447.526267	447.484967	447.927693	447.921299	
4.439661	447.589187	447.55478	447.990613	447.982386	
4.449955	447.652106	447.615867	448.053532	448.043472	
4.45994	447.712525	447.676953	448.11395	448.104559	
4.470106	447.773451	447.746766	448.174877	448.165645	
4.480242	447.833549	447.807853	448.234974	448.235458	
4.490448	447.893467	447.868939	448.294892	448.287818	
4.500813	447.953706	447.930026	448.355131	448.348905	
4.510648	448.01148	447.991112	448.412906	448.409991	
4.521259	448.07083	448.052199	448.472256	448.471078	
4.531326	448.127266	448.104559	448.528692	448.532164	
4.541511	448.184006	448.165645	448.585432	448.584524	
4.551651	448.239839	448.218005	448.641265	448.645611	
4.561745	448.294883	448.270365	448.696309	448.706697	
4.571971	448.349955	448.322725	448.751381	448.759057	
4.582122	448.404069	448.375085	448.805495	448.811417	
4.592231	448.45732	448.427445	448.858746	448.872504	
4.602406	448.510316	448.479805	448.911742	448.924864	
4.612703	448.563354	448.532164	448.964779	448.977223	
4.624455	448.62299	448.584524	449.024415	449.03831	
4.634243	448.672132	448.636884	449.073558	449.09067	
4.644408	448.722552	448.689244	449.123978	449.14303	
4.654556	448.7723	448.732877	449.173726	449.19539	
4.672998	448.860239	448.82887	449.261665	449.282656	
4.677689	448.882653	448.846324	449.284079	449.308836	
4.687833	448.930392	448.889957	449.331818	449.352469	
4.697951	448.977389	448.93359	449.378815	449.404829	
4.708094	449.02391	448.98595	449.425336	449.448462	
4.718285	449.070034	449.03831	449.47146	449.492096	
4.728495	449.115643	449.081943	449.517069	449.544455	
4.738716	449.160665	449.125576	449.562091	449.588089	
4.748818	449.204567	449.177936	449.605993	449.631722	
4.760745	449.255528	449.230296	449.656953	449.684082	
4.770956	449.299554	449.273929	449.70098	449.727715	
4.780993	449.340313	449.317563	449.741739	449.771348	
4.791153	449.381933	449.361196	449.783359	449.806255	
4.80137	449.423197	449.404829	449.824623	449.849888	
4.811492	449.463467	449.448462	449.864893	449.893521	
4.821631	449.503226	449.492096	449.904652	449.937155	
4.831925	449.54294	449.527002	449.944365	449.972061	
4.842009	449.581269	449.579362	449.982695	450.015694	
4.852198	449.619365	449.614269	450.020791	450.050601	
4.862277	449.65647	449.649175	450.057896	450.085508	
4.872628	449.693949	449.692808	450.095375	450.129141	
4.882633	449.729594	449.727715	450.13102	450.164047	
4.892742	449.76501	449.762622	450.166436	450.198954	
4.902897	449.799991	449.797528	450.201417	450.23386	
4.913016	449.834238	449.823708	450.235664	450.277494	
4.932242	449.8967	449.858615	450.298125	450.33858	
4.937225	449.912928	449.902248	450.314354	450.356034	
4.947006	449.944103	449.928428	450.345529	450.39094	
4.957243	449.976122	449.963334	450.377548	450.41712	
4.96728	450.006937	449.989514	450.408363	450.452027	
4.977473	450.037626	450.015694	450.439052	450.486933	
4.987657	450.067681	450.050601	450.469107	450.52184	
4.997775	450.096959	450.076781	450.498385	450.54802	
5.017276	450.150721	450.129141	450.552147	450.609106	
5.022346	450.164663	450.137867	450.566089	450.617833	
5.034298	450.19668	450.164047	450.598105	450.65274	
5.042226	450.217598	450.190227	450.619023	450.678919	
5.052394	450.243806	450.216407	450.645232	450.705099	
5.062481	450.269225	450.242587	450.670651	450.731279	
5.072663	450.294296	450.268767	450.695721	450.748733	
5.082781	450.318604	450.294947	450.720029	450.783639	
5.092955	450.342461	450.321127	450.743887	450.809819	
5.103885	450.367401	450.347307	450.768827	450.835999	
5.121226	450.404904	450.36476	450.80633	450.862179	
5.125826	450.414883	450.399667	450.816309	450.870906	
5.138376	450.44099	450.425847	450.842415	450.888359	
5.148464	450.461441	450.4433	450.862867	450.905812	
5.158589	450.481397	450.46948	450.882823	450.923266	
5.168705	450.500757	450.486933	450.902183	450.949445	
5.178906	450.519699	450.504387	450.921125	450.958172	
5.189086	450.538002	450.530566	450.939428	450.984352	
5.199173	450.555583	450.539293	450.957009	450.993079	
5.2094	450.572809	450.565473	450.974235	451.019259	
5.219496	450.58925	450.5742	450.990676	451.027985	
5.229682	450.605255	450.591653	451.006681	451.045439	
5.24148	450.622969	450.609106	451.024395	451.062892	
5.251385	450.637344	450.62656	451.03877	451.080345	
5.261515	450.651462	450.635286	451.052888	451.097798	
5.271688	450.665082	450.644013	451.066507	451.106525	
5.282344	450.678699	450.65274	451.080125	451.123978	
5.292032	450.690593	450.661466	451.092018	451.132705	
5.302153	450.702445	450.670193	451.10387	451.141432	
5.312278	450.713748	450.678919	451.115174	451.150158	
5.322492	450.724589	450.678919	451.126015	451.158885	
5.332622	450.734789	450.687646	451.136215	451.158885	
5.352312	450.752037	450.696373	451.153463	451.167612	
5.356912	450.756133	450.696373	451.157559	451.167612	
5.367066	450.764513	450.705099	451.165939	451.167612	
5.377189	450.772358	450.713826	451.173784	451.167612	
5.387395	450.77969	450.713826	451.181116	451.167612	
5.397571	450.786499	450.731279	451.187924	451.176338	
5.40773	450.792778	450.731279	451.194204	451.185065	
5.41788	450.798548	450.740006	451.199974	451.185065	
5.428051	450.803825	450.748733	451.20525	451.193792	
5.438201	450.8086	450.757459	451.210026	451.193792	
5.448458	450.812932	450.766186	451.214358	451.202518	
5.458583	450.81674	450.774913	451.218166	451.202518	
5.468664	450.820085	450.783639	451.22151	451.202518	
5.489006	450.824595	450.801092	451.226021	451.219972	
5.494035	450.825797	450.801092	451.227223	451.219972	
5.503845	450.827721	450.809819	451.229147	451.219972	
5.513995	450.82937	450.809819	451.230796	451.228698	
5.524178	450.834526	450.818546	451.235952	451.237425	
5.534267	450.834526	450.818546	451.235952	451.237425	
5.549086	450.834526	450.818546	451.235952	451.246151	
5.554772	450.834526	450.818546	451.235952	451.246151	
5.56484	450.834526	450.818546	451.235952	451.246151	
5.574942	450.834526	450.818546	451.235952	451.246151	
5.585067	450.834526	450.818546	451.235952	451.246151	
5.595405	450.834526	450.818546	451.235952	451.246151	
5.605532	450.834526	450.818546	451.235952	451.246151	
5.615716	450.834526	450.818546	451.235952	451.237425	
5.625886	450.834526	450.818546	451.235952	451.237425	
5.636034	450.834526	450.818546	451.235952	451.237425	
5.646189	450.834526	450.818546	451.235952	451.237425	
5.656357	450.834526	450.818546	451.235952	451.237425	
5.666574	450.834526	450.818546	451.235952	451.237425	
5.676687	450.834526	450.818546	451.235952	451.237425	
5.686822	450.834526	450.818546	451.235952	451.237425	
5.696966	450.834526	450.818546	451.235952	451.237425	
5.70715	450.834526	450.818546	451.235952	451.237425	
5.717349	450.834526	450.818546	451.235952	451.237425	
5.727526	450.834526	450.818546	451.235952	451.237425	
5.737647	450.834526	450.818546	451.235952	451.237425	
5.747808	450.834526	450.818546	451.235952	451.237425	
5.76609	450.834526	450.818546	451.235952	451.237425	
5.770784	450.834526	450.818546	451.235952	451.237425	
5.780804	450.834526	450.818546	451.235952	451.237425	
5.790936	450.834526	450.818546	451.235952	451.237425	
5.801218	450.834526	450.818546	451.235952	451.237425	
5.811317	450.834526	450.818546	451.235952	451.237425	
5.821522	450.834526	450.818546	451.235952	451.237425	
5.831647	450.834526	450.818546	451.235952	451.237425	
5.841827	450.834526	450.818546	451.235952	451.237425	
5.85234	450.834526	450.818546	451.235952	451.237425	
5.862109	450.834526	450.818546	451.235952	451.237425	
5.872221	450.834526	450.818546	451.235952	451.237425	
5.882366	450.834526	450.818546	451.235952	451.237425	
5.892525	450.834526	450.818546	451.235952	451.237425	
5.902673	450.834526	450.818546	451.235952	451.237425	
5.912811	450.834526	450.818546	451.235952	451.237425	
5.923072	450.834526	450.818546	451.235952	451.237425	
5.933104	450.834526	450.818546	451.235952	451.237425	
5.951264	450.834526	450.818546	451.235952	451.237425	
5.955909	450.834526	450.818546	451.235952	451.237425	
5.966	450.834526	450.818546	451.235952	451.237425	
5.97616	450.834526	450.818546	451.235952	451.237425	
5.986324	450.834526	450.818546	451.235952	451.237425	
5.9965	450.834526	450.818546	451.235952	451.237425	
6.008215	450.834526	450.818546	451.235952	451.237425	
6.016817	450.834526	450.818546	451.235952	451.237425	
6.026976	450.834526	450.818546	451.235952	451.237425	
6.037143	450.834526	450.818546	451.235952	451.237425	
6.047284	450.834526	450.818546	451.235952	451.237425	
6.057476	450.834526	450.818546	451.235952	451.237425	
6.067645	450.834526	450.818546	451.235952	451.237425	
6.077785	450.834526	450.818546	451.235952	451.237425	
6.087893	450.834526	450.818546	451.235952	451.237425	
6.098084	450.834526	450.818546	451.235952	451.237425	
6.108291	450.834526	450.818546	451.235952	451.237425	
6.118365	450.834526	450.818546	451.235952	451.237425	
6.128517	450.834526	450.818546	451.235952	451.237425	
6.138662	450.834526	450.818546	451.235952	451.237425	
6.148831	450.834526	450.818546	451.235952	451.237425	
6.158926	450.834526	450.818546	451.235952	451.237425	
6.169137	450.834526	450.818546	451.235952	451.237425	
6.179312	450.834526	450.818546	451.235952	451.237425	
6.189538	450.834526	450.818546	451.235952	451.237425	
6.199604	450.834526	450.818546	451.235952	451.237425	
6.209788	450.834526	450.818546	451.235952	451.237425	
6.219969	450.834526	450.818546	451.235952	451.237425	
6.230113	450.834526	450.818546	451.235952	451.237425	
6.240255	450.834526	450.818546	451.235952	451.237425	
6.250711	450.834526	450.818546	451.235952	451.237425	
6.262233	450.834526	450.818546	451.235952	451.237425	
6.270863	450.834526	450.818546	451.235952	451.237425	
6.281048	450.834526	450.818546	451.235952	451.237425	
6.291224	450.834526	450.818546	451.235952	451.237425	
6.301496	450.834526	450.818546	451.235952	451.237425	
6.311571	450.834526	450.818546	451.235952	451.237425	
6.32166	450.834526	450.818546	451.235952	451.237425	
6.33192	450.834526	450.818546	451.235952	451.237425	
6.342005	450.834526	450.818546	451.235952	451.237425	
6.352157	450.834526	450.818546	451.235952	451.237425	
6.362269	450.834526	450.818546	451.235952	451.237425	
6.372598	450.834526	450.818546	451.235952	451.237425	
6.382613	450.834526	450.818546	451.235952	451.237425	
6.39273	450.834526	450.818546	451.235952	451.237425	
6.402917	450.834526	450.818546	451.235952	451.237425	
6.413019	450.834526	450.818546	451.235952	451.237425	
6.423202	450.834526	450.818546	451.235952	451.237425	
6.43341	450.834526	450.818546	451.235952	451.237425	
6.443471	450.834526	450.818546	451.235952	451.237425	
6.453673	450.834526	450.818546	451.235952	451.237425	
6.463792	450.834526	450.818546	451.235952	451.237425	
6.473954	450.834526	450.818546	451.235952	451.237425	
6.48414	450.834526	450.818546	451.235952	451.237425	
6.494272	450.834526	450.818546	451.235952	451.237425	
6.504425	450.834526	450.818546	451.235952	451.237425	
6.514633	450.834526	450.818546	451.235952	451.237425	
6.532596	450.834526	450.818546	451.235952	451.237425	
6.537154	450.834526	450.818546	451.235952	451.237425	
6.547333	450.834526	450.818546	451.235952	451.237425	
6.55756	450.834526	450.818546	451.235952	451.237425	
6.56767	450.834526	450.818546	451.235952	451.237425	
6.577846	450.834526	450.818546	451.235952	451.237425	
6.588089	450.834526	450.818546	451.235952	451.237425	
6.5982	450.834526	450.818546	451.235952	451.237425	
6.608283	450.834526	450.818546	451.235952	451.237425	
6.618535	450.834526	450.818546	451.235952	451.237425	
6.628617	450.834526	450.818546	451.235952	451.237425	
6.638799	450.834526	450.818546	451.235952	451.237425	
6.648958	450.834526	450.818546	451.235952	451.237425	
6.659126	450.834526	450.818546	451.235952	451.237425	
6.669285	450.834526	450.818546	451.235952	451.237425	
6.679398	450.834526	450.818546	451.235952	451.237425	
6.68963	450.834526	450.818546	451.235952	451.237425	
6.699762	450.834526	450.818546	451.235952	451.237425	
6.709921	450.834526	450.818546	451.235952	451.237425	
6.720059	450.834526	450.818546	451.235952	451.237425	
6.730216	450.834526	450.818546	451.235952	451.237425	
6.740415	450.834526	450.818546	451.235952	451.237425	
6.750521	450.834526	450.818546	451.235952	451.237425	
6.761978	450.834526	450.818546	451.235952	451.237425	
6.770814	450.834526	450.818546	451.235952	451.237425	
6.780916	450.834526	450.818546	451.235952	451.237425	
6.791058	450.834526	450.818546	451.235952	451.237425	
6.80151	450.834526	450.818546	451.235952	451.237425	
6.811441	450.834526	450.818546	451.235952	451.237425	
6.821637	450.834526	450.818546	451.235952	451.237425	
6.831752	450.834526	450.818546	451.235952	451.237425	
6.842327	450.834526	450.818546	451.235952	451.237425	
6.852101	450.834526	450.818546	451.235952	451.237425	
6.862198	450.834526	450.818546	451.235952	451.237425	
6.872346	450.834526	450.818546	451.235952	451.237425	
6.882525	450.834526	450.818546	451.235952	451.237425	
6.892646	450.834526	450.818546	451.235952	451.237425	
6.902787	450.834526	450.818546	451.235952	451.237425	
6.912969	450.834526	450.818546	451.235952	451.237425	
6.942964	450.834526	450.818546	451.235952	451.237425	
6.957083	450.834526	450.818546	451.235952	451.237425	
6.972074	450.834526	450.818546	451.235952	451.237425	
