0.03529455	
0.03989736	
0.05794262	
0.06230145	
0.07253003	
0.08263061	
0.0927912	
0.1029788	
0.1131184	
0.1232079	
0.1334175	
0.1435041	
0.1639073	
0.1761428	
0.1805346	
0.1907072	
0.2007948	
0.2110013	
0.2211409	
0.2313245	
0.2414461	
0.2515947	
0.2617733	
0.2719218	
0.2820414	
0.292181	
0.3023536	
0.3125522	
0.3226268	
0.3327764	
0.3430319	
0.3530985	
0.3632531	
0.3734297	
0.3835653	
0.3936869	
0.4038204	
0.414551	
0.4240776	
0.4343592	
0.4443658	
0.4545614	
0.4646749	
0.4748215	
0.4849911	
0.4951927	
0.5052943	
0.5154239	
0.5255784	
0.536413	
0.5458286	
0.5559472	
0.5660778	
0.5763464	
0.5866069	
0.5965695	
0.6067141	
0.6168097	
0.6270203	
0.6372449	
0.6479914	
0.657462	
0.6679336	
0.6777032	
0.6878578	
0.6979854	
0.708398	
0.7183185	
0.7285761	
0.7464624	
0.7512972	
0.7609988	
0.7711684	
0.781266	
0.7929015	
0.8015711	
0.8117577	
0.8219083	
0.8320819	
0.8422155	
0.85239	
0.8625136	
0.8726362	
0.8828028	
0.8930664	
0.903162	
0.9144755	
0.9233741	
0.9335307	
0.9436363	
0.9538149	
0.9639515	
0.9741061	
0.9842236	
0.9944052	
1.004526	
1.014697	
1.024838	
1.038449	391.269582	391.259185	391.653555	391.651884	
1.045151	391.270532	391.267912	391.654505	391.651884	
1.055355	391.272713	391.267912	391.656685	391.651884	
1.065422	391.27547	391.267912	391.659442	391.660611	
1.075549	391.278858	391.267912	391.662831	391.660611	
1.08579	391.282919	391.267912	391.666891	391.660611	
1.095903	391.287539	391.267912	391.671511	391.669337	
1.106092	391.292816	391.276638	391.676789	391.669337	
1.116224	391.29868	391.276638	391.682652	391.678064	
1.1265	391.305267	391.285365	391.689239	391.686791	
1.137085	391.312736	391.285365	391.696708	391.686791	
1.147427	391.320668	391.294092	391.704641	391.695517	
1.156857	391.328396	391.294092	391.712369	391.704244	
1.16708	391.337435	391.302818	391.721408	391.712971	
1.177211	391.347003	391.302818	391.730976	391.721697	
1.187683	391.357571	391.302818	391.741544	391.730424	
1.197511	391.368035	391.311545	391.752008	391.747877	
1.20762	391.37943	391.320272	391.763402	391.756604	
1.217752	391.391464	391.320272	391.775437	391.765331	
1.227885	391.404115	391.328998	391.788087	391.774057	
1.238546	391.418143	391.337725	391.802115	391.79151	
1.248248	391.431419	391.346452	391.815392	391.800237	
1.258351	391.445878	391.355178	391.82985	391.81769	
1.268559	391.461118	391.372631	391.84509	391.826417	
1.278693	391.476865	391.390085	391.860837	391.835144	
1.289178	391.493826	391.407538	391.877799	391.852597	
1.298952	391.510185	391.424991	391.894157	391.861324	
1.309115	391.527837	391.442445	391.911809	391.878777	
1.31926	391.546058	391.468625	391.93003	391.89623	
1.329354	391.564812	391.494805	391.948785	391.904957	
1.340051	391.585401	391.520984	391.969373	391.92241	
1.349786	391.604652	391.547164	391.988624	391.939863	
1.359864	391.625207	391.582071	392.009179	391.966043	
1.370053	391.646625	391.608251	392.030597	391.983497	
1.380173	391.668508	391.634431	392.05248	392.00095	
1.390662	391.691863	391.669337	392.075836	392.02713	
1.400718	391.714846	391.695517	392.098818	392.05331	
1.410873	391.738681	391.721697	392.122654	392.07949	
1.421026	391.763133	391.756604	392.147106	392.10567	
1.431215	391.788294	391.774057	392.172266	392.140576	
1.442726	391.817562	391.800237	392.201534	392.166756	
1.451537	391.840332	391.826417	392.224304	392.201663	
1.461704	391.867289	391.852597	392.251262	392.227843	
1.47182	391.894721	391.87005	392.278694	392.262749	
1.48194	391.922787	391.89623	392.306759	392.297656	
1.492168	391.951777	391.913684	392.335749	392.332563	
1.502302	391.98112	391.931137	392.365092	392.358742	
1.512534	392.011372	391.966043	392.395344	392.384922	
1.522651	392.041897	391.983497	392.425869	392.419829	
1.532758	392.073014	392.009677	392.456987	392.454736	
1.544409	392.109759	392.035857	392.493732	392.480916	
1.553111	392.137559	392.070763	392.521532	392.507095	
1.563207	392.170468	392.096943	392.55444	392.542002	
1.57335	392.204168	392.123123	392.588141	392.576909	
1.583507	392.238511	392.15803	392.622483	392.603089	
1.593689	392.273578	392.192936	392.65755	392.637995	
1.603812	392.309047	392.227843	392.69302	392.664175	
1.613999	392.345384	392.271476	392.729357	392.699082	
1.624135	392.382132	392.306383	392.766105	392.733988	
1.634261	392.419455	392.350016	392.803427	392.768895	
1.6459	392.463268	392.384922	392.84724	392.803801	
1.654642	392.49652	392.437282	392.880493	392.838708	
1.664727	392.535534	392.480916	392.919506	392.882341	
1.674912	392.575575	392.524549	392.959548	392.925975	
1.685031	392.615966	392.568182	392.999938	392.960881	
1.69526	392.657426	392.620542	393.041399	393.004514	
1.705348	392.698914	392.664175	393.082886	393.048148	
1.715516	392.741352	392.716535	393.125325	393.091781	
1.725712	392.784567	392.760168	393.168539	393.135414	
1.735764	392.827735	392.803801	393.211707	393.187774	
1.74737	392.878498	392.856161	393.262471	393.231407	
1.756147	392.917206	392.899795	393.301179	393.27504	
1.766245	392.962429	392.943428	393.346401	393.3274	
1.776471	393.008846	392.995788	393.392818	393.371033	
1.786534	393.055154	393.039421	393.439126	393.423393	
1.806042	393.147744	393.126687	393.531717	393.51066	
1.810619	393.169363	393.152867	393.553335	393.53684	
1.820789	393.218252	393.187774	393.602224	393.5892	
1.831039	393.268154	393.240134	393.652126	393.641559	
1.841095	393.317697	393.283767	393.701669	393.685193	
1.851953	393.371982	393.3274	393.755954	393.737553	
1.861826	393.421805	393.37976	393.805777	393.781186	
1.871919	393.473413	393.43212	393.857386	393.833546	
1.882097	393.52607	393.475753	393.910043	393.885906	
1.892224	393.579077	393.528113	393.963049	393.938265	
1.902445	393.633227	393.571746	394.017199	393.990625	
1.920601	393.731831	393.667739	394.115803	394.077892	
1.925145	393.756406	393.693919	394.140379	394.104072	
1.935456	393.813073	393.746279	394.197045	394.156432	
1.945433	393.868458	393.798639	394.25243	394.208792	
1.956035	393.928059	393.868452	394.312032	394.269878	
1.966125	393.985345	393.920812	394.369317	394.322238	
1.976297	394.043714	393.981899	394.427686	394.374598	
1.986617	394.103581	394.042985	394.487553	394.435684	
1.996577	394.161974	394.104072	394.545946	394.496771	
2.006737	394.222098	394.165158	394.606071	394.557857	
2.016853	394.282623	394.234971	394.666595	394.618944	
2.02698	394.343829	394.304785	394.727801	394.68003	
2.037194	394.406202	394.365871	394.790174	394.741117	
2.04781	394.471699	394.435684	394.855672	394.81093	
2.057667	394.533081	394.496771	394.917054	394.872017	
2.06778	394.596666	394.566584	394.980638	394.933103	
2.077995	394.661521	394.636397	395.045493	395.002916	
2.088243	394.727229	394.697484	395.111202	395.072729	
2.098396	394.792964	394.767297	395.176936	395.142543	
2.108529	394.859371	394.828383	395.243343	395.203629	
2.118754	394.926558	394.898197	395.310531	395.273442	
2.129298	394.996785	394.96801	395.380757	395.343256	
2.139	395.061878	395.037823	395.44585	395.413069	
2.159425	395.202258	395.098909	395.58623	395.552695	
2.163974	395.233315	395.194903	395.617288	395.578875	
2.174316	395.305027	395.264716	395.688999	395.648688	
2.184453	395.375845	395.334529	395.759817	395.718501	
2.194471	395.446429	395.404342	395.830401	395.788314	
2.204612	395.518522	395.482882	395.902495	395.858128	
2.214784	395.591472	395.561422	395.975444	395.927941	
2.224905	395.664611	395.631235	396.048583	395.997754	
2.235057	395.738689	395.701048	396.122661	396.067567	
2.245211	395.813311	395.770861	396.197284	396.13738	
2.25536	395.888559	395.840674	396.272532	396.207193	
2.265599	395.965129	395.927941	396.349101	396.277007	
2.275713	396.041298	395.997754	396.425271	396.355546	
2.285886	396.118604	396.076294	396.502576	396.434086	
2.296046	396.19643	396.154834	396.580402	396.503899	
2.306393	396.276915	396.224647	396.660887	396.582439	
2.316367	396.353887	396.29446	396.737859	396.660979	
2.326452	396.432945	396.381726	396.816917	396.739519	
2.336649	396.513524	396.460266	396.897496	396.818059	
2.346829	396.594558	396.538806	396.978531	396.896599	
2.356971	396.675995	396.617346	397.059967	396.975138	
2.367451	396.760756	396.695886	397.144729	397.062405	
2.377269	396.840641	396.783152	397.224614	397.140945	
2.387447	396.924189	396.861692	397.308161	397.228211	
2.39755	397.007698	396.940232	397.39167	397.315478	
2.407927	397.094186	397.027498	397.478158	397.402744	
2.419093	397.187944	397.114765	397.571917	397.498737	
2.429242	397.27379	397.202031	397.657763	397.586004	
2.439391	397.360212	397.289298	397.744184	397.67327	
2.449461	397.446575	397.376564	397.830547	397.760537	
2.461127	397.547605	397.463831	397.931578	397.847803	
2.469892	397.62377	397.551097	398.007743	397.935069	
2.480047	397.712737	397.64709	398.09671	398.031063	
2.490202	397.802323	397.734357	398.186295	398.118329	
2.500287	397.891898	397.83035	398.275871	398.214322	
2.510674	397.984832	397.917616	398.368804	398.301589	
2.520831	398.07631	398.004883	398.460283	398.388855	
2.531011	398.168609	398.100876	398.552582	398.484848	
2.541891	398.268025	398.205595	398.651998	398.580841	
2.551945	398.36045	398.292862	398.744423	398.676834	
2.562626	398.459409	398.388855	398.843381	398.772827	
2.572305	398.549493	398.476122	398.933465	398.868821	
2.582459	398.644718	398.572115	399.02869	398.964814	
2.592875	398.743002	398.668108	399.126974	399.05208	
2.602975	398.838943	398.755374	399.222915	399.1568	
2.613169	398.936413	398.860094	399.320386	399.252793	
2.623318	399.03407	398.94736	399.418043	399.348786	
2.633487	399.132502	399.05208	399.516474	399.444779	
2.643614	399.231169	399.148073	399.615142	399.540772	
2.65401	399.333145	399.244066	399.717117	399.645492	
2.665949	399.452381	399.348786	399.836354	399.741485	
2.674254	399.533535	399.453506	399.917508	399.846205	
2.684638	399.637272	399.558226	400.021244	399.942198	
2.694768	399.739068	399.662945	400.12304	400.046918	
2.704873	399.841204	399.767665	400.225177	400.151638	
2.715075	399.945072	399.872385	400.329044	400.256357	
2.725223	400.048853	399.977105	400.432825	400.35235	
2.735417	400.15378	400.081824	400.537753	400.465797	
2.745512	400.258287	400.186544	400.642259	400.570517	
2.755635	400.36373	400.291264	400.747702	400.675236	
2.76731	400.486273	400.40471	400.870246	400.779956	
2.776029	400.578103	400.518157	400.962075	400.884676	
2.786133	400.685112	400.622877	401.069084	400.989396	
2.79758	400.807368	400.736323	401.191341	401.102842	
2.806507	400.902984	400.849769	401.286956	401.207562	
2.816678	401.012665	400.963216	401.396637	401.321008	
2.82675	401.121797	401.076662	401.50577	401.425728	
2.836889	401.23234	401.181382	401.616313	401.539174	
2.847041	401.341816	401.303555	401.725789	401.652621	
2.857637	401.455405	401.408275	401.839377	401.766067	
2.868713	401.573516	401.530448	401.957489	401.879514	
2.877551	401.667175	401.635167	402.051147	401.99296	
2.887653	401.773613	401.748614	402.157585	402.106406	
2.897762	401.879607	401.86206	402.26358	402.219853	
2.907889	401.985165	401.975507	402.369138	402.333299	
2.91966	402.107112	402.088953	402.491084	402.455472	
2.928166	402.194776	402.193673	402.578749	402.542739	
2.938307	402.298623	402.307119	402.682596	402.647458	
2.948467	402.402108	402.411839	402.78608	402.760905	
2.95868	402.505497	402.507832	402.889469	402.865625	
2.97049	402.624309	402.612552	403.008281	402.970344	
2.97933	402.712727	402.717272	403.0967	403.075064	
2.989061	402.809491	402.821991	403.193463	403.171057	
2.999289	402.910607	402.926711	403.29458	403.275777	
3.009316	403.009102	403.022704	403.393075	403.380497	
3.019518	403.108807	403.118697	403.492779	403.485216	
3.029698	403.207601	403.21469	403.591573	403.58121	
3.039789	403.304972	403.310684	403.688945	403.677203	
3.049948	403.402363	403.39795	403.786335	403.773196	
3.067937	403.572579	403.55503	403.956552	403.939002	
3.073601	403.626223	403.598663	404.010195	404.000089	
3.082734	403.712051	403.694656	404.096024	404.078628	
3.093099	403.80879	403.781922	404.192763	404.174622	
3.103303	403.903373	403.869189	404.287346	404.261888	
3.1133	403.995511	403.965182	404.379483	404.357881	
3.123469	404.088593	404.052448	404.472566	404.445148	
3.133674	404.181438	404.148442	404.56541	404.532414	
3.143811	404.273035	404.235708	404.657007	404.61968	
3.154449	404.368523	404.322975	404.752496	404.715674	
3.164511	404.458512	404.410241	404.842485	404.80294	
3.175177	404.552669	404.497507	404.936642	404.898933	
3.184868	404.637911	404.593501	405.021883	404.9862	
3.195024	404.726589	404.680767	405.110561	405.073466	
3.205172	404.814628	404.77676	405.1986	405.160733	
3.215352	404.902334	404.864027	405.286307	405.256726	
3.22549	404.989077	404.951293	405.37305	405.343992	
3.235694	405.075788	405.03856	405.459761	405.431259	
3.245848	405.161454	405.125826	405.545426	405.518525	
3.25597	405.24668	405.213092	405.630653	405.605792	
3.266386	405.333553	405.300359	405.717525	405.693058	
3.285552	405.489714	405.474892	405.873687	405.858864	
3.290286	405.528465	405.509798	405.912438	405.893771	
3.300637	405.612724	405.605792	405.996696	405.981037	
3.310547	405.692286	405.693058	406.076259	406.068304	
3.321025	405.776086	405.780324	406.160058	406.15557	
3.331176	405.856621	405.858864	406.240593	406.242837	
3.34134	405.936692	405.946131	406.320665	406.321377	
3.351502	406.016127	406.033397	406.4001	406.408643	
3.361616	406.094627	406.111937	406.478599	406.487183	
3.371778	406.172846	406.190477	406.556818	406.565723	
3.382038	406.251268	406.269017	406.63524	406.644262	
3.392129	406.327686	406.347556	406.711659	406.722802	
3.402298	406.404171	406.41737	406.788143	406.801342	
3.412404	406.47957	406.487183	406.863542	406.871155	
3.422622	406.555212	406.565723	406.939184	406.949695	
3.432794	406.629893	406.635536	407.013866	407.028235	
3.442903	406.703494	406.705349	407.087466	407.098048	
3.453052	406.776789	406.783889	407.160761	407.176588	
3.463239	406.849743	406.853702	407.233715	407.246401	
3.47335	406.92157	406.923515	407.305543	407.316214	
3.483594	406.993766	406.993328	407.377739	407.386027	
3.493754	407.064678	407.063141	407.448651	407.455841	
3.503892	407.134905	407.124228	407.518877	407.525654	
3.51403	407.204503	407.194041	407.588475	407.595467	
3.524155	407.273466	407.263854	407.657439	407.66528	
3.534374	407.342382	407.333667	407.726354	407.726367	
3.544577	407.410608	407.403481	407.79458	407.79618	
3.554621	407.477159	407.464567	407.861131	407.865993	
3.56476	407.543776	407.53438	407.927748	407.927079	
3.574882	407.609663	407.604194	407.993635	407.988166	
3.585132	407.675791	407.674007	408.059763	408.057979	
3.595305	407.740794	407.74382	408.124766	408.119066	
3.60545	407.805043	407.813633	408.189015	408.180152	
3.615634	407.868882	407.883446	408.252855	408.241239	
3.625676	407.931283	407.953259	408.315256	408.302325	
3.636366	407.997005	408.023073	408.380977	408.372138	
3.646513	408.05882	408.084159	408.442793	408.424498	
3.656746	408.120552	408.145246	408.504525	408.485585	
3.666774	408.180443	408.215059	408.564415	408.546671	
3.676934	408.240574	408.267419	408.624546	408.607758	
3.687284	408.30114	408.328505	408.685112	408.668844	
3.697311	408.359233	408.389592	408.743205	408.721204	
3.707482	408.417553	408.450678	408.801525	408.782291	
3.71755	408.474717	408.503038	408.858689	408.843377	
3.727919	408.532965	408.564125	408.916937	408.895737	
3.73788	408.588301	408.616484	408.972273	408.96555	
3.74801	408.644028	408.668844	409.028	409.01791	
3.758167	408.699274	408.721204	409.083247	409.07027	
3.768271	408.753666	408.773564	409.137639	409.131357	
3.77845	408.807867	408.817197	409.191839	409.183716	
3.788751	408.862064	408.869557	409.246036	409.244803	
3.800095	408.920965	408.921917	409.304938	409.297163	
3.808987	408.966712	408.96555	409.350685	409.349523	
3.819086	409.018091	409.026637	409.402063	409.401883	
3.829387	409.069868	409.07027	409.45384	409.454243	
3.839451	409.119858	409.12263	409.50383	409.506602	
3.849533	409.169341	409.166263	409.553313	409.558962	
3.85968	409.218538	409.218623	409.602511	409.611322	
3.869854	409.267293	409.270983	409.651266	409.663682	
3.880551	409.317873	409.314616	409.701845	409.707315	
3.89024	409.363166	409.366976	409.747139	409.759675	
3.900353	409.409799	409.419336	409.793771	409.803308	
3.910551	409.456236	409.462969	409.840209	409.855668	
3.921232	409.504255	409.506602	409.888227	409.899301	
3.930822	409.546804	409.558962	409.930777	409.942935	
3.941354	409.592877	409.611322	409.976849	409.986568	
3.951515	409.636727	409.654955	410.020699	410.030201	
3.961649	409.679875	409.698589	410.063847	410.073834	
3.971808	409.722552	409.742222	410.106524	410.117468	
3.982019	409.764835	409.785855	410.148807	410.161101	
3.992373	409.807113	409.829488	410.191085	410.204734	
4.002348	409.84722	409.864395	410.231193	410.239641	
4.012498	409.88744	409.908028	410.271412	410.283274	
4.022814	409.927737	409.942935	410.311709	410.31818	
4.032895	409.966509	409.977841	410.350482	410.361814	
4.042987	410.004737	410.012748	410.388709	410.39672	
4.05314	410.042606	410.047654	410.426579	410.431627	
4.063393	410.080243	410.082561	410.464216	410.466533	
4.073424	410.116481	410.126194	410.500454	410.510167	
4.083613	410.152698	410.161101	410.536671	410.545073	
4.094057	410.189213	410.196007	410.573186	410.588707	
4.10414	410.223835	410.230914	410.607807	410.623613	
4.114255	410.257998	410.265821	410.641971	410.65852	
4.124356	410.291535	410.292001	410.675507	410.693426	
4.134583	410.324905	410.326907	410.708877	410.728333	
4.162341	410.409627	410.414174	410.793599	410.815599	
4.166919	410.423744	410.431627	410.807717	410.833053	
4.177064	410.454365	410.466533	410.838338	410.867959	
4.188729	410.48886	410.492713	410.872833	410.894139	
4.19747	410.514158	410.518893	410.89813	410.929046	
4.207578	410.54289	410.5538	410.926863	410.955226	
4.217684	410.571045	410.57998	410.955017	410.990132	
4.227824	410.598714	410.60616	410.982686	411.016312	
4.238056	410.626055	410.63234	411.010028	411.051219	
4.248148	410.652423	410.65852	411.036395	411.077399	
4.258274	410.678307	410.6847	411.06228	411.103579	
4.268419	410.703654	410.71088	411.087627	411.129759	
4.286486	410.746564	410.728333	411.130537	411.182118	
4.291742	410.759084	410.763239	411.143056	411.199572	
4.301306	410.781207	410.780693	411.16518	411.225752	
4.311496	410.804199	410.806873	411.188172	411.251932	
4.321606	410.826415	410.824326	411.210388	411.269385	
4.331717	410.848074	410.850506	411.232047	411.295565	
4.341964	410.869434	410.867959	411.253406	411.313018	
4.35208	410.889947	410.885413	411.27392	411.330471	
4.362223	410.909944	410.902866	411.293916	411.339198	
4.372342	410.929316	410.920319	411.313289	411.356651	
4.382489	410.948177	410.946499	411.33215	411.365378	
4.393569	410.968065	410.972679	411.352038	411.374105	
4.402842	410.984259	410.981406	411.368231	411.391558	
4.412962	411.001354	410.998859	411.385326	411.400285	
4.423196	411.018064	411.016312	411.402036	411.409011	
4.433272	411.033953	411.025039	411.417925	411.426465	
4.44353	411.049547	411.042492	411.433519	411.443918	
4.45364	411.064364	411.051219	411.448336	411.452645	
4.463822	411.078712	411.059945	411.462684	411.470098	
4.473959	411.092437	411.077399	411.476409	411.478824	
4.484077	411.105588	411.086125	411.48956	411.496278	
4.494887	411.118996	411.094852	411.502968	411.513731	
4.504456	411.130376	411.112305	411.514348	411.522458	
4.514581	411.141865	411.121032	411.525837	411.539911	
4.524747	411.152882	411.129759	411.536855	411.548638	
4.534868	411.163241	411.138485	411.547213	411.566091	
4.545281	411.173353	411.147212	411.557325	411.583544	
4.555361	411.18261	411.164665	411.566583	411.592271	
4.565499	411.191388	411.173392	411.57536	411.600997	
4.575701	411.19968	411.182118	411.583653	411.609724	
4.5858	411.207362	411.199572	411.591334	411.618451	
4.605404	411.219849	411.217025	411.603822	411.618451	
4.610097	411.222902	411.225752	411.606874	411.618451	
4.620142	411.228829	411.234478	411.612802	411.627177	
4.63029	411.23432	411.243205	411.618292	411.627177	
4.640703	411.239435	411.251932	411.623407	411.635904	
4.65102	411.244013	411.251932	411.627986	411.635904	
4.660965	411.247985	411.269385	411.631957	411.644631	
4.671109	411.251577	411.269385	411.63555	411.653357	
4.681213	411.254719	411.269385	411.638691	411.653357	
4.691397	411.257456	411.278112	411.641428	411.653357	
4.701626	411.259793	411.278112	411.643765	411.653357	
4.711848	411.261739	411.286838	411.645711	411.653357	
4.721919	411.26331	411.286838	411.647282	411.653357	
4.732055	411.267912	411.286838	411.651884	411.644631	
4.742276	411.267912	411.286838	411.651884	411.644631	
4.752381	411.267912	411.286838	411.651884	411.635904	
4.762527	411.267912	411.286838	411.651884	411.635904	
4.772731	411.267912	411.278112	411.651884	411.627177	
4.782828	411.267912	411.278112	411.651884	411.627177	
4.793018	411.267912	411.278112	411.651884	411.627177	
4.812868	411.267912	411.278112	411.651884	411.635904	
4.817496	411.267912	411.278112	411.651884	411.635904	
4.827603	411.267912	411.278112	411.651884	411.635904	
4.838006	411.267912	411.278112	411.651884	411.644631	
4.848177	411.267912	411.278112	411.651884	411.644631	
4.858254	411.267912	411.278112	411.651884	411.653357	
4.8682	411.267912	411.278112	411.651884	411.653357	
4.878326	411.267912	411.278112	411.651884	411.653357	
4.8887	411.267912	411.278112	411.651884	411.653357	
4.898676	411.267912	411.278112	411.651884	411.653357	
4.908787	411.267912	411.278112	411.651884	411.653357	
4.919969	411.267912	411.278112	411.651884	411.653357	
4.929077	411.267912	411.278112	411.651884	411.653357	
4.939209	411.267912	411.278112	411.651884	411.653357	
4.949332	411.267912	411.278112	411.651884	411.653357	
4.959566	411.267912	411.278112	411.651884	411.653357	
4.969681	411.267912	411.278112	411.651884	411.653357	
4.97981	411.267912	411.278112	411.651884	411.644631	
4.99004	411.267912	411.278112	411.651884	411.644631	
5.000125	411.267912	411.278112	411.651884	411.644631	
5.010631	411.267912	411.278112	411.651884	411.644631	
5.020732	411.267912	411.278112	411.651884	411.644631	
5.030847	411.267912	411.278112	411.651884	411.644631	
5.041017	411.267912	411.278112	411.651884	411.644631	
5.05119	411.267912	411.278112	411.651884	411.644631	
5.061333	411.267912	411.278112	411.651884	411.644631	
5.07156	411.267912	411.278112	411.651884	411.644631	
5.081647	411.267912	411.278112	411.651884	411.644631	
5.092006	411.267912	411.278112	411.651884	411.644631	
5.102027	411.267912	411.278112	411.651884	411.644631	
5.112137	411.267912	411.278112	411.651884	411.644631	
5.122252	411.267912	411.278112	411.651884	411.644631	
5.132422	411.267912	411.278112	411.651884	411.644631	
5.142593	411.267912	411.278112	411.651884	411.644631	
5.154865	411.267912	411.278112	411.651884	411.644631	
5.162889	411.267912	411.278112	411.651884	411.644631	
5.173136	411.267912	411.278112	411.651884	411.644631	
5.183143	411.267912	411.278112	411.651884	411.644631	
5.193312	411.267912	411.278112	411.651884	411.644631	
5.203464	411.267912	411.278112	411.651884	411.644631	
5.213615	411.267912	411.278112	411.651884	411.644631	
5.223794	411.267912	411.278112	411.651884	411.644631	
5.233964	411.267912	411.278112	411.651884	411.644631	
5.244143	411.267912	411.278112	411.651884	411.644631	
5.254286	411.267912	411.278112	411.651884	411.644631	
5.264415	411.267912	411.278112	411.651884	411.644631	
5.274523	411.267912	411.278112	411.651884	411.644631	
5.284787	411.267912	411.278112	411.651884	411.644631	
5.294894	411.267912	411.278112	411.651884	411.644631	
5.305066	411.267912	411.278112	411.651884	411.644631	
5.315223	411.267912	411.278112	411.651884	411.644631	
5.325312	411.267912	411.278112	411.651884	411.644631	
5.335556	411.267912	411.278112	411.651884	411.644631	
5.345652	411.267912	411.278112	411.651884	411.644631	
5.3558	411.267912	411.278112	411.651884	411.644631	
5.366043	411.267912	411.278112	411.651884	411.644631	
5.376075	411.267912	411.278112	411.651884	411.644631	
5.386296	411.267912	411.278112	411.651884	411.644631	
5.396539	411.267912	411.278112	411.651884	411.644631	
5.406631	411.267912	411.278112	411.651884	411.644631	
5.416815	411.267912	411.278112	411.651884	411.644631	
5.426926	411.267912	411.278112	411.651884	411.644631	
5.437019	411.267912	411.278112	411.651884	411.644631	
5.447275	411.267912	411.278112	411.651884	411.644631	
5.457295	411.267912	411.278112	411.651884	411.644631	
5.467767	411.267912	411.278112	411.651884	411.644631	
5.477623	411.267912	411.278112	411.651884	411.644631	
5.48794	411.267912	411.278112	411.651884	411.644631	
5.497928	411.267912	411.278112	411.651884	411.644631	
5.508044	411.267912	411.278112	411.651884	411.644631	
5.518247	411.267912	411.278112	411.651884	411.644631	
5.528373	411.267912	411.278112	411.651884	411.644631	
5.538571	411.267912	411.278112	411.651884	411.644631	
5.548797	411.267912	411.278112	411.651884	411.644631	
5.558942	411.267912	411.278112	411.651884	411.644631	
5.569017	411.267912	411.278112	411.651884	411.644631	
5.579153	411.267912	411.278112	411.651884	411.644631	
5.589463	411.267912	411.278112	411.651884	411.644631	
5.599539	411.267912	411.278112	411.651884	411.644631	
5.609585	411.267912	411.278112	411.651884	411.644631	
5.619708	411.267912	411.278112	411.651884	411.644631	
5.629938	411.267912	411.278112	411.651884	411.644631	
5.640091	411.267912	411.278112	411.651884	411.644631	
5.650174	411.267912	411.278112	411.651884	411.644631	
5.660455	411.267912	411.278112	411.651884	411.644631	
5.670563	411.267912	411.278112	411.651884	411.644631	
5.680693	411.267912	411.278112	411.651884	411.644631	
5.690876	411.267912	411.278112	411.651884	411.644631	
5.701066	411.267912	411.278112	411.651884	411.644631	
5.711224	411.267912	411.278112	411.651884	411.644631	
5.72136	411.267912	411.278112	411.651884	411.644631	
5.73154	411.267912	411.278112	411.651884	411.644631	
5.7417	411.267912	411.278112	411.651884	411.644631	
5.751873	411.267912	411.278112	411.651884	411.644631	
5.761958	411.267912	411.278112	411.651884	411.644631	
5.772159	411.267912	411.278112	411.651884	411.644631	
5.782356	411.267912	411.278112	411.651884	411.644631	
5.792481	411.267912	411.278112	411.651884	411.644631	
5.803955	411.267912	411.278112	411.651884	411.644631	
5.812869	411.267912	411.278112	411.651884	411.644631	
5.82298	411.267912	411.278112	411.651884	411.644631	
5.833146	411.267912	411.278112	411.651884	411.644631	
5.843285	411.267912	411.278112	411.651884	411.644631	
5.853412	411.267912	411.278112	411.651884	411.644631	
5.863636	411.267912	411.278112	411.651884	411.644631	
5.873898	411.267912	411.278112	411.651884	411.644631	
5.884079	411.267912	411.278112	411.651884	411.644631	
5.894259	411.267912	411.278112	411.651884	411.644631	
5.904575	411.267912	411.278112	411.651884	411.644631	
5.914559	411.267912	411.278112	411.651884	411.644631	
5.925856	411.267912	411.278112	411.651884	411.644631	
5.936082	411.267912	411.278112	411.651884	411.644631	
5.946112	411.267912	411.278112	411.651884	411.644631	
5.956254	411.267912	411.278112	411.651884	411.644631	
5.966461	411.267912	411.278112	411.651884	411.644631	
5.976588	411.267912	411.278112	411.651884	411.644631	
5.986732	411.267912	411.278112	411.651884	411.644631	
5.9969	411.267912	411.278112	411.651884	411.644631	
6.007262	411.267912	411.278112	411.651884	411.644631	
6.017222	411.267912	411.278112	411.651884	411.644631	
6.027319	411.267912	411.278112	411.651884	411.644631	
6.037485	411.267912	411.278112	411.651884	411.644631	
6.047643	411.267912	411.278112	411.651884	411.644631	
6.057748	411.267912	411.278112	411.651884	411.644631	
6.067878	411.267912	411.278112	411.651884	411.644631	
6.078223	411.267912	411.278112	411.651884	411.644631	
6.09648	411.267912	411.278112	411.651884	411.644631	
6.101077	411.267912	411.278112	411.651884	411.644631	
6.111495	411.267912	411.278112	411.651884	411.644631	
6.121356	411.267912	411.278112	411.651884	411.644631	
6.131556	411.267912	411.278112	411.651884	411.644631	
6.141665	411.267912	411.278112	411.651884	411.644631	
6.169514	411.267912	411.278112	411.651884	411.644631	
6.174119	411.267912	411.278112	411.651884	411.644631	
6.184208	411.267912	411.278112	411.651884	411.644631	
6.194349	411.267912	411.278112	411.651884	411.644631	
6.204519	411.267912	411.278112	411.651884	411.644631	
6.214935	411.267912	411.278112	411.651884	411.644631	
6.232836	411.267912	411.278112	411.651884	411.644631	
6.237455	411.267912	411.278112	411.651884	411.644631	
6.247623	411.267912	411.278112	411.651884	411.644631	
6.257687	411.267912	411.278112	411.651884	411.644631	
6.26785	411.267912	411.278112	411.651884	411.644631	
6.278035	411.267912	411.278112	411.651884	411.644631	
6.288148	411.267912	411.278112	411.651884	411.644631	
6.298288	411.267912	411.278112	411.651884	411.644631	
6.308434	411.267912	411.278112	411.651884	411.644631	
6.326509	411.267912	411.278112	411.651884	411.644631	
6.331058	411.267912	411.278112	411.651884	411.644631	
6.341235	411.267912	411.278112	411.651884	411.644631	
6.351456	411.267912	411.278112	411.651884	411.644631	
6.361586	411.267912	411.278112	411.651884	411.644631	
6.371667	411.267912	411.278112	411.651884	411.644631	
6.381845	411.267912	411.278112	411.651884	411.644631	
6.392004	411.267912	411.278112	411.651884	411.644631	
6.402171	411.267912	411.278112	411.651884	411.644631	
6.412308	411.267912	411.278112	411.651884	411.644631	
6.423876	411.267912	411.278112	411.651884	411.644631	
6.432602	411.267912	411.278112	411.651884	411.644631	
6.442836	411.267912	411.278112	411.651884	411.644631	
6.452908	411.267912	411.278112	411.651884	411.644631	
6.463044	411.267912	411.278112	411.651884	411.644631	
6.473203	411.267912	411.278112	411.651884	411.644631	
6.483358	411.267912	411.278112	411.651884	411.644631	
6.493472	411.267912	411.278112	411.651884	411.644631	
6.503694	411.267912	411.278112	411.651884	411.644631	
6.513789	411.267912	411.278112	411.651884	411.644631	
6.523945	411.267912	411.278112	411.651884	411.644631	
6.534167	411.267912	411.278112	411.651884	411.644631	
6.544984	411.267912	411.278112	411.651884	411.644631	
6.554389	411.267912	411.278112	411.651884	411.644631	
6.564516	411.267912	411.278112	411.651884	411.644631	
6.574649	411.267912	411.278112	411.651884	411.644631	
6.58486	411.267912	411.278112	411.651884	411.644631	
6.595161	411.267912	411.278112	411.651884	411.644631	
6.605136	411.267912	411.278112	411.651884	411.644631	
6.615298	411.267912	411.278112	411.651884	411.644631	
6.6254	411.267912	411.278112	411.651884	411.644631	
6.635693	411.267912	411.278112	411.651884	411.644631	
6.645725	411.267912	411.278112	411.651884	411.644631	
6.655926	411.267912	411.278112	411.651884	411.644631	
6.666081	411.267912	411.278112	411.651884	411.644631	
6.676188	411.267912	411.278112	411.651884	411.644631	
6.686366	411.267912	411.278112	411.651884	411.644631	
6.696501	411.267912	411.278112	411.651884	411.644631	
6.706667	411.267912	411.278112	411.651884	411.644631	
6.716815	411.267912	411.278112	411.651884	411.644631	
6.726973	411.267912	411.278112	411.651884	411.644631	
6.737601	411.267912	411.278112	411.651884	411.644631	
6.747285	411.267912	411.278112	411.651884	411.644631	
6.757405	411.267912	411.278112	411.651884	411.644631	
6.767635	411.267912	411.278112	411.651884	411.644631	
6.77767	411.267912	411.278112	411.651884	411.644631	
6.788031	411.267912	411.278112	411.651884	411.644631	
6.798029	411.267912	411.278112	411.651884	411.644631	
6.817231	411.267912	411.278112	411.651884	411.644631	
6.821808	411.267912	411.278112	411.651884	411.644631	
6.831994	411.267912	411.278112	411.651884	411.644631	
6.84214	411.267912	411.278112	411.651884	411.644631	
6.852291	411.267912	411.278112	411.651884	411.644631	
6.862481	411.267912	411.278112	411.651884	411.644631	
6.87256	411.267912	411.278112	411.651884	411.644631	
6.882759	411.267912	411.278112	411.651884	411.644631	
6.892926	411.267912	411.278112	411.651884	411.644631	
6.903072	411.267912	411.278112	411.651884	411.644631	
6.913246	411.267912	411.278112	411.651884	411.644631	
6.924598	411.267912	411.278112	411.651884	411.644631	
6.933531	411.267912	411.278112	411.651884	411.644631	
6.943691	411.267912	411.278112	411.651884	411.644631	
6.953824	411.267912	411.278112	411.651884	411.644631	
6.963981	411.267912	411.278112	411.651884	411.644631	
6.974197	411.267912	411.278112	411.651884	411.644631	
6.984317	411.267912	411.278112	411.651884	411.644631	
6.994446	411.267912	411.278112	411.651884	411.644631	
7.004601	411.267912	411.278112	411.651884	411.644631	
7.01476	411.267912	411.278112	411.651884	411.644631	
7.024955	411.267912	411.278112	411.651884	411.644631	
7.035095	411.267912	411.278112	411.651884	411.644631	
7.045204	411.267912	411.278112	411.651884	411.644631	
7.055432	411.267912	411.278112	411.651884	411.644631	
7.06554	411.267912	411.278112	411.651884	411.644631	
7.075676	411.267912	411.278112	411.651884	411.644631	
7.086188	411.267912	411.278112	411.651884	411.644631	
7.096076	411.267912	411.278112	411.651884	411.644631	
7.1062	411.267912	411.278112	411.651884	411.644631	
7.116559	411.267912	411.278112	411.651884	411.644631	
7.126535	411.267912	411.278112	411.651884	411.644631	
7.136686	411.267912	411.278112	411.651884	411.644631	
7.146813	411.267912	411.278112	411.651884	411.644631	
7.157078	411.267912	411.278112	411.651884	411.644631	
7.167212	411.267912	411.278112	411.651884	411.644631	
7.177695	411.267912	411.278112	411.651884	411.644631	
7.187456	411.267912	411.278112	411.651884	411.644631	
7.197538	411.267912	411.278112	411.651884	411.644631	
7.207728	411.267912	411.278112	411.651884	411.644631	
7.217837	411.267912	411.278112	411.651884	411.644631	
7.227975	411.267912	411.278112	411.651884	411.644631	
7.238195	411.267912	411.278112	411.651884	411.644631	
7.248289	411.267912	411.278112	411.651884	411.644631	
7.258427	411.267912	411.278112	411.651884	411.644631	
7.268658	411.267912	411.278112	411.651884	411.644631	
7.278792	411.267912	411.278112	411.651884	411.644631	
7.288974	411.267912	411.278112	411.651884	411.644631	
7.299071	411.267912	411.278112	411.651884	411.644631	
7.309211	411.267912	411.278112	411.651884	411.644631	
7.31937	411.267912	411.278112	411.651884	411.644631	
7.329505	411.267912	411.278112	411.651884	411.644631	
7.339662	411.267912	411.278112	411.651884	411.644631	
7.349806	411.267912	411.278112	411.651884	411.644631	
7.36013	411.267912	411.278112	411.651884	411.644631	
7.37014	411.267912	411.278112	411.651884	411.644631	
7.380245	411.267912	411.278112	411.651884	411.644631	
7.390457	411.267912	411.278112	411.651884	411.644631	
7.400571	411.267912	411.278112	411.651884	411.644631	
7.410716	411.267912	411.278112	411.651884	411.644631	
7.420859	411.267912	411.278112	411.651884	411.644631	
7.431061	411.267912	411.278112	411.651884	411.644631	
7.44131	411.267912	411.278112	411.651884	411.644631	
7.451293	411.267912	411.278112	411.651884	411.644631	
7.461469	411.267912	411.278112	411.651884	411.644631	
7.471702	411.267912	411.278112	411.651884	411.644631	
7.481764	411.267912	411.278112	411.651884	411.644631	
7.491921	411.267912	411.278112	411.651884	411.644631	
7.502116	411.267912	411.278112	411.651884	411.644631	
7.51224	411.267912	411.278112	411.651884	411.644631	
7.522383	411.267912	411.278112	411.651884	411.644631	
7.53254	411.267912	411.278112	411.651884	411.644631	
7.542697	411.267912	411.278112	411.651884	411.644631	
7.552872	411.267912	411.278112	411.651884	411.644631	
7.56297	411.267912	411.278112	411.651884	411.644631	
7.573132	411.267912	411.278112	411.651884	411.644631	
7.583306	411.267912	411.278112	411.651884	411.644631	
7.593587	411.267912	411.278112	411.651884	411.644631	
7.603616	411.267912	411.278112	411.651884	411.644631	
7.613732	411.267912	411.278112	411.651884	411.644631	
7.623871	411.267912	411.278112	411.651884	411.644631	
7.63404	411.267912	411.278112	411.651884	411.644631	
7.644164	411.267912	411.278112	411.651884	411.644631	
7.654383	411.267912	411.278112	411.651884	411.644631	
7.664509	411.267912	411.278112	411.651884	411.644631	
7.674622	411.267912	411.278112	411.651884	411.644631	
7.684794	411.267912	411.278112	411.651884	411.644631	
7.694917	411.267912	411.278112	411.651884	411.644631	
7.705175	411.267912	411.278112	411.651884	411.644631	
7.715251	411.267912	411.278112	411.651884	411.644631	
7.725388	411.267912	411.278112	411.651884	411.644631	
7.735621	411.267912	411.278112	411.651884	411.644631	
7.74571	411.267912	411.278112	411.651884	411.644631	
7.75585	411.267912	411.278112	411.651884	411.644631	
7.765963	411.267912	411.278112	411.651884	411.644631	
7.776174	411.267912	411.278112	411.651884	411.644631	
7.786355	411.267912	411.278112	411.651884	411.644631	
7.79647	411.267912	411.278112	411.651884	411.644631	
7.808167	411.267912	411.278112	411.651884	411.644631	
7.816779	411.267912	411.278112	411.651884	411.644631	
7.826931	411.267912	411.278112	411.651884	411.644631	
7.837062	411.267912	411.278112	411.651884	411.644631	
7.847238	411.267912	411.278112	411.651884	411.644631	
7.857412	411.267912	411.278112	411.651884	411.644631	
7.867488	411.267912	411.278112	411.651884	411.644631	
7.877675	411.267912	411.278112	411.651884	411.644631	
7.887868	411.267912	411.278112	411.651884	411.644631	
7.897963	411.267912	411.278112	411.651884	411.644631	
7.908081	411.267912	411.278112	411.651884	411.644631	
7.918289	411.267912	411.278112	411.651884	411.644631	
7.929392	411.267912	411.278112	411.651884	411.644631	
7.939499	411.267912	411.278112	411.651884	411.644631	
7.949653	411.267912	411.278112	411.651884	411.644631	
7.95982	411.267912	411.278112	411.651884	411.644631	
7.970368	411.267912	411.278112	411.651884	411.644631	
7.980217	411.267912	411.278112	411.651884	411.644631	
7.990296	411.267912	411.278112	411.651884	411.644631	
8.000446	411.267912	411.278112	411.651884	411.644631	
8.010601	411.267912	411.278112	411.651884	411.644631	
8.020724	411.267912	411.278112	411.651884	411.644631	
8.030923	411.267912	411.278112	411.651884	411.644631	
8.049008	411.267912	411.278112	411.651884	411.644631	
8.053578	411.267912	411.278112	411.651884	411.644631	
8.0638	411.267912	411.278112	411.651884	411.644631	
8.07383	411.267912	411.278112	411.651884	411.644631	
8.08402	411.267912	411.278112	411.651884	411.644631	
8.094276	411.267912	411.278112	411.651884	411.644631	
8.104391	411.267912	411.278112	411.651884	411.644631	
8.114511	411.267912	411.278112	411.651884	411.644631	
8.124698	411.267912	411.278112	411.651884	411.644631	
8.134926	411.267912	411.278112	411.651884	411.644631	
8.156277	411.267912	411.278112	411.651884	411.644631	
8.161513	411.267912	411.278112	411.651884	411.644631	
8.17098	411.267912	411.278112	411.651884	411.644631	
8.181099	411.267912	411.278112	411.651884	411.644631	
8.191244	411.267912	411.278112	411.651884	411.644631	
8.201444	411.267912	411.278112	411.651884	411.644631	
8.211582	411.267912	411.278112	411.651884	411.644631	
8.221731	411.267912	411.278112	411.651884	411.644631	
8.23195	411.267912	411.278112	411.651884	411.644631	
8.242063	411.267912	411.278112	411.651884	411.644631	
8.252206	411.267912	411.278112	411.651884	411.644631	
8.262424	411.267912	411.278112	411.651884	411.644631	
8.272533	411.267912	411.278112	411.651884	411.644631	
8.282673	411.267912	411.278112	411.651884	411.644631	
8.292828	411.267912	411.278112	411.651884	411.644631	
8.302994	411.267912	411.278112	411.651884	411.644631	
8.313244	411.267912	411.278112	411.651884	411.644631	
8.32335	411.267912	411.278112	411.651884	411.644631	
8.333472	411.267912	411.278112	411.651884	411.644631	
8.343707	411.267912	411.278112	411.651884	411.644631	
8.353791	411.267912	411.278112	411.651884	411.644631	
8.365959	411.267912	411.278112	411.651884	411.644631	
8.374049	411.267912	411.278112	411.651884	411.644631	
8.384222	411.267912	411.278112	411.651884	411.644631	
8.394381	411.267912	411.278112	411.651884	411.644631	
8.404512	411.267912	411.278112	411.651884	411.644631	
8.414706	411.267912	411.278112	411.651884	411.644631	
8.425714	411.267912	411.278112	411.651884	411.644631	
8.434984	411.267912	411.278112	411.651884	411.644631	
8.44523	411.267912	411.278112	411.651884	411.644631	
8.455352	411.267912	411.278112	411.651884	411.644631	
8.465556	411.267912	411.278112	411.651884	411.644631	
8.475684	411.267912	411.278112	411.651884	411.644631	
8.485886	411.267912	411.278112	411.651884	411.644631	
8.496096	411.267912	411.278112	411.651884	411.644631	
8.506214	411.267912	411.278112	411.651884	411.644631	
8.516389	411.267912	411.278112	411.651884	411.644631	
8.526541	411.267912	411.278112	411.651884	411.644631	
8.536683	411.267912	411.278112	411.651884	411.644631	
8.547588	411.267912	411.278112	411.651884	411.644631	
8.556903	411.267912	411.278112	411.651884	411.644631	
8.567064	411.267912	411.278112	411.651884	411.644631	
8.577268	411.267912	411.278112	411.651884	411.644631	
8.587426	411.267912	411.278112	411.651884	411.644631	
8.597701	411.267912	411.278112	411.651884	411.644631	
8.607922	411.267912	411.278112	411.651884	411.644631	
8.617826	411.267912	411.278112	411.651884	411.644631	
8.627979	411.267912	411.278112	411.651884	411.644631	
8.638118	411.267912	411.278112	411.651884	411.644631	
8.648275	411.267912	411.278112	411.651884	411.644631	
8.658406	411.267912	411.278112	411.651884	411.644631	
8.676852	411.267912	411.278112	411.651884	411.644631	
8.681532	411.267912	411.278112	411.651884	411.644631	
8.691654	411.267912	411.278112	411.651884	411.644631	
8.701848	411.267912	411.278112	411.651884	411.644631	
8.711972	411.267912	411.278112	411.651884	411.644631	
8.722192	411.267912	411.278112	411.651884	411.644631	
8.732346	411.267912	411.278112	411.651884	411.644631	
8.742508	411.267912	411.278112	411.651884	411.644631	
8.752641	411.267912	411.278112	411.651884	411.644631	
8.762742	411.267912	411.278112	411.651884	411.644631	
8.772954	411.267912	411.278112	411.651884	411.644631	
8.783117	411.267912	411.278112	411.651884	411.644631	
8.793353	411.267912	411.278112	411.651884	411.644631	
8.803469	411.267912	411.278112	411.651884	411.644631	
8.813661	411.267912	411.278112	411.651884	411.644631	
8.823884	411.267912	411.278112	411.651884	411.644631	
8.833996	411.267912	411.278112	411.651884	411.644631	
8.844139	411.267912	411.278112	411.651884	411.644631	
8.85438	411.267912	411.278112	411.651884	411.644631	
8.864472	411.267912	411.278112	411.651884	411.644631	
8.874567	411.267912	411.278112	411.651884	411.644631	
8.884748	411.267912	411.278112	411.651884	411.644631	
8.894985	411.267912	411.278112	411.651884	411.644631	
8.913014	411.267912	411.278112	411.651884	411.644631	
8.917567	411.267912	411.278112	411.651884	411.644631	
8.928602	411.267912	411.278112	411.651884	411.644631	
8.938239	411.267912	411.278112	411.651884	411.644631	
8.948003	411.267912	411.278112	411.651884	411.644631	
8.958122	411.267912	411.278112	411.651884	411.644631	
8.968287	411.267912	411.278112	411.651884	411.644631	
8.978436	411.267912	411.278112	411.651884	411.644631	
8.988635	411.267912	411.278112	411.651884	411.644631	
8.998761	411.267912	411.278112	411.651884	411.644631	
9.008891	411.267912	411.278112	411.651884	411.644631	
9.019022	411.267912	411.278112	411.651884	411.644631	
9.029174	411.267912	411.278112	411.651884	411.644631	
9.039338	411.267912	411.278112	411.651884	411.644631	
9.049474	411.267912	411.278112	411.651884	411.644631	
9.05961	411.267912	411.278112	411.651884	411.644631	
9.069747	411.267912	411.278112	411.651884	411.644631	
9.079932	411.267912	411.278112	411.651884	411.644631	
9.098106	411.267912	411.278112	411.651884	411.644631	
9.102707	411.267912	411.278112	411.651884	411.644631	
9.112853	411.267912	411.278112	411.651884	411.644631	
9.122953	411.267912	411.278112	411.651884	411.644631	
9.133176	411.267912	411.278112	411.651884	411.644631	
9.151445	411.267912	411.278112	411.651884	411.644631	
9.156053	411.267912	411.278112	411.651884	411.644631	
9.166487	411.267912	411.278112	411.651884	411.644631	
9.176553	411.267912	411.278112	411.651884	411.644631	
9.186697	411.267912	411.278112	411.651884	411.644631	
9.196851	411.267912	411.278112	411.651884	411.644631	
9.20706	411.267912	411.278112	411.651884	411.644631	
9.217297	411.267912	411.278112	411.651884	411.644631	
9.227404	411.267912	411.278112	411.651884	411.644631	
9.237886	411.267912	411.278112	411.651884	411.644631	
9.247742	411.267912	411.278112	411.651884	411.644631	
9.257815	411.267912	411.278112	411.651884	411.644631	
9.267949	411.267912	411.278112	411.651884	411.644631	
9.278082	411.267912	411.278112	411.651884	411.644631	
9.288249	411.267912	411.278112	411.651884	411.644631	
9.298399	411.267912	411.278112	411.651884	411.644631	
9.308587	411.267912	411.278112	411.651884	411.644631	
9.318744	411.267912	411.278112	411.651884	411.644631	
9.32883	411.267912	411.278112	411.651884	411.644631	
9.338992	411.267912	411.278112	411.651884	411.644631	
9.349164	411.267912	411.278112	411.651884	411.644631	
9.359285	411.267912	411.278112	411.651884	411.644631	
9.36945	411.267912	411.278112	411.651884	411.644631	
9.379591	411.267912	411.278112	411.651884	411.644631	
9.389745	411.267912	411.278112	411.651884	411.644631	
9.399938	411.267912	411.278112	411.651884	411.644631	
9.410105	411.267912	411.278112	411.651884	411.644631	
9.420188	411.267912	411.278112	411.651884	411.644631	
9.430716	411.267912	411.278112	411.651884	411.644631	
9.440472	411.267912	411.278112	411.651884	411.644631	
9.450612	411.267912	411.278112	411.651884	411.644631	
9.460771	411.267912	411.278112	411.651884	411.644631	
9.470935	411.267912	411.278112	411.651884	411.644631	
9.481139	411.267912	411.278112	411.651884	411.644631	
9.491214	411.267912	411.278112	411.651884	411.644631	
9.50141	411.267912	411.278112	411.651884	411.644631	
9.511577	411.267912	411.278112	411.651884	411.644631	
9.521712	411.267912	411.278112	411.651884	411.644631	
9.531877	411.267912	411.278112	411.651884	411.644631	
9.541996	411.267912	411.278112	411.651884	411.644631	
9.55222	411.267912	411.278112	411.651884	411.644631	
9.562348	411.267912	411.278112	411.651884	411.644631	
9.572478	411.267912	411.278112	411.651884	411.644631	
9.582605	411.267912	411.278112	411.651884	411.644631	
9.592776	411.267912	411.278112	411.651884	411.644631	
9.60295	411.267912	411.278112	411.651884	411.644631	
9.613079	411.267912	411.278112	411.651884	411.644631	
9.62322	411.267912	411.278112	411.651884	411.644631	
9.633422	411.267912	411.278112	411.651884	411.644631	
9.643533	411.267912	411.278112	411.651884	411.644631	
9.653685	411.267912	411.278112	411.651884	411.644631	
9.664604	411.267912	411.278112	411.651884	411.644631	
9.673961	411.267912	411.278112	411.651884	411.644631	
9.684073	411.267912	411.278112	411.651884	411.644631	
9.694217	411.267912	411.278112	411.651884	411.644631	
9.704357	411.267912	411.278112	411.651884	411.644631	
9.714546	411.267912	411.278112	411.651884	411.644631	
9.724678	411.267912	411.278112	411.651884	411.644631	
9.734844	411.267912	411.278112	411.651884	411.644631	
9.745013	411.267912	411.278112	411.651884	411.644631	
9.755102	411.267912	411.278112	411.651884	411.644631	
9.765267	411.267912	411.278112	411.651884	411.644631	
9.775466	411.267912	411.278112	411.651884	411.644631	
9.785602	411.267912	411.278112	411.651884	411.644631	
9.795744	411.267912	411.278112	411.651884	411.644631	
9.805908	411.267912	411.278112	411.651884	411.644631	
9.816255	411.267912	411.278112	411.651884	411.644631	
9.826364	411.267912	411.278112	411.651884	411.644631	
9.836508	411.267912	411.278112	411.651884	411.644631	
9.846701	411.267912	411.278112	411.651884	411.644631	
9.856805	411.267912	411.278112	411.651884	411.644631	
9.866945	411.267912	411.278112	411.651884	411.644631	
9.87709	411.267912	411.278112	411.651884	411.644631	
9.887272	411.267912	411.278112	411.651884	411.644631	
9.897478	411.267912	411.278112	411.651884	411.644631	
9.907546	411.267912	411.278112	411.651884	411.644631	
9.91793	411.267912	411.278112	411.651884	411.644631	
9.928812	411.267912	411.278112	411.651884	411.644631	
9.937999	411.267912	411.278112	411.651884	411.644631	
9.948113	411.267912	411.278112	411.651884	411.644631	
9.958236	411.267912	411.278112	411.651884	411.644631	
9.968451	411.267912	411.278112	411.651884	411.644631	
9.97864	411.267912	411.278112	411.651884	411.644631	
9.98873	411.267912	411.278112	411.651884	411.644631	
9.998923	411.267912	411.278112	411.651884	411.644631	
10.009	411.267912	411.278112	411.651884	411.644631	
10.01915	411.267912	411.278112	411.651884	411.644631	
10.02929	411.267912	411.278112	411.651884	411.644631	
10.03946	411.267912	411.278112	411.651884	411.644631	
10.04959	411.267912	411.278112	411.651884	411.644631	
10.05973	411.267912	411.278112	411.651884	411.644631	
10.06986	411.267912	411.278112	411.651884	411.644631	
10.08014	411.267912	411.278112	411.651884	411.644631	
10.09019	411.267912	411.278112	411.651884	411.644631	
10.10053	411.267912	411.278112	411.651884	411.644631	
10.11073	411.267912	411.278112	411.651884	411.644631	
10.12081	411.267912	411.278112	411.651884	411.644631	
10.13099	411.267912	411.278112	411.651884	411.644631	
10.14111	411.267912	411.278112	411.651884	411.644631	
10.16215	411.267912	411.278112	411.651884	411.644631	
10.16696	411.267912	411.278112	411.651884	411.644631	
10.17687	411.267912	411.278112	411.651884	411.644631	
10.18728	411.267912	411.278112	411.651884	411.644631	
10.19726	411.267912	411.278112	411.651884	411.644631	
10.20741	411.267912	411.278112	411.651884	411.644631	
10.21753	411.267912	411.278112	411.651884	411.644631	
10.22771	411.267912	411.278112	411.651884	411.644631	
10.23785	411.267912	411.278112	411.651884	411.644631	
10.24802	411.267912	411.278112	411.651884	411.644631	
10.25815	411.267912	411.278112	411.651884	411.644631	
10.26828	411.267912	411.278112	411.651884	411.644631	
10.27849	411.267912	411.278112	411.651884	411.644631	
10.28864	411.267912	411.278112	411.651884	411.644631	
10.29877	411.267912	411.278112	411.651884	411.644631	
10.3089	411.267912	411.278112	411.651884	411.644631	
10.31909	411.267912	411.278112	411.651884	411.644631	
10.32923	411.267912	411.278112	411.651884	411.644631	
10.33937	411.267912	411.278112	411.651884	411.644631	
10.3495	411.267912	411.278112	411.651884	411.644631	
10.35965	411.267912	411.278112	411.651884	411.644631	
10.36978	411.267912	411.278112	411.651884	411.644631	
10.38001	411.267912	411.278112	411.651884	411.644631	
10.39015	411.267912	411.278112	411.651884	411.644631	
10.40031	411.267912	411.278112	411.651884	411.644631	
10.41045	411.267912	411.278112	411.651884	411.644631	
10.42061	411.267912	411.278112	411.651884	411.644631	
10.43204	411.267912	411.278112	411.651884	411.644631	
10.44088	411.267912	411.278112	411.651884	411.644631	
10.45102	411.267912	411.278112	411.651884	411.644631	
10.46114	411.267912	411.278112	411.651884	411.644631	
10.47135	411.267912	411.278112	411.651884	411.644631	
10.48149	411.267912	411.278112	411.651884	411.644631	
10.49164	411.267912	411.278112	411.651884	411.644631	
10.502	411.267912	411.278112	411.651884	411.644631	
10.51216	411.267912	411.278112	411.651884	411.644631	
10.5223	411.267912	411.278112	411.651884	411.644631	
10.53246	411.267912	411.278112	411.651884	411.644631	
10.54266	411.267912	411.278112	411.651884	411.644631	
10.55356	411.267912	411.278112	411.651884	411.644631	
10.56366	411.267912	411.278112	411.651884	411.644631	
10.57379	411.267912	411.278112	411.651884	411.644631	
10.584	411.267912	411.278112	411.651884	411.644631	
10.59412	411.267912	411.278112	411.651884	411.644631	
10.6043	411.267912	411.278112	411.651884	411.644631	
10.6145	411.267912	411.278112	411.651884	411.644631	
10.64178	411.267912	411.278112	411.651884	411.644631	
