0.03798443	
0.05045992	
0.05482674	
0.06497232	
0.0751249	
0.08529248	
0.09875392	
0.1056036	
0.1157192	
0.1261008	
0.1360454	
0.14618	
0.1563825	
0.1664481	
0.1766997	
0.1867723	
0.1969309	
0.2071014	
0.2253017	
0.2297815	
0.2399611	
0.2500357	
0.2682039	
0.2805404	
0.2849102	
0.2951018	
0.3052064	
0.315534	
0.3254876	
0.3356581	
0.3457907	
0.3559253	
0.3690498	
0.3762305	
0.386344	
0.3964816	
0.4066602	
0.4168728	
0.4270204	
0.4371219	
0.4473705	
0.4575091	
0.4675517	
0.4777733	
0.4879008	
0.4980414	
0.508181	
0.5182956	
0.5285012	
0.5386378	
0.5487953	
0.5589629	
0.5690805	
0.5792071	
0.5893777	
0.6001502	
0.6098158	
0.6199804	
0.630103	
0.6401956	
0.6504941	
0.6604867	
0.6706923	
0.6809159	
0.6910475	
0.701187	
0.7113666	
0.7214482	
0.7315738	
0.7417184	
0.7519769	
0.7620225	
0.7721791	
0.7823207	
0.7924393	
0.8108765	
0.8153143	
0.8253889	
0.8355405	
0.8456921	
0.8558626	
0.8660052	
0.8761698	
0.8862994	
0.896417	
0.9066106	
0.9167291	
0.9268637	
0.9369803	
0.9471869	
0.9573075	
0.967505	
0.9776056	
0.9877572	
0.9979788	
1.008055	
1.01823	
1.02837	
1.038581	
1.048729	
1.058818	
1.06896	
1.079059	
1.08925	
1.101298	
1.10987	
1.121879	
1.130132	
1.140222	
1.15035	
1.160555	
1.170676	
1.180839	
1.190973	
1.20116	
1.211659	
1.221428	
1.231572	
1.241704	
1.251847	
1.262077	
1.272142	
1.282323	
1.292433	
1.302821	
1.312811	
1.32288	
1.334504	
1.343258	
1.353367	
1.3635	
1.373675	
1.383816	
1.393967	
1.404123	
1.41433	
1.42443	
1.434616	
1.444815	
1.454964	
1.465095	
1.475228	
1.485381	
1.495597	
1.505696	
1.515876	
1.526052	
1.536171	
1.54631	
1.556442	
1.566583	
1.576786	
1.586896	
1.597339	
1.60717	
1.617292	
1.627404	
1.63759	
1.647775	
1.657892	
1.668024	
1.678206	
1.68833	
1.698471	
1.70861	
1.718774	
1.729002	
1.739182	
1.749234	
1.759429	
1.769539	
1.77973	
1.78983	
1.799976	
1.810097	
1.820219	
1.830428	
1.840552	
1.85069	
1.86092	
1.871895	
1.88123	
1.891277	
1.90292	
1.911856	
1.921675	
1.931943	
1.942062	
1.952103	
1.964433	
1.974536	
1.984653	
1.994788	
2.004936	
2.015112	
2.025278	
2.035424	
2.045579	
2.055695	
2.065869	
2.075981	
2.086175	
2.096302	
2.106463	
2.116583	
2.126705	
2.136952	
2.147044	
2.157176	
2.16741	
2.177466	
2.187618	
2.197761	
2.207925	
2.218067	
2.228208	
2.23845	
2.248579	
2.258689	
2.268864	
2.279142	
2.289323	
2.29923	
2.309423	
2.319601	
2.329743	
2.339846	
2.350865	
2.360621	
2.371277	
2.3804	
2.390532	
2.400669	
2.410823	
2.420998	
2.431197	
2.44127	
2.451434	
2.461565	
2.471745	
2.48184	
2.491988	
2.502139	
2.512287	
2.522402	
2.532611	
2.542718	
2.552927	
2.563036	
2.573151	
2.583359	
2.593477	
2.60363	
2.613735	
2.62387	
2.634078	
2.644215	
2.65441	
2.664483	
2.674682	
2.684859	
2.694994	
2.705158	
2.715268	
2.72546	
2.735638	
2.745765	
2.755889	
2.766166	
2.77624	
2.786363	
2.803313	169.997658	169.995069	170.678336	170.675748	
2.813206	169.999543	169.995069	170.680221	170.675748	
2.823389	170.002118	169.995069	170.682796	170.675748	
2.833489	170.005279	169.995069	170.685957	170.675748	
2.843662	170.009085	169.995069	170.689764	170.675748	
2.853799	170.013498	169.995069	170.694176	170.684474	
2.863982	170.018548	169.995069	170.699227	170.684474	
2.874932	170.024755	169.995069	170.705433	170.684474	
2.885033	170.031014	169.995069	170.711692	170.684474	
2.895203	170.037969	169.995069	170.718647	170.693201	
2.908036	170.047836	169.995069	170.728515	170.693201	
2.915898	170.054125	169.995069	170.734803	170.693201	
2.926069	170.062964	169.995069	170.743642	170.693201	
2.936159	170.072335	169.995069	170.753013	170.701927	
2.946314	170.082392	169.995069	170.763071	170.710654	
2.956512	170.093114	169.995069	170.773793	170.710654	
2.96675	170.10451	169.995069	170.785188	170.719381	
2.977023	170.116582	169.995069	170.79726	170.728107	
2.987072	170.128983	169.995069	170.809661	170.728107	
2.997188	170.142089	169.995069	170.822767	170.736834	
3.008697	170.157848	170.003796	170.838527	170.745561	
3.018674	170.172041	170.012522	170.852719	170.763014	
3.028817	170.187163	170.012522	170.867841	170.763014	
3.038981	170.202822	170.021249	170.8835	170.771741	
3.049115	170.219108	170.029976	170.899786	170.780467	
3.059278	170.236054	170.047429	170.916733	170.797921	
3.069395	170.253544	170.056156	170.934222	170.797921	
3.079612	170.271834	170.064882	170.952512	170.815374	
3.08976	170.290616	170.091062	170.971294	170.824101	
3.110324	170.331878	170.108516	171.012556	170.832827	
3.115266	170.34169	170.134695	171.022368	170.85028	
3.125055	170.361864	170.160875	171.042542	170.867734	
3.135171	170.383342	170.187055	171.064021	170.885187	
3.145337	170.405555	170.221962	171.086233	170.90264	
3.155441	170.428222	170.239415	171.108901	170.920094	
3.165643	170.451761	170.274322	171.132439	170.937547	
3.175819	170.475848	170.300502	171.156526	170.963727	
3.185991	170.500558	170.326682	171.181236	170.98118	
3.196117	170.525745	170.361588	171.206424	171.00736	
3.20628	170.551661	170.396495	171.232339	171.03354	
3.217198	170.580266	170.431401	171.260944	171.05972	
3.227289	170.607249	170.457581	171.287927	171.094627	
3.237414	170.634958	170.492488	171.315636	171.120807	
3.247692	170.663727	170.527395	171.344405	171.155713	
3.25768	170.692262	170.562301	171.372941	171.181893	
3.267882	170.722052	170.597208	171.402731	171.2168	
3.278278	170.753069	170.632114	171.433748	171.251706	
3.288321	170.783622	170.675748	171.464301	171.286613	
3.298341	170.814694	170.710654	171.495372	171.321519	
3.308448	170.846658	170.745561	171.527336	171.356426	
3.31996	170.884854	170.780467	171.565533	171.391333	
3.330015	170.917023	170.815374	171.597701	171.434966	
3.340121	170.950914	170.85028	171.631592	171.469872	
3.350294	170.985628	170.885187	171.666306	171.504779	
3.360471	171.021016	170.920094	171.701694	171.548412	
3.370559	171.056667	170.955	171.737346	171.583319	
3.380697	171.093142	170.989907	171.773821	171.618225	
3.390893	171.130426	171.024813	171.811104	171.661859	
3.409066	171.199335	171.068447	171.880013	171.722945	
3.413643	171.216605	171.11208	171.897283	171.740398	
3.424184	171.257302	171.146986	171.93798	171.784032	
3.434008	171.29575	171.181893	171.976429	171.827665	
3.444165	171.336131	171.2168	172.01681	171.862571	
3.454321	171.377152	171.260433	172.05783	171.906205	
3.464493	171.418871	171.304066	172.099549	171.949838	
3.474626	171.461011	171.338973	172.14169	171.984744	
3.484781	171.503867	171.373879	172.184545	172.028378	
3.494955	171.547437	171.417512	172.228115	172.072011	
3.505148	171.591708	171.461146	172.272387	172.115644	
3.51528	171.636324	171.496052	172.317002	172.159277	
3.525483	171.681916	171.539686	172.362594	172.194184	
3.535863	171.728937	171.583319	172.409615	172.246544	
3.545961	171.775214	171.618225	172.455893	172.290177	
3.556077	171.822245	171.661859	172.502923	172.33381	
3.566238	171.870091	171.705492	172.550769	172.377444	
3.576363	171.9184	171.740398	172.599079	172.429803	
3.586517	171.967468	171.792758	172.648147	172.473437	
3.596678	172.017165	171.836392	172.697843	172.51707	
3.606873	172.067703	171.880025	172.748381	172.56943	
3.617034	172.11862	171.932385	172.799298	172.613063	
3.62791	172.173901	171.984744	172.854579	172.665423	
3.638083	172.226199	172.028378	172.906877	172.717783	
3.648231	172.278975	172.080738	172.959653	172.770143	
3.658378	172.332384	172.124371	173.013063	172.822503	
3.668506	172.388747	172.176731	173.069426	172.874862	
3.678709	172.441246	172.229091	173.121924	172.927222	
3.688918	172.496827	172.290177	173.177506	172.979582	
3.699015	172.55244	172.351264	173.233118	173.031942	
3.709166	172.608942	172.403624	173.289621	173.093029	
3.719288	172.665925	172.455983	173.346604	173.145388	
3.730848	172.731824	172.525797	173.412503	173.206475	
3.741226	172.791623	172.586883	173.472301	173.267561	
3.751223	172.849773	172.64797	173.530452	173.328648	
3.761265	172.908816	172.717783	173.589494	173.381008	
3.771914	172.972145	172.778869	173.652823	173.442094	
3.781571	173.030071	172.848682	173.710749	173.503181	
3.791756	173.091822	172.909769	173.7725	173.564267	
3.801851	173.153623	172.979582	173.834302	173.625354	
3.811983	173.216287	173.049395	173.896965	173.686441	
3.822199	173.280099	173.119209	173.960777	173.747527	
3.833721	173.352916	173.206475	174.033594	173.81734	
3.84389	173.417763	173.276288	174.098442	173.887153	
3.854091	173.483401	173.346101	174.16408	173.956967	
3.864223	173.549234	173.415914	174.229913	174.018053	
3.875349	173.622336	173.485728	174.303014	174.087866	
3.884501	173.682868	173.555541	174.363546	174.148953	
3.894606	173.750347	173.634081	174.431025	174.218766	
3.905298	173.824375	173.703894	174.505053	174.288579	
3.914945	173.888101	173.773707	174.568779	174.358392	
3.925103	173.957814	173.84352	174.638493	174.428205	
3.936617	174.037683	173.930787	174.718362	174.506745	
3.946731	174.108378	174.0006	174.789056	174.585285	
3.956985	174.180743	174.070413	174.861422	174.655098	
3.967093	174.252637	174.148953	174.933316	174.724911	
3.977433	174.326859	174.218766	175.007538	174.803451	
3.987619	174.400616	174.288579	175.081295	174.873264	
3.997806	174.474981	174.367119	175.155659	174.951804	
4.007946	174.549581	174.445659	175.23026	175.021617	
4.01812	174.625083	174.515472	175.305762	175.100157	
4.028197	174.700442	174.594012	175.38112	175.178697	
4.039711	174.787494	174.672552	175.468173	175.265963	
4.04951	174.861979	174.751091	175.542658	175.335777	
4.059623	174.939545	174.829631	175.620223	175.414316	
4.069772	175.017998	174.908171	175.698676	175.492856	
4.080324	175.100295	174.986711	175.780973	175.580123	
4.090068	175.176799	175.056524	175.857478	175.649936	
4.100218	175.257082	175.14379	175.937761	175.737202	
4.110425	175.338523	175.22233	176.019202	175.815742	
4.120514	175.419558	175.30087	176.100236	175.894282	
4.130664	175.501759	175.388137	176.182438	175.972822	
4.142253	175.596459	175.475403	176.277138	176.060088	
4.152332	175.679353	175.562669	176.360032	176.138628	
4.162457	175.763242	175.649936	176.44392	176.225895	
4.172645	175.848302	175.728476	176.528981	176.304434	
4.18315	175.936682	175.815742	176.61736	176.382974	
4.193653	176.025672	175.903009	176.70635	176.470241	
4.203801	176.112303	175.990275	176.792981	176.557507	
4.213964	176.199647	176.077542	176.880326	176.636047	
4.2241	176.287376	176.164808	176.968054	176.714587	
4.234286	176.376204	176.243348	177.056883	176.801853	
4.245129	176.471488	176.339341	177.152166	176.88912	
4.255269	176.561156	176.426607	177.241834	176.976386	
4.265398	176.651324	176.522601	177.332002	177.054926	
4.27554	176.742252	176.609867	177.42293	177.142192	
4.285675	176.833733	176.688407	177.514411	177.220732	
4.29593	176.926941	176.7844	177.60762	177.316725	
4.306027	177.019311	176.871666	177.69999	177.403992	
4.316188	177.112926	176.958933	177.793604	177.491258	
4.326336	177.206982	177.046199	177.88766	177.578525	
4.336466	177.301496	177.133466	177.982174	177.674518	
4.347967	177.409691	177.238186	178.090369	177.779238	
4.358174	177.506226	177.325452	178.186905	177.866504	
4.368305	177.602675	177.412718	178.283353	177.953771	
4.37848	177.700204	177.499985	178.380882	178.05849	
4.388955	177.802093	177.587251	178.482772	178.145757	
4.398784	177.896647	177.683244	178.577325	178.24175	
4.408948	177.995919	177.779238	178.676597	178.337743	
4.419127	178.095909	177.866504	178.776588	178.433736	
4.42925	178.196022	177.962497	178.876701	178.529729	
4.439376	178.296781	178.05849	178.977459	178.625722	
4.450866	178.411918	178.16321	179.092596	178.739169	
4.461082	178.51523	178.259203	179.195909	178.843888	
4.47122	178.61769	178.355196	179.298368	178.939882	
4.481306	178.720515	178.451189	179.401193	179.044601	
4.491867	178.828972	178.547182	179.50965	179.149321	
4.501606	178.929496	178.651902	179.610174	179.245314	
4.511805	179.035353	178.756622	179.716031	179.350034	
4.521903	179.14079	178.861342	179.821469	179.454754	
4.532011	179.246967	178.966061	179.927645	179.559473	
4.542286	179.355611	179.070781	180.036289	179.664193	
4.553721	179.477262	179.192954	180.15794	179.786366	
4.563809	179.585099	179.306401	180.265777	179.899813	
4.574051	179.695314	179.419847	180.375992	180.004532	
4.58416	179.804621	179.533294	180.485299	180.117979	
4.594275	179.91465	179.64674	180.595328	180.222699	
4.604509	180.026683	179.768913	180.707361	180.336145	
4.614898	180.139049	179.882359	180.819727	180.449591	
4.624701	180.244446	179.995806	180.925124	180.563038	
4.634826	180.352751	180.117979	181.033429	180.676484	
4.644994	180.461255	180.240152	181.141934	180.781204	
4.656442	180.581917	180.371052	181.262596	180.912104	
4.666583	180.68846	180.493225	181.369139	181.02555	
4.676716	180.794286	180.606671	181.474964	181.138996	
4.686882	180.899912	180.728844	181.58059	181.261169	
4.697087	181.005248	180.851017	181.685927	181.374616	
4.707202	181.109119	180.964463	181.789798	181.488062	
4.71736	181.212815	181.086637	181.893493	181.601509	
4.727554	181.316176	181.200083	181.996854	181.723682	
4.737699	181.418498	181.322256	182.099176	181.828401	
4.747807	181.519809	181.435702	182.200487	181.950575	
4.759159	181.632848	181.566602	182.313526	182.072748	
4.769414	181.734267	181.680048	182.414946	182.194921	
4.779435	181.832799	181.793495	182.513478	182.29964	
4.78956	181.931799	181.898215	182.612477	182.413087	
4.800283	182.035958	182.011661	182.716636	182.526533	
4.809875	182.128543	182.116381	182.809221	182.631253	
4.820021	182.225827	182.212374	182.906506	182.735973	
4.830228	182.32317	182.317094	183.003848	182.840692	
4.840304	182.418596	182.421813	183.099274	182.945412	
4.850504	182.51462	182.526533	183.195298	183.041405	
4.861874	182.620826	182.631253	183.301505	183.154852	
4.872064	182.715392	182.727246	183.39607	183.259571	
4.882197	182.808855	182.823239	183.489533	183.355565	
4.892306	182.901443	182.910506	183.582122	183.451558	
4.902888	182.997765	182.997772	183.678444	183.556277	
4.913942	183.097575	183.102492	183.778253	183.660997	
4.923221	183.180882	183.181032	183.861561	183.748264	
4.933357	183.271302	183.259571	183.951981	183.844257	
4.943515	183.361268	183.346838	184.041946	183.931523	
4.953666	183.450559	183.425378	184.131237	184.027516	
4.965132	183.550961	183.512644	184.231639	184.132236	
4.974982	183.636008	183.591184	184.316687	184.219503	
4.98521	183.724079	183.67845	184.404758	184.306769	
4.995308	183.810394	183.748264	184.491072	184.394035	
5.005686	183.898529	183.826803	184.579207	184.481302	
5.01569	183.982788	183.905343	184.663466	184.568568	
5.025816	184.067553	183.975156	184.748232	184.655835	
5.035956	184.151938	184.062423	184.832617	184.743101	
5.046108	184.235498	184.132236	184.916176	184.830368	
5.056235	184.318382	184.202049	184.99906	184.908908	
5.068085	184.414548	184.289316	185.095227	185.004901	
5.078216	184.496125	184.367856	185.176803	185.092167	
5.088331	184.576997	184.446395	185.257676	185.170707	
5.098431	184.657152	184.516209	185.33783	185.249247	
5.110349	184.75084	184.603475	185.431519	185.34524	
5.120077	184.826786	184.673288	185.507465	185.42378	
5.130212	184.905303	184.751828	185.585981	185.50232	
5.14038	184.98346	184.830368	185.664139	185.580859	
5.150572	185.061184	184.908908	185.741862	185.668126	
5.160691	185.137753	184.987447	185.818431	185.737939	
5.171508	185.218929	185.065987	185.899608	185.825205	
5.181314	185.291864	185.144527	185.972542	185.903745	
5.191431	185.366563	185.223067	186.047241	185.982285	
5.201505	185.440343	185.301607	186.121022	186.052098	
5.211941	185.516132	185.380147	186.19681	186.130638	
5.221856	185.587555	185.458686	186.268233	186.209178	
5.232003	185.660024	185.545953	186.340702	186.278991	
5.242155	185.731973	185.615766	186.412651	186.357531	
5.25228	185.803047	185.703032	186.483725	186.436071	
5.262477	185.874021	185.772846	186.554699	186.505884	
5.273893	185.952708	185.868839	186.633387	186.59315	
5.283982	186.02162	185.947379	186.702299	186.662964	
5.294198	186.090839	186.017192	186.771517	186.732777	
5.304345	186.158948	186.104458	186.839627	186.811316	
5.314461	186.226283	186.174271	186.906962	186.88113	
5.332737	186.345465	186.244084	187.026143	187.012029	
5.337405	186.375939	186.331351	187.056617	187.046936	
5.347582	186.441655	186.409891	187.122334	187.116749	
5.357709	186.506443	186.479704	187.187121	187.186562	
5.367873	186.570854	186.558244	187.251532	187.247649	
5.378762	186.639165	186.628057	187.319844	187.326189	
5.388849	186.701826	186.69787	187.382505	187.396002	
5.399014	186.764358	186.758957	187.445037	187.457088	
5.409236	186.826633	186.820043	187.507312	187.526901	
5.419302	186.887399	186.889856	187.568077	187.587988	
5.42951	186.948341	186.959669	187.62902	187.657801	
5.439756	187.008912	187.020756	187.689591	187.718888	
5.449802	187.067711	187.081843	187.748389	187.779974	
5.46002	187.126893	187.142929	187.807572	187.841061	
5.470444	187.186643	187.204016	187.867322	187.902147	
5.480822	187.245461	187.265102	187.926139	187.97196	
5.490957	187.302302	187.326189	187.98298	188.02432	
5.508902	187.400675	187.378548	188.081354	188.12904	
5.513593	187.426394	187.448362	188.107073	188.15522	
5.523778	187.481563	187.509448	188.162242	188.20758	
5.533926	187.535931	187.570535	188.216609	188.268666	
5.544129	187.58994	187.614168	188.270618	188.321026	
5.554236	187.642853	187.675254	188.323531	188.373386	
5.564381	187.695372	187.727614	188.37605	188.417019	
5.574562	187.747486	187.779974	188.428164	188.469379	
5.585044	187.800477	187.832334	188.481156	188.521739	
5.594882	187.849613	187.884694	188.530292	188.565372	
5.613591	187.940587	187.928327	188.621265	188.652639	
5.618143	187.96274	187.989414	188.643418	188.670092	
5.628303	188.011512	188.041774	188.692191	188.722452	
5.638589	188.060282	188.094133	188.74096	188.766085	
5.648686	188.107516	188.137767	188.788195	188.809718	
5.658821	188.154365	188.1814	188.835043	188.844625	
5.668974	188.20065	188.23376	188.881329	188.888258	
5.679075	188.246163	188.277393	188.926841	188.931892	
5.692337	188.30471	188.33848	188.985389	188.984251	
5.701993	188.346868	188.373386	189.027546	189.019158	
5.712187	188.390772	188.425746	189.071451	189.062791	
5.7223	188.433727	188.460653	189.114405	189.097698	
5.73268	188.477201	188.504286	189.157879	189.141331	
5.742817	188.519062	188.547919	189.199741	189.176238	
5.752826	188.559796	188.582826	189.240475	189.211144	
5.762972	188.600462	188.626459	189.28114	189.254777	
5.773206	188.641008	188.670092	189.321687	189.289684	
5.785977	188.690315	188.704999	189.370993	189.324591	
5.801686	188.749482	188.739905	189.43016	189.394404	
5.80632	188.76695	188.792265	189.447628	189.40313	
5.816453	188.804406	188.818445	189.485085	189.438037	
5.826885	188.842353	188.862078	189.523032	189.48167	
5.836753	188.87767	188.888258	189.558348	189.516577	
5.846934	188.913504	188.923165	189.594183	189.551483	
5.85713	188.948779	188.958071	189.629458	189.595117	
5.867223	188.983122	188.992978	189.6638	189.630023	
5.878172	189.019664	189.027885	189.700342	189.66493	
5.890718	189.06055	189.054065	189.741229	189.708563	
5.898181	189.084637	189.088971	189.765315	189.734743	
5.90833	189.116719	189.123878	189.797397	189.76965	
5.918618	189.148659	189.150058	189.829338	189.79583	
5.928973	189.18039	189.176238	189.861069	189.830736	
5.938799	189.209504	189.211144	189.890182	189.865643	
5.948964	189.239265	189.228598	189.919943	189.891823	
5.959155	189.268495	189.263504	189.949173	189.926729	
5.969363	189.297179	189.280957	189.977858	189.961636	
5.979442	189.324916	189.315864	190.005595	189.996542	
5.992106	189.358759	189.333317	190.039438	190.022722	
6.000204	189.380109	189.359497	190.060787	190.048902	
6.009979	189.405283	189.385677	190.085961	190.075082	
6.020076	189.430704	189.40313	190.111382	190.101262	
6.030207	189.455613	189.42931	190.136291	190.136169	
6.040471	189.480259	189.45549	190.160938	190.162349	
6.050539	189.503844	189.472944	190.184523	190.188529	
6.060675	189.526999	189.490397	190.207677	190.205982	
6.07082	189.54959	189.50785	190.230268	190.232162	
6.080935	189.571535	189.53403	190.252213	190.258342	
6.099435	189.609287	189.551483	190.289966	190.301975	
6.104356	189.619384	189.577663	190.300062	190.310702	
6.114191	189.638845	189.595117	190.319523	190.328155	
6.124297	189.658272	189.603843	190.338951	190.345608	
6.134492	189.677294	189.621297	190.357973	190.371788	
6.144655	189.695666	189.630023	190.376344	190.389241	
6.154792	189.713411	189.647477	190.39409	190.406695	
6.16494	189.730604	189.656203	190.411283	190.415421	
6.175114	189.747267	189.66493	190.427945	190.432875	
6.196035	189.778435	189.69111	190.459114	190.459055	
6.200907	189.785774	189.699836	190.466452	190.467781	
6.210824	189.800038	189.71729	190.480717	190.485235	
6.221045	189.814165	189.71729	190.494843	190.485235	
6.231184	189.827615	189.734743	190.508293	190.502688	
6.241683	189.840933	189.74347	190.521611	190.511415	
6.251495	189.852868	189.752196	190.533546	190.520141	
6.261625	189.864628	189.76965	190.545307	190.520141	
6.271841	189.875916	189.76965	190.556594	190.537594	
6.281879	189.886476	189.787103	190.567154	190.537594	
6.292082	189.896651	189.79583	190.577329	190.546321	
6.30339	189.907216	189.804556	190.587894	190.555048	
6.313169	189.915879	189.813283	190.596557	190.555048	
6.323274	189.92429	189.822009	190.604968	190.563774	
6.33339	189.932182	189.822009	190.612861	190.572501	
6.343591	189.9396	189.839463	190.620278	190.572501	
6.35373	189.94645	189.839463	190.627129	190.581228	
6.3639	189.952803	189.848189	190.633482	190.581228	
6.374048	189.95863	189.856916	190.639308	190.589954	
6.384218	189.963963	189.856916	190.644642	190.589954	
6.394498	189.968841	189.856916	190.649519	190.589954	
6.405654	189.973527	189.865643	190.654206	190.598681	
6.41587	189.97736	189.865643	190.658039	190.598681	
6.425953	189.980699	189.865643	190.661378	190.607408	
6.436048	189.983605	189.874369	190.664284	190.607408	
6.446251	189.986113	189.874369	190.666792	190.607408	
6.456413	189.988211	189.874369	190.668889	190.607408	
6.466563	189.989932	189.874369	190.67061	190.607408	
6.476701	189.995069	189.874369	190.675748	190.607408	
6.486835	189.995069	189.874369	190.675748	190.607408	
6.497032	189.995069	189.874369	190.675748	190.607408	
6.508409	189.995069	189.874369	190.675748	190.607408	
6.518569	189.995069	189.874369	190.675748	190.607408	
6.536701	189.995069	189.874369	190.675748	190.607408	
6.541272	189.995069	189.874369	190.675748	190.607408	
6.551852	189.995069	189.874369	190.675748	190.607408	
6.561587	189.995069	189.874369	190.675748	190.607408	
6.571686	189.995069	189.874369	190.675748	190.607408	
6.581886	189.995069	189.874369	190.675748	190.607408	
6.592031	189.995069	189.874369	190.675748	190.607408	
6.602253	189.995069	189.874369	190.675748	190.607408	
6.612367	189.995069	189.874369	190.675748	190.607408	
6.622607	189.995069	189.874369	190.675748	190.607408	
6.632703	189.995069	189.874369	190.675748	190.607408	
6.642735	189.995069	189.874369	190.675748	190.607408	
6.653166	189.995069	189.874369	190.675748	190.607408	
6.663275	189.995069	189.874369	190.675748	190.607408	
6.673486	189.995069	189.874369	190.675748	190.607408	
6.683635	189.995069	189.874369	190.675748	190.607408	
6.693774	189.995069	189.874369	190.675748	190.607408	
6.703977	189.995069	189.874369	190.675748	190.607408	
6.714893	189.995069	189.874369	190.675748	190.607408	
6.725052	189.995069	189.874369	190.675748	190.607408	
6.735229	189.995069	189.874369	190.675748	190.607408	
6.745593	189.995069	189.874369	190.675748	190.607408	
6.755529	189.995069	189.874369	190.675748	190.607408	
6.765748	189.995069	189.874369	190.675748	190.607408	
6.776061	189.995069	189.874369	190.675748	190.607408	
6.786154	189.995069	189.874369	190.675748	190.607408	
6.79628	189.995069	189.874369	190.675748	190.607408	
6.806482	189.995069	189.874369	190.675748	190.607408	
6.822958	189.995069	189.874369	190.675748	190.607408	
6.833122	189.995069	189.874369	190.675748	190.607408	
6.843285	189.995069	189.874369	190.675748	190.607408	
6.853425	189.995069	189.874369	190.675748	190.607408	
6.863571	189.995069	189.874369	190.675748	190.607408	
6.873752	189.995069	189.874369	190.675748	190.607408	
6.883902	189.995069	189.874369	190.675748	190.607408	
6.894019	189.995069	189.874369	190.675748	190.607408	
6.90419	189.995069	189.874369	190.675748	190.607408	
6.916174	189.995069	189.874369	190.675748	190.607408	
6.935418	189.995069	189.874369	190.675748	190.607408	
6.943497	189.995069	189.874369	190.675748	190.607408	
6.953546	189.995069	189.874369	190.675748	190.607408	
6.965404	189.995069	189.874369	190.675748	190.607408	
6.975497	189.995069	189.874369	190.675748	190.607408	
6.985635	189.995069	189.874369	190.675748	190.607408	
6.995766	189.995069	189.874369	190.675748	190.607408	
7.005985	189.995069	189.874369	190.675748	190.607408	
7.016157	189.995069	189.874369	190.675748	190.607408	
7.026272	189.995069	189.874369	190.675748	190.607408	
7.043655	189.995069	189.874369	190.675748	190.607408	
7.053415	189.995069	189.874369	190.675748	190.607408	
7.063489	189.995069	189.874369	190.675748	190.607408	
7.073622	189.995069	189.874369	190.675748	190.607408	
7.08374	189.995069	189.874369	190.675748	190.607408	
7.093909	189.995069	189.874369	190.675748	190.607408	
7.113569	189.995069	189.874369	190.675748	190.607408	
7.118134	189.995069	189.874369	190.675748	190.607408	
7.128262	189.995069	189.874369	190.675748	190.607408	
7.13839	189.995069	189.874369	190.675748	190.607408	
7.162149	189.995069	189.874369	190.675748	190.607408	
7.166808	189.995069	189.874369	190.675748	190.607408	
7.176917	189.995069	189.874369	190.675748	190.607408	
7.187065	189.995069	189.874369	190.675748	190.607408	
7.197179	189.995069	189.874369	190.675748	190.607408	
7.207389	189.995069	189.874369	190.675748	190.607408	
7.217549	189.995069	189.874369	190.675748	190.607408	
7.227697	189.995069	189.874369	190.675748	190.607408	
7.237836	189.995069	189.874369	190.675748	190.607408	
7.248041	189.995069	189.874369	190.675748	190.607408	
7.266822	189.995069	189.874369	190.675748	190.607408	
7.271814	189.995069	189.874369	190.675748	190.607408	
7.281832	189.995069	189.874369	190.675748	190.607408	
7.292024	189.995069	189.874369	190.675748	190.607408	
7.302128	189.995069	189.874369	190.675748	190.607408	
7.320892	189.995069	189.874369	190.675748	190.607408	
7.325455	189.995069	189.874369	190.675748	190.607408	
7.335636	189.995069	189.874369	190.675748	190.607408	
7.345774	189.995069	189.874369	190.675748	190.607408	
7.368203	189.995069	189.874369	190.675748	190.607408	
7.37322	189.995069	189.874369	190.675748	190.607408	
7.383259	189.995069	189.874369	190.675748	190.607408	
7.39328	189.995069	189.874369	190.675748	190.607408	
7.403366	189.995069	189.874369	190.675748	190.607408	
7.413561	189.995069	189.874369	190.675748	190.607408	
7.423718	189.995069	189.874369	190.675748	190.607408	
7.468706	189.995069	189.874369	190.675748	190.607408	
7.478083	189.995069	189.874369	190.675748	190.607408	
