0.03769845	
0.04231926	
0.05244184	
0.06263242	
0.072795	
0.08288458	
0.09310916	
0.1032017	
0.1248899	
0.1372483	
0.1416292	
0.1518347	
0.1619853	
0.1721349	
0.1823135	
0.1924281	
0.2025367	
0.2127492	
0.2229038	
0.2330354	
0.24318	
0.2533556	
0.2635111	
0.2736817	
0.2838273	
0.2939899	
0.3041305	
0.314271	
0.3245916	
0.3346002	
0.3446918	
0.3548244	
0.3683168	
0.3754235	
0.3855591	
0.3956997	
0.4058963	
0.4160139	
0.4261754	
0.436296	
0.4467986	
0.4671628	
0.4715676	
0.4817801	
0.4919387	
0.5020723	
0.5121779	
0.5223795	
0.5325181	
0.5426796	
0.5528602	
0.5629458	
0.5733854	
0.583289	
0.5934755	
0.6035951	
0.6139277	
0.6239413	
0.6340069	
0.6441455	
0.654337	
0.6644656	
0.6746062	
0.6848118	
0.6949434	
0.7050919	
0.7153135	
0.7254631	
0.7356027	
0.7457333	
0.7558839	
0.7660484	
0.776123	
0.7863186	
0.7964882	
0.8066768	
0.8167583	
0.8270579	
0.8371015	
0.8471801	
0.8573157	
0.8674843	
0.8776258	
0.8878504	
0.897968	
0.9086436	
0.9185222	
0.9286097	
0.9387393	
0.9489859	
0.9590635	
0.9693191	
0.9794186	
0.9895152	
0.9996968	
1.009794	
1.020012	
1.030143	
1.040286	
1.050439	
1.060559	
1.070775	
1.080841	
1.091015	
1.10122	
1.111341	
1.121492	
1.131598	
1.141736	
1.152022	
1.162079	
1.172478	
1.18246	
1.192505	
1.202719	
1.21288	
1.223035	
1.233163	
1.243275	
1.253479	
1.263609	
1.273753	
1.283917	
1.294067	
1.304197	
1.314389	
1.324674	
1.334729	
1.344862	
1.354991	
1.365183	
1.375463	
1.385467	
1.395609	
1.405861	
1.423834	
1.428583	
1.438403	
1.448541	
1.460478	
1.470855	
1.478948	
1.489078	
1.501275	
1.50944	
1.520046	
1.529964	
1.540134	
1.550405	
1.5604	
1.570779	
1.580705	
1.590912	
1.60103	
1.61117	
1.623131	
1.631475	
1.641575	
1.651722	
1.661893	
1.672212	
1.682275	
1.692432	
1.702651	
1.712689	
1.722899	
1.7331	
1.743205	
1.753362	
1.763507	
1.773633	
1.783817	
1.793952	
1.804114	
1.814278	
1.824407	
1.834603	
1.8447	
1.854897	
1.865025	
1.875163	
1.885351	
1.896142	
1.905682	
1.915813	
1.925966	
1.936391	
1.947204	
1.956497	
1.966687	
1.976729	
1.986841	
1.996971	
2.007118	
2.0173	
2.027431	
2.037586	
2.047778	
2.057935	
2.06806	
2.079338	249.015998	249.014851	249.47851	249.477363	
2.089451	249.017601	249.014851	249.480113	249.477363	
2.099571	249.019821	249.023578	249.482333	249.48609	
2.109718	249.022667	249.023578	249.485179	249.48609	
2.120023	249.026199	249.023578	249.488711	249.494817	
2.13007	249.030239	249.023578	249.492751	249.494817	
2.140216	249.034941	249.032304	249.497453	249.503543	
2.150454	249.040317	249.041031	249.502829	249.51227	
2.160498	249.046188	249.049758	249.5087	249.51227	
2.17069	249.052778	249.058484	249.51529	249.51227	
2.182216	249.061076	249.058484	249.523588	249.520997	
2.192291	249.068884	249.067211	249.531396	249.529723	
2.202444	249.077381	249.075938	249.539893	249.529723	
2.212571	249.086468	249.084664	249.54898	249.53845	
2.222825	249.096308	249.093391	249.55882	249.547176	
2.232908	249.106583	249.093391	249.569095	249.547176	
2.243071	249.117563	249.102117	249.580075	249.555903	
2.253261	249.129204	249.110844	249.591716	249.56463	
2.263369	249.14135	249.110844	249.603863	249.573356	
2.273548	249.154212	249.128297	249.616725	249.582083	
2.284992	249.169504	249.128297	249.632016	249.59081	
2.295182	249.183702	249.145751	249.646214	249.599536	
2.305337	249.198465	249.145751	249.660977	249.61699	
2.315471	249.213815	249.163204	249.676328	249.625716	
2.325906	249.230302	249.163204	249.692815	249.64317	
2.335725	249.246348	249.180657	249.70886	249.651896	
2.3459	249.26362	249.198111	249.726133	249.669349	
2.356307	249.282484	249.206837	249.744997	249.686803	
2.375049	249.317502	249.241744	249.780014	249.721709	
2.38021	249.32723	249.25047	249.789743	249.730436	
2.390458	249.347381	249.267924	249.809893	249.747889	
2.400875	249.368509	249.294104	249.831021	249.774069	
2.411002	249.389646	249.320284	249.852158	249.791523	
2.421162	249.411487	249.35519	249.873999	249.826429	
2.431337	249.433971	249.372644	249.896483	249.852609	
2.441474	249.457001	249.40755	249.919513	249.878789	
2.451617	249.480647	249.442457	249.943159	249.904969	
2.471983	249.531268	249.503543	249.99378	249.966055	
2.476987	249.543606	249.51227	250.006118	249.983509	
2.489561	249.575897	249.547176	250.038409	250.027142	
2.496958	249.595078	249.582083	250.05759	250.053322	
2.507075	249.622026	249.608263	250.084538	250.079502	
2.517272	249.649824	249.64317	250.112336	250.114408	
2.527359	249.67793	249.669349	250.140442	250.149315	
2.537505	249.706823	249.704256	250.169335	250.184222	
2.547627	249.736249	249.739163	250.198762	250.219128	
2.557887	249.766716	249.765343	250.229228	250.245308	
2.568217	249.798045	249.791523	250.260557	250.288941	
2.578134	249.828681	249.826429	250.291193	250.315121	
2.591107	249.869922	249.861336	250.332434	250.350028	
2.598736	249.894385	249.887516	250.356897	250.384934	
2.608589	249.926608	249.913696	250.38912	250.419841	
2.618762	249.960553	249.948602	250.423065	250.454748	
2.628863	249.994833	249.966055	250.457345	250.489654	
2.639041	250.030023	250.000962	250.492536	250.524561	
2.64966	250.067421	250.035869	250.529934	250.559467	
2.659392	250.102224	250.062049	250.564736	250.585647	
2.669564	250.139264	250.088229	250.601776	250.620554	
2.679636	250.176501	250.123135	250.639013	250.646734	
2.692453	250.225062	250.158042	250.687574	250.68164	
2.700184	250.254548	250.192948	250.71706	250.716547	
2.710307	250.293849	250.236582	250.756361	250.751454	
2.720438	250.3338	250.271488	250.796313	250.78636	
2.730544	250.374269	250.315121	250.836781	250.821267	
2.740779	250.415924	250.350028	250.878436	250.856173	
2.750921	250.457761	250.393661	250.920273	250.89108	
2.76104	250.500138	250.437294	250.96265	250.925987	
2.771189	250.543276	250.489654	251.005788	250.96962	
2.781387	250.587231	250.533287	251.049743	251.013253	
2.791515	250.631497	250.585647	251.094009	251.04816	
2.801734	250.676813	250.629281	251.139325	251.100519	
2.812151	250.723655	250.68164	251.186168	251.144153	
2.822041	250.768667	250.734	251.231179	251.187786	
2.832508	250.817024	250.777634	251.279536	251.240146	
2.842405	250.863276	250.829993	251.325789	251.283779	
2.852531	250.91125	250.873627	251.373762	251.336139	
2.862782	250.960455	250.925987	251.422968	251.388499	
2.872859	251.009395	250.978346	251.471908	251.432132	
2.882995	251.059275	251.02198	251.521787	251.493219	
2.893201	251.110131	251.07434	251.572643	251.545578	
2.903407	251.161612	251.117973	251.624124	251.597938	
2.913522	251.213199	251.170333	251.675712	251.650298	
2.923655	251.265526	251.222693	251.728038	251.711385	
2.933851	251.318819	251.275052	251.781332	251.763745	
2.944019	251.372549	251.327412	251.835061	251.816104	
2.954185	251.426925	251.379772	251.889438	251.877191	
2.964298	251.481603	251.423405	251.944116	251.929551	
2.974433	251.537034	251.484492	251.999546	251.981911	
2.984802	251.594396	251.536852	252.056908	252.042997	
2.99472	251.649829	251.589212	252.112342	252.095357	
3.004993	251.707925	251.641572	252.170438	252.147717	
3.015119	251.765732	251.702658	252.228245	252.200077	
3.025279	251.8244	251.763745	252.286912	252.261163	
3.035408	251.883486	251.816104	252.345998	252.32225	
3.045747	251.944486	251.885918	252.406998	252.37461	
3.068218	252.080874	251.981911	252.543386	252.514236	
3.072874	252.108973	252.042997	252.571485	252.540416	
3.083018	252.171056	252.11281	252.633568	252.601503	
3.093181	252.23387	252.173897	252.696382	252.662589	
3.105992	252.314195	252.24371	252.776707	252.741129	
3.113456	252.361135	252.304797	252.823647	252.793489	
3.123622	252.425843	252.37461	252.888355	252.854575	
3.133949	252.492227	252.444423	252.95474	252.915662	
3.143898	252.556706	252.50551	253.019219	252.985475	
3.154062	252.623245	252.575323	253.085757	253.046562	
3.164216	252.690337	252.645136	253.152849	253.116375	
3.174371	252.758067	252.706222	253.22058	253.177461	
3.18451	252.826273	252.776036	253.288786	253.247274	
3.194659	252.895193	252.845849	253.357705	253.317088	
3.208949	252.993681	252.915662	253.456193	253.386901	
3.215051	253.035724	252.976748	253.498236	253.456714	
3.225146	253.106115	253.046562	253.568627	253.526527	
3.235314	253.177637	253.116375	253.640149	253.605067	
3.245495	253.249894	253.186188	253.712406	253.67488	
3.255735	253.323194	253.256001	253.785706	253.75342	
3.265805	253.395844	253.325814	253.858357	253.823233	
3.275957	253.469722	253.404354	253.932234	253.901773	
3.286104	253.54418	253.474167	254.006692	253.971586	
3.296385	253.620305	253.54398	254.082817	254.050126	
3.306865	253.698523	253.62252	254.161036	254.119939	
3.316704	253.772549	253.70106	254.235062	254.198479	
3.326986	253.850517	253.770873	254.31303	254.277019	
3.336909	253.926311	253.840686	254.388824	254.355559	
3.347036	254.004324	253.927953	254.466837	254.434098	
3.357215	254.0834	254.006493	254.545913	254.503912	
3.367367	254.162861	254.085033	254.625373	254.591178	
3.377494	254.242709	254.154846	254.705221	254.669718	
3.38764	254.323372	254.242112	254.785885	254.748258	
3.397833	254.404986	254.320652	254.867498	254.826797	
3.408387	254.49022	254.399192	254.952732	254.914064	
3.418499	254.572502	254.486458	255.035014	254.992604	
3.428259	254.6524	254.573725	255.114912	255.07987	
3.438412	254.736172	254.660991	255.198684	255.15841	
3.449236	254.826273	254.748258	255.288785	255.254403	
3.458695	254.905432	254.835524	255.367944	255.332943	
3.468883	254.991407	254.922791	255.453919	255.411483	
3.479049	255.077722	255.010057	255.540234	255.498749	
3.489156	255.164233	255.097323	255.626745	255.586016	
3.517335	255.411677	255.332943	255.874189	255.812908	
3.522293	255.454959	255.394029	255.917471	255.873995	
3.5324	255.544092	255.481296	256.006605	255.969988	
3.542615	255.634754	255.568562	256.097266	256.057255	
3.552716	255.725039	255.664555	256.187552	256.144521	
3.562837	255.816118	255.760549	256.278631	256.240514	
3.573068	255.908846	255.847815	256.371359	256.336507	
3.583205	256.0013	255.935082	256.463812	256.423774	
3.593374	256.094657	256.031075	256.557169	256.519767	
3.603508	256.188327	256.127068	256.650839	256.61576	
3.613667	256.282885	256.214334	256.745397	256.711753	
3.623939	256.379103	256.310327	256.841615	256.807746	
3.633984	256.473756	256.40632	256.936268	256.903739	
3.644131	256.570009	256.502314	257.032522	256.999732	
3.654235	256.666466	256.598307	257.128979	257.086999	
3.664371	256.763866	256.685573	257.226378	257.191719	
3.674596	256.86275	256.790293	257.325262	257.287712	
3.684722	256.961289	256.886286	257.423802	257.383705	
3.69491	257.061037	256.982279	257.523549	257.479698	
3.705086	257.161298	257.086999	257.62381	257.575691	
3.715216	257.265443	257.182992	257.727956	257.680411	
3.725882	257.368226	257.287712	257.830738	257.785131	
3.735956	257.469274	257.392431	257.931786	257.881124	
3.746106	257.571735	257.488425	258.034248	257.977117	
3.756239	257.674743	257.593144	258.137255	258.07311	
3.766693	257.781616	257.697864	258.244128	258.169103	
3.7766	257.883449	257.802584	258.345961	258.273823	
3.786697	257.987863	257.907304	258.450375	258.369816	
3.796825	258.093214	258.012023	258.555726	258.474536	
3.806996	258.199655	258.116743	258.662167	258.579255	
3.817168	258.306791	258.230189	258.769304	258.683975	
3.836875	258.517095	258.343636	258.979607	258.893415	
3.841506	258.566361	258.483262	259.028874	258.937048	
3.851665	258.675443	258.587982	259.137955	259.050494	
3.861774	258.78448	258.710155	259.246993	259.163941	
3.871973	258.895214	258.823601	259.357726	259.26866	
3.882099	259.005757	258.928321	259.46827	259.390833	
3.892271	259.115511	259.041768	259.578023	259.495553	
3.90244	259.224716	259.155214	259.687228	259.609	
3.912559	259.332706	259.26866	259.795218	259.731173	
3.922766	259.441058	259.382107	259.90357	259.844619	
3.933009	259.54917	259.495553	260.011683	259.958065	
3.943143	259.655434	259.600273	260.117947	260.080238	
3.953257	259.760998	259.704993	260.223511	260.193685	
3.963373	259.865906	259.827166	260.328418	260.307131	
3.973531	259.970668	259.931885	260.43318	260.429304	
3.983664	260.074566	260.036605	260.537078	260.542751	
3.993845	260.178352	260.141325	260.640864	260.64747	
4.004011	260.281353	260.246045	260.743866	260.769644	
4.014176	260.383764	260.350765	260.846277	260.874363	
4.024364	260.485743	260.446758	260.948255	260.98781	
4.034897	260.590588	260.542751	261.0531	261.101256	
4.044725	260.68778	260.64747	261.150292	261.197249	
4.054922	260.788026	260.75219	261.250538	261.301969	
4.065023	260.886728	260.848183	261.34924	261.397962	
4.075134	260.984943	260.944176	261.447455	261.493955	
4.085407	261.084122	261.04017	261.546634	261.589948	
4.095512	261.181023	261.136163	261.643535	261.685941	
4.105663	261.277784	261.240882	261.740296	261.781935	
4.115784	261.373655	261.328149	261.836167	261.869201	
4.125958	261.46948	261.432869	261.931992	261.956467	
4.137277	261.575174	261.537588	262.037687	262.061187	
4.147423	261.669394	261.633582	262.131906	262.148454	
4.157595	261.763224	261.729575	262.225737	262.23572	
4.167769	261.856462	261.816841	262.318974	262.322987	
4.178336	261.952666	261.921561	262.415179	262.410253	
4.188024	262.040278	262.008827	262.50279	262.497519	
4.198193	262.131652	262.096094	262.594165	262.584786	
4.208392	262.222681	262.192087	262.685193	262.672052	
4.21848	262.312131	262.279353	262.774643	262.759319	
4.228655	262.401737	262.375346	262.86425	262.846585	
4.240805	262.507828	262.480066	262.97034	262.951305	
4.250645	262.593148	262.567333	263.055661	263.038572	
4.260791	262.680568	262.645872	263.14308	263.125838	
4.271037	262.768235	262.733139	263.230747	263.221831	
4.281077	262.853517	262.820405	263.316029	263.309098	
4.291296	262.939741	262.907672	263.402253	263.396364	
4.301453	263.024818	262.986212	263.487331	263.483631	
4.31162	263.109378	263.073478	263.57189	263.570897	
4.321733	263.192878	263.160745	263.65539	263.649437	
4.332047	263.277413	263.248011	263.739925	263.736703	
4.343601	263.371328	263.335278	263.833841	263.832696	
4.353504	263.451174	263.422544	263.913686	263.911236	
4.373446	263.609203	263.579624	264.071715	264.077042	
4.378054	263.645755	263.61453	264.108267	264.111949	
4.388513	263.728016	263.701797	264.190528	264.199216	
4.398361	263.80488	263.780337	264.267392	264.269029	
4.408497	263.883379	263.858876	264.345891	264.347569	
4.418653	263.961416	263.946143	264.423929	264.426108	
4.428752	264.038433	264.024683	264.500945	264.504648	
4.43898	264.11585	264.103222	264.578362	264.583188	
4.45002	264.198636	264.173036	264.661148	264.661728	
4.468345	264.333697	264.312662	264.79621	264.801354	
4.472946	264.367589	264.347569	264.830101	264.836261	
4.48306	264.4415	264.417382	264.904012	264.906074	
4.493324	264.515868	264.495921	264.978381	264.975887	
4.50343	264.588488	264.565735	265.051001	265.0457	
4.513581	264.660846	264.635548	265.123358	265.12424	
4.523736	264.732604	264.705361	265.195116	265.194053	
4.533869	264.803624	264.775174	265.266137	265.263866	
4.546166	264.888848	264.844987	265.35136	265.342406	
4.55421	264.944269	264.923527	265.406781	265.412219	
4.564352	265.013514	264.984614	265.476027	265.482033	
4.574532	265.082409	265.0457	265.544921	265.551846	
4.58462	265.150119	265.115513	265.612631	265.612932	
4.594833	265.217998	265.185327	265.68051	265.682745	
4.604949	265.284674	265.25514	265.747186	265.752559	
4.615114	265.351057	265.316226	265.813569	265.813645	
4.625316	265.41707	265.377313	265.879582	265.883458	
4.635519	265.483501	265.447126	265.946013	265.953271	
4.64885	265.566807	265.508212	266.029319	266.014358	
4.655733	265.610127	265.569299	266.072639	266.075444	
4.66588	265.673406	265.639112	266.135918	266.145258	
4.676135	265.736889	265.708925	266.199402	266.206344	
4.686245	265.798457	265.770012	266.260969	266.267431	
4.696909	265.86297	265.831098	266.325482	266.337244	
4.70659	265.920986	265.892185	266.383498	266.39833	
4.716721	265.981097	265.953271	266.443609	266.459417	
4.726992	266.041421	266.014358	266.503934	266.520503	
4.737063	266.099977	266.075444	266.56249	266.58159	
4.747226	266.158489	266.127804	266.621001	266.642676	
4.757525	266.217163	266.197618	266.679675	266.703763	
4.767564	266.273695	266.249977	266.736208	266.756123	
4.77772	266.330341	266.302337	266.792854	266.817209	
4.787936	266.386693	266.363424	266.849205	266.869569	
4.798392	266.443748	266.42451	266.906261	266.930656	
4.808209	266.496719	266.47687	266.959231	266.983016	
4.818311	266.550666	266.52923	267.013178	267.035376	
4.828566	266.60482	266.58159	267.067333	267.096462	
4.838596	266.657164	266.63395	267.119676	267.148822	
4.848785	266.709777	266.68631	267.17229	267.201182	
4.859188	266.762821	266.73867	267.225333	267.253542	
4.86915	266.813053	266.782303	267.275565	267.305902	
4.887196	266.901702	266.869569	267.364214	267.401895	
4.891745	266.924102	266.895749	267.386614	267.419348	
4.901942	266.97358	266.948109	267.436092	267.471708	
4.912104	267.022253	266.991742	267.484766	267.524068	
4.922266	267.070492	267.035376	267.533005	267.567701	
4.932412	267.117768	267.087735	267.58028	267.611334	
4.942548	267.16452	267.140095	267.627032	267.663694	
4.953176	267.212882	267.192455	267.675394	267.707327	
4.9715	267.293928	267.270995	267.75644	267.785867	
4.976093	267.31427	267.297175	267.776782	267.812047	
4.986241	267.358509	267.340808	267.821021	267.85568	
4.996467	267.402478	267.384441	267.86499	267.899314	
5.006914	267.446761	267.428075	267.909273	267.942947	
5.016734	267.487827	267.471708	267.950339	267.977853	
5.026873	267.529626	267.524068	267.992138	268.021487	
5.037007	267.570824	267.558974	268.033336	268.06512	
5.047184	267.611583	267.602608	268.074095	268.108753	
5.05994	267.661671	267.646241	268.124183	268.152386	
5.067702	267.69188	267.681147	268.154392	268.187293	
5.077661	267.730001	267.724781	268.192513	268.222199	
5.08786	267.768439	267.759687	268.230952	268.265833	
5.097939	267.805841	267.80332	268.268353	268.309466	
5.108398	267.844031	267.838227	268.306543	268.344372	
5.118898	267.881752	267.873134	268.344264	268.388006	
5.128452	267.915499	267.90804	268.378011	268.422912	
5.138562	267.950665	267.942947	268.413177	268.457819	
5.148673	267.985223	267.977853	268.447736	268.501452	
5.158947	268.019726	268.004033	268.482238	268.536359	
5.169091	268.053205	268.03894	268.515717	268.571265	
5.179304	268.086309	268.073846	268.548821	268.606172	
5.189486	268.118707	268.100026	268.581219	268.641078	
5.199547	268.150156	268.134933	268.612668	268.675985	
5.209912	268.181919	268.161113	268.644432	268.710892	
5.220045	268.212392	268.187293	268.674904	268.745798	
5.230222	268.2424	268.222199	268.704912	268.780705	
5.240463	268.271993	268.248379	268.734506	268.815611	
5.250561	268.300593	268.274559	268.763105	268.850518	
5.260732	268.328808	268.309466	268.79132	268.876698	
5.271035	268.356774	268.335646	268.819286	268.902878	
5.281084	268.383478	268.361826	268.845991	268.920331	
5.291191	268.409757	268.388006	268.872269	268.946511	
5.30136	268.435597	268.414186	268.898109	268.955238	
5.311474	268.460728	268.449092	268.92324	268.972691	
5.321646	268.485395	268.466546	268.947908	268.990144	
5.331968	268.509837	268.501452	268.97235	269.007598	
5.341979	268.532964	268.518905	268.995476	269.025051	
5.352103	268.555772	268.545085	269.018284	269.033778	
5.362266	268.578083	268.571265	269.040596	269.059957	
5.372487	268.599936	268.597445	269.062448	269.077411	
5.382675	268.621125	268.614899	269.083637	269.094864	
5.392822	268.641646	268.641078	269.104158	269.112317	
5.402969	268.66159	268.658532	269.124103	269.129771	
5.413098	268.680921	268.684712	269.143434	269.155951	
5.423285	268.69978	268.702165	269.162293	269.173404	
5.433405	268.717944	268.728345	269.180456	269.199584	
5.443546	268.735567	268.745798	269.19808	269.217037	
5.453768	268.752753	268.763252	269.215265	269.23449	
5.464217	268.769973	268.780705	269.232486	269.26067	
5.47535	268.78705	268.798158	269.249563	269.28685	
5.485449	268.802257	268.806885	269.264769	269.304304	
5.495541	268.816875	268.815611	269.279388	269.330484	
5.505732	268.831073	268.833065	269.293585	269.347937	
5.515828	268.844587	268.850518	269.3071	269.36539	
5.526031	268.85766	268.859245	269.320173	269.374117	
5.536179	268.870109	268.867971	269.332621	269.39157	
5.546323	268.881998	268.885425	269.344511	269.400297	
5.556463	268.893327	268.894151	269.355839	269.400297	
5.566919	268.904409	268.902878	269.366921	269.409023	
5.578584	268.916011	268.920331	269.378523	269.409023	
5.588395	268.925297	268.929058	269.387809	269.409023	
5.598469	268.934299	268.946511	269.396811	269.409023	
5.608688	268.942881	268.955238	269.405393	269.409023	
5.618855	268.95139	268.963964	269.413903	269.409023	
5.628969	268.958308	268.972691	269.42082	269.409023	
5.639168	268.96527	268.981418	269.427782	269.409023	
5.657137	268.975552	268.990144	269.438064	269.426477	
5.661719	268.978229	268.990144	269.440741	269.426477	
5.671873	268.983528	268.998871	269.44604	269.435203	
5.682102	268.988372	268.998871	269.450884	269.44393	
5.692236	268.992703	268.998871	269.455216	269.44393	
5.702395	268.996558	268.990144	269.45907	269.461383	
5.712562	268.999971	268.990144	269.462484	269.47011	
5.722675	269.002935	268.998871	269.465447	269.478837	
5.732873	269.005497	268.998871	269.468009	269.487563	
5.743034	269.00765	268.998871	269.470163	269.49629	
5.753169	269.009426	268.998871	269.471938	269.49629	
5.763319	269.014851	268.998871	269.477363	269.49629	
5.773543	269.014851	269.007598	269.477363	269.49629	
5.785414	269.014851	269.007598	269.477363	269.487563	
5.795749	269.014851	269.007598	269.477363	269.487563	
5.805765	269.014851	268.998871	269.477363	269.478837	
5.816002	269.014851	268.998871	269.477363	269.478837	
5.825932	269.014851	268.998871	269.477363	269.478837	
5.836116	269.014851	268.998871	269.477363	269.478837	
5.846287	269.014851	268.998871	269.477363	269.478837	
5.856524	269.014851	268.998871	269.477363	269.478837	
5.866656	269.014851	268.998871	269.477363	269.478837	
5.877118	269.014851	268.998871	269.477363	269.478837	
5.886968	269.014851	268.998871	269.477363	269.478837	
5.89705	269.014851	268.998871	269.477363	269.478837	
5.907608	269.014851	268.998871	269.477363	269.478837	
5.917356	269.014851	268.998871	269.477363	269.478837	
5.927519	269.014851	268.998871	269.477363	269.478837	
5.937641	269.014851	268.998871	269.477363	269.478837	
5.947867	269.014851	268.998871	269.477363	269.478837	
5.957992	269.014851	268.998871	269.477363	269.478837	
5.968203	269.014851	268.998871	269.477363	269.478837	
5.978223	269.014851	268.998871	269.477363	269.478837	
5.988431	269.014851	268.998871	269.477363	269.478837	
5.998573	269.014851	268.998871	269.477363	269.478837	
6.008666	269.014851	268.998871	269.477363	269.478837	
6.018846	269.014851	268.998871	269.477363	269.478837	
6.028988	269.014851	268.998871	269.477363	269.478837	
6.039191	269.014851	268.998871	269.477363	269.478837	
6.05722	269.014851	268.998871	269.477363	269.478837	
6.061858	269.014851	268.998871	269.477363	269.478837	
6.07198	269.014851	268.998871	269.477363	269.478837	
6.082082	269.014851	268.998871	269.477363	269.478837	
6.092233	269.014851	268.998871	269.477363	269.478837	
6.10242	269.014851	268.998871	269.477363	269.478837	
6.11258	269.014851	268.998871	269.477363	269.478837	
6.123187	269.014851	268.998871	269.477363	269.478837	
6.13285	269.014851	268.998871	269.477363	269.478837	
6.143062	269.014851	268.998871	269.477363	269.478837	
6.153138	269.014851	268.998871	269.477363	269.478837	
6.163299	269.014851	268.998871	269.477363	269.478837	
6.173498	269.014851	268.998871	269.477363	269.478837	
6.183632	269.014851	268.998871	269.477363	269.478837	
6.19376	269.014851	268.998871	269.477363	269.478837	
6.203925	269.014851	268.998871	269.477363	269.478837	
6.214075	269.014851	268.998871	269.477363	269.478837	
6.224259	269.014851	268.998871	269.477363	269.478837	
6.234374	269.014851	268.998871	269.477363	269.478837	
6.244522	269.014851	268.998871	269.477363	269.478837	
6.254708	269.014851	268.998871	269.477363	269.478837	
6.264848	269.014851	268.998871	269.477363	269.478837	
6.275277	269.014851	268.998871	269.477363	269.478837	
6.285145	269.014851	268.998871	269.477363	269.478837	
6.295352	269.014851	268.998871	269.477363	269.478837	
6.305474	269.014851	268.998871	269.477363	269.478837	
6.315672	269.014851	268.998871	269.477363	269.478837	
6.32581	269.014851	268.998871	269.477363	269.478837	
6.335892	269.014851	268.998871	269.477363	269.478837	
6.346074	269.014851	268.998871	269.477363	269.478837	
6.356516	269.014851	268.998871	269.477363	269.478837	
6.375359	269.014851	268.998871	269.477363	269.478837	
6.379937	269.014851	268.998871	269.477363	269.478837	
6.390107	269.014851	268.998871	269.477363	269.478837	
6.400256	269.014851	268.998871	269.477363	269.478837	
6.410436	269.014851	268.998871	269.477363	269.478837	
6.420621	269.014851	268.998871	269.477363	269.478837	
6.430833	269.014851	268.998871	269.477363	269.478837	
6.440922	269.014851	268.998871	269.477363	269.478837	
6.451533	269.014851	268.998871	269.477363	269.478837	
6.461236	269.014851	268.998871	269.477363	269.478837	
6.474836	269.014851	268.998871	269.477363	269.478837	
6.482055	269.014851	268.998871	269.477363	269.478837	
6.492186	269.014851	268.998871	269.477363	269.478837	
6.502377	269.014851	268.998871	269.477363	269.478837	
6.512619	269.014851	268.998871	269.477363	269.478837	
6.522728	269.014851	268.998871	269.477363	269.478837	
6.532895	269.014851	268.998871	269.477363	269.478837	
6.543111	269.014851	268.998871	269.477363	269.478837	
6.553208	269.014851	268.998871	269.477363	269.478837	
6.563354	269.014851	268.998871	269.477363	269.478837	
6.573657	269.014851	268.998871	269.477363	269.478837	
6.583694	269.014851	268.998871	269.477363	269.478837	
6.593877	269.014851	268.998871	269.477363	269.478837	
6.604011	269.014851	268.998871	269.477363	269.478837	
6.614185	269.014851	268.998871	269.477363	269.478837	
6.624405	269.014851	268.998871	269.477363	269.478837	
6.634462	269.014851	268.998871	269.477363	269.478837	
6.644636	269.014851	268.998871	269.477363	269.478837	
6.654749	269.014851	268.998871	269.477363	269.478837	
6.664917	269.014851	268.998871	269.477363	269.478837	
6.675132	269.014851	268.998871	269.477363	269.478837	
6.685595	269.014851	268.998871	269.477363	269.478837	
6.695472	269.014851	268.998871	269.477363	269.478837	
6.705608	269.014851	268.998871	269.477363	269.478837	
6.715773	269.014851	268.998871	269.477363	269.478837	
6.725948	269.014851	268.998871	269.477363	269.478837	
6.736014	269.014851	268.998871	269.477363	269.478837	
6.746215	269.014851	268.998871	269.477363	269.478837	
6.756436	269.014851	268.998871	269.477363	269.478837	
6.766512	269.014851	268.998871	269.477363	269.478837	
6.77679	269.014851	268.998871	269.477363	269.478837	
6.786818	269.014851	268.998871	269.477363	269.478837	
6.796989	269.014851	268.998871	269.477363	269.478837	
6.807166	269.014851	268.998871	269.477363	269.478837	
6.817266	269.014851	268.998871	269.477363	269.478837	
6.8274	269.014851	268.998871	269.477363	269.478837	
6.837637	269.014851	268.998871	269.477363	269.478837	
6.847985	269.014851	268.998871	269.477363	269.478837	
6.857938	269.014851	268.998871	269.477363	269.478837	
6.868048	269.014851	268.998871	269.477363	269.478837	
6.878185	269.014851	268.998871	269.477363	269.478837	
6.888799	269.014851	268.998871	269.477363	269.478837	
6.898475	269.014851	268.998871	269.477363	269.478837	
6.909037	269.014851	268.998871	269.477363	269.478837	
6.918883	269.014851	268.998871	269.477363	269.478837	
6.928922	269.014851	268.998871	269.477363	269.478837	
6.939119	269.014851	268.998871	269.477363	269.478837	
6.949308	269.014851	268.998871	269.477363	269.478837	
6.959495	269.014851	268.998871	269.477363	269.478837	
6.969604	269.014851	268.998871	269.477363	269.478837	
6.97973	269.014851	268.998871	269.477363	269.478837	
6.989986	269.014851	268.998871	269.477363	269.478837	
7.000126	269.014851	268.998871	269.477363	269.478837	
7.010287	269.014851	268.998871	269.477363	269.478837	
7.020464	269.014851	268.998871	269.477363	269.478837	
7.030595	269.014851	268.998871	269.477363	269.478837	
7.040789	269.014851	268.998871	269.477363	269.478837	
7.050928	269.014851	268.998871	269.477363	269.478837	
7.061114	269.014851	268.998871	269.477363	269.478837	
7.071311	269.014851	268.998871	269.477363	269.478837	
7.08139	269.014851	268.998871	269.477363	269.478837	
7.091572	269.014851	268.998871	269.477363	269.478837	
7.101784	269.014851	268.998871	269.477363	269.478837	
7.111907	269.014851	268.998871	269.477363	269.478837	
7.122763	269.014851	268.998871	269.477363	269.478837	
7.132158	269.014851	268.998871	269.477363	269.478837	
7.142317	269.014851	268.998871	269.477363	269.478837	
7.160368	269.014851	268.998871	269.477363	269.478837	
7.16496	269.014851	268.998871	269.477363	269.478837	
7.175189	269.014851	268.998871	269.477363	269.478837	
7.185311	269.014851	268.998871	269.477363	269.478837	
7.195446	269.014851	268.998871	269.477363	269.478837	
7.20563	269.014851	268.998871	269.477363	269.478837	
7.215758	269.014851	268.998871	269.477363	269.478837	
7.225847	269.014851	268.998871	269.477363	269.478837	
7.236053	269.014851	268.998871	269.477363	269.478837	
7.246216	269.014851	268.998871	269.477363	269.478837	
7.256408	269.014851	268.998871	269.477363	269.478837	
7.266535	269.014851	268.998871	269.477363	269.478837	
7.27701	269.014851	268.998871	269.477363	269.478837	
7.286806	269.014851	268.998871	269.477363	269.478837	
7.296935	269.014851	268.998871	269.477363	269.478837	
7.307083	269.014851	268.998871	269.477363	269.478837	
7.317229	269.014851	268.998871	269.477363	269.478837	
7.327417	269.014851	268.998871	269.477363	269.478837	
7.337549	269.014851	268.998871	269.477363	269.478837	
7.34768	269.014851	268.998871	269.477363	269.478837	
7.357934	269.014851	268.998871	269.477363	269.478837	
7.36802	269.014851	268.998871	269.477363	269.478837	
7.378164	269.014851	268.998871	269.477363	269.478837	
7.388296	269.014851	268.998871	269.477363	269.478837	
7.398443	269.014851	268.998871	269.477363	269.478837	
7.408633	269.014851	268.998871	269.477363	269.478837	
7.418797	269.014851	268.998871	269.477363	269.478837	
7.428909	269.014851	268.998871	269.477363	269.478837	
7.439129	269.014851	268.998871	269.477363	269.478837	
7.449248	269.014851	268.998871	269.477363	269.478837	
7.459449	269.014851	268.998871	269.477363	269.478837	
7.472262	269.014851	268.998871	269.477363	269.478837	
7.480045	269.014851	268.998871	269.477363	269.478837	
7.490154	269.014851	268.998871	269.477363	269.478837	
7.500323	269.014851	268.998871	269.477363	269.478837	
7.510494	269.014851	268.998871	269.477363	269.478837	
7.520711	269.014851	268.998871	269.477363	269.478837	
7.530832	269.014851	268.998871	269.477363	269.478837	
7.541018	269.014851	268.998871	269.477363	269.478837	
7.55123	269.014851	268.998871	269.477363	269.478837	
7.561317	269.014851	268.998871	269.477363	269.478837	
7.5715	269.014851	268.998871	269.477363	269.478837	
7.581716	269.014851	268.998871	269.477363	269.478837	
7.59183	269.014851	268.998871	269.477363	269.478837	
7.60196	269.014851	268.998871	269.477363	269.478837	
7.612113	269.014851	268.998871	269.477363	269.478837	
7.62266	269.014851	268.998871	269.477363	269.478837	
7.632543	269.014851	268.998871	269.477363	269.478837	
7.6426	269.014851	268.998871	269.477363	269.478837	
7.65271	269.014851	268.998871	269.477363	269.478837	
7.662899	269.014851	268.998871	269.477363	269.478837	
7.673059	269.014851	268.998871	269.477363	269.478837	
7.683215	269.014851	268.998871	269.477363	269.478837	
7.693361	269.014851	268.998871	269.477363	269.478837	
7.703527	269.014851	268.998871	269.477363	269.478837	
7.713662	269.014851	268.998871	269.477363	269.478837	
7.723826	269.014851	268.998871	269.477363	269.478837	
7.734018	269.014851	268.998871	269.477363	269.478837	
7.744182	269.014851	268.998871	269.477363	269.478837	
7.754304	269.014851	268.998871	269.477363	269.478837	
7.764485	269.014851	268.998871	269.477363	269.478837	
7.7746	269.014851	268.998871	269.477363	269.478837	
7.784757	269.014851	268.998871	269.477363	269.478837	
7.794975	269.014851	268.998871	269.477363	269.478837	
7.805105	269.014851	268.998871	269.477363	269.478837	
7.815314	269.014851	268.998871	269.477363	269.478837	
7.82542	269.014851	268.998871	269.477363	269.478837	
7.835744	269.014851	268.998871	269.477363	269.478837	
7.84579	269.014851	268.998871	269.477363	269.478837	
7.855896	269.014851	268.998871	269.477363	269.478837	
7.86604	269.014851	268.998871	269.477363	269.478837	
7.876177	269.014851	268.998871	269.477363	269.478837	
7.886293	269.014851	268.998871	269.477363	269.478837	
7.896534	269.014851	268.998871	269.477363	269.478837	
7.90668	269.014851	268.998871	269.477363	269.478837	
7.9168	269.014851	268.998871	269.477363	269.478837	
7.926962	269.014851	268.998871	269.477363	269.478837	
7.9372	269.014851	268.998871	269.477363	269.478837	
7.947225	269.014851	268.998871	269.477363	269.478837	
7.957404	269.014851	268.998871	269.477363	269.478837	
7.967574	269.014851	268.998871	269.477363	269.478837	
7.977677	269.014851	268.998871	269.477363	269.478837	
7.987909	269.014851	268.998871	269.477363	269.478837	
7.998081	269.014851	268.998871	269.477363	269.478837	
8.008171	269.014851	268.998871	269.477363	269.478837	
8.018314	269.014851	268.998871	269.477363	269.478837	
8.02845	269.014851	268.998871	269.477363	269.478837	
8.038622	269.014851	268.998871	269.477363	269.478837	
8.048786	269.014851	268.998871	269.477363	269.478837	
8.059337	269.014851	268.998871	269.477363	269.478837	
8.069107	269.014851	268.998871	269.477363	269.478837	
8.079308	269.014851	268.998871	269.477363	269.478837	
8.089431	269.014851	268.998871	269.477363	269.478837	
8.099607	269.014851	268.998871	269.477363	269.478837	
8.109806	269.014851	268.998871	269.477363	269.478837	
8.119914	269.014851	268.998871	269.477363	269.478837	
8.130088	269.014851	268.998871	269.477363	269.478837	
8.14021	269.014851	268.998871	269.477363	269.478837	
8.150327	269.014851	268.998871	269.477363	269.478837	
8.160541	269.014851	268.998871	269.477363	269.478837	
8.170662	269.014851	268.998871	269.477363	269.478837	
8.180814	269.014851	268.998871	269.477363	269.478837	
8.191031	269.014851	268.998871	269.477363	269.478837	
8.201139	269.014851	268.998871	269.477363	269.478837	
8.211328	269.014851	268.998871	269.477363	269.478837	
8.221482	269.014851	268.998871	269.477363	269.478837	
8.231657	269.014851	268.998871	269.477363	269.478837	
8.241793	269.014851	268.998871	269.477363	269.478837	
8.25197	269.014851	268.998871	269.477363	269.478837	
8.262129	269.014851	268.998871	269.477363	269.478837	
8.272292	269.014851	268.998871	269.477363	269.478837	
8.282428	269.014851	268.998871	269.477363	269.478837	
8.292589	269.014851	268.998871	269.477363	269.478837	
8.302764	269.014851	268.998871	269.477363	269.478837	
8.31291	269.014851	268.998871	269.477363	269.478837	
8.323054	269.014851	268.998871	269.477363	269.478837	
8.33318	269.014851	268.998871	269.477363	269.478837	
8.343435	269.014851	268.998871	269.477363	269.478837	
8.353499	269.014851	268.998871	269.477363	269.478837	
8.363815	269.014851	268.998871	269.477363	269.478837	
8.374002	269.014851	268.998871	269.477363	269.478837	
8.384126	269.014851	268.998871	269.477363	269.478837	
8.394273	269.014851	268.998871	269.477363	269.478837	
8.40443	269.014851	268.998871	269.477363	269.478837	
8.422748	269.014851	268.998871	269.477363	269.478837	
8.427348	269.014851	268.998871	269.477363	269.478837	
8.437481	269.014851	268.998871	269.477363	269.478837	
8.447631	269.014851	268.998871	269.477363	269.478837	
8.458633	269.014851	268.998871	269.477363	269.478837	
8.468424	269.014851	268.998871	269.477363	269.478837	
8.478645	269.014851	268.998871	269.477363	269.478837	
8.488778	269.014851	268.998871	269.477363	269.478837	
8.498876	269.014851	268.998871	269.477363	269.478837	
8.509093	269.014851	268.998871	269.477363	269.478837	
8.519482	269.014851	268.998871	269.477363	269.478837	
8.529409	269.014851	268.998871	269.477363	269.478837	
8.53948	269.014851	268.998871	269.477363	269.478837	
8.549709	269.014851	268.998871	269.477363	269.478837	
8.559836	269.014851	268.998871	269.477363	269.478837	
8.569992	269.014851	268.998871	269.477363	269.478837	
8.580136	269.014851	268.998871	269.477363	269.478837	
8.590306	269.014851	268.998871	269.477363	269.478837	
8.600459	269.014851	268.998871	269.477363	269.478837	
8.610619	269.014851	268.998871	269.477363	269.478837	
8.62077	269.014851	268.998871	269.477363	269.478837	
8.650382	269.014851	268.998871	269.477363	269.478837	
8.662963	269.014851	268.998871	269.477363	269.478837	
8.680551	269.014851	268.998871	269.477363	269.478837	
