0.04756905	
0.05768163	
0.06782622	
0.07926375	
0.08813438	
0.09826597	
0.1083946	
0.1187491	
0.1289537	
0.1389753	
0.1491909	
0.1593215	
0.169459	
0.1795666	
0.1997858	
0.2042046	
0.2143332	
0.2244728	
0.2346564	
0.244831	
0.2549645	
0.2651241	
0.2752757	
0.2854343	
0.2957139	
0.3057095	
0.315867	
0.3338433	
0.3382181	
0.3484037	
0.3585333	
0.3686699	
0.3788405	
0.389217	
0.3991786	
0.4093542	
0.4195228	
0.4298694	
0.4404769	
0.4502715	
0.4604131	
0.4705577	
0.4806723	
0.4908369	
0.5011864	
0.511137	
0.5213316	
0.5315072	
0.5416458	
0.5518444	
0.5619559	
0.5720065	
0.5835171	
0.5936106	
0.6039172	
0.6139408	
0.6242664	
0.634221	
0.6444046	
0.6545001	
0.6646437	
0.6748183	
0.6850509	
0.6951535	
0.7053681	
0.7155436	
0.7258902	
0.7357598	
0.7459374	
0.756153	
0.7662786	
0.7764671	
0.7866387	
0.7975373	
0.8068919	
0.8170545	
0.8271911	
0.8373426	
0.8474772	
0.8576668	
0.8677924	
0.877953	
0.8880946	
0.8982131	
0.9084247	
0.9187843	
0.9286879	
0.9387865	
0.9492221	
0.9591596	
0.9692842	
0.9794808	
0.9895844	
0.999699	
1.009928	
1.020035	
1.030222	
1.040296	
1.050559	
1.060729	
1.070839	
1.081355	
1.091078	
1.101325	
1.111452	
1.121567	
1.13169	
1.141848	
1.151939	
1.162197	
1.172271	
1.182398	
1.202467	
1.206872	
1.217016	
1.227214	
1.237368	
1.24747	
1.257658	
1.267781	
1.277969	
1.288123	
1.298275	
1.308359	
1.31848	
1.328912	
1.339138	
1.34927	
1.359406	
1.369552	
1.3797	
1.389877	
1.399983	
1.410158	
1.420255	
1.433741	351.284057	351.282419	351.650576	351.648938	
1.44066	351.285047	351.282419	351.651566	351.648938	
1.450777	351.287207	351.282419	351.653726	351.648938	
1.460947	351.29	351.282419	351.65652	351.648938	
1.471084	351.2934	351.282419	351.65992	351.648938	
1.481281	351.297447	351.282419	351.663966	351.648938	
1.491507	351.302132	351.291145	351.668651	351.657664	
1.501564	351.30734	351.291145	351.67386	351.666391	
1.511676	351.313192	351.291145	351.679711	351.666391	
1.522149	351.319952	351.299872	351.686471	351.675118	
1.533432	351.327976	351.299872	351.694495	351.683844	
1.542282	351.33469	351.299872	351.701209	351.683844	
1.552336	351.342954	351.299872	351.709473	351.683844	
1.562477	351.351917	351.299872	351.718436	351.692571	
1.572667	351.361549	351.308598	351.728068	351.701298	
1.591867	351.38243	351.326052	351.748949	351.718751	
1.596454	351.387335	351.326052	351.753854	351.718751	
1.606611	351.399002	351.334778	351.765521	351.718751	
1.616746	351.411258	351.352232	351.777777	351.727478	
1.627006	351.424305	351.369685	351.790824	351.736204	
1.637891	351.43888	351.378412	351.8054	351.753657	
1.648042	351.453065	351.395865	351.819584	351.762384	
1.658217	351.467894	351.413318	351.834413	351.771111	
1.668339	351.483267	351.430772	351.849786	351.788564	
1.678597	351.499491	351.448225	351.86601	351.806017	
1.688652	351.515979	351.474405	351.882498	351.823471	
1.698863	351.533373	351.491858	351.899892	351.840924	
1.709029	351.551286	351.509311	351.917806	351.858377	
1.719136	351.56972	351.526765	351.936239	351.884557	
1.729269	351.588821	351.552945	351.95534	351.90201	
1.739783	351.609318	351.579125	351.975838	351.92819	
1.749632	351.629059	351.596578	351.995579	351.95437	
1.75978	351.650042	351.622758	352.016561	351.98055	
1.769938	351.671666	351.648938	352.038185	352.00673	
1.780388	351.694579	351.666391	352.061098	352.03291	
1.790294	351.716865	351.692571	352.083384	352.067817	
1.800982	351.741632	351.718751	352.108152	352.102723	
1.8105	351.764176	351.736204	352.130695	352.120177	
1.820697	351.788993	351.771111	352.155512	352.155083	
1.830828	351.814263	351.788564	352.180783	352.181263	
1.841044	351.840383	351.814744	352.206902	352.207443	
1.851143	351.866772	351.840924	352.233291	352.233623	
1.861399	351.894236	351.87583	352.260755	352.259803	
1.871455	351.921761	351.893284	352.28828	352.29471	
1.88241	351.952513	351.919464	352.319032	352.312163	
1.891767	351.979238	351.95437	352.345758	352.347069	
1.901908	352.008845	351.98055	352.375364	352.373249	
1.912053	352.039086	352.00673	352.405605	352.399429	
1.922175	352.069882	352.03291	352.436401	352.425609	
1.932347	352.101447	352.067817	352.467966	352.451789	
1.942569	352.133831	352.102723	352.50035	352.486696	
1.952744	352.166611	352.120177	352.53313	352.512876	
1.962905	352.20001	352.155083	352.56653	352.547782	
1.973007	352.233817	352.18999	352.600336	352.573962	
1.983415	352.269306	352.224896	352.635826	352.608869	
1.993642	352.304811	352.259803	352.671331	352.635049	
2.003787	352.340625	352.29471	352.707145	352.669955	
2.01394	352.377123	352.329616	352.743642	352.704862	
2.024066	352.414093	352.364523	352.780612	352.739768	
2.034286	352.45207	352.399429	352.818589	352.774675	
2.044457	352.490489	352.434336	352.857008	352.818308	
2.054566	352.529238	352.477969	352.895757	352.853215	
2.064775	352.569046	352.521602	352.935565	352.896848	
2.074954	352.609358	352.556509	352.975877	352.940481	
2.085975	352.653748	352.608869	353.020267	352.975388	
2.09608	352.695017	352.643775	353.061537	353.027748	
2.106223	352.737187	352.696135	353.103706	353.062654	
2.116351	352.779681	352.731042	353.1462	353.115014	
2.126536	352.823136	352.783402	353.189655	353.149921	
2.136643	352.866886	352.827035	353.233405	353.202281	
2.146936	352.912113	352.870668	353.278632	353.245914	
2.157087	352.957296	352.923028	353.323815	353.289547	
2.167178	353.002797	352.957935	353.369316	353.341907	
2.177361	353.049384	353.010295	353.415903	353.394267	
2.18752	353.096452	353.045201	353.462972	353.4379	
2.197682	353.144168	353.097561	353.510688	353.49026	
2.207784	353.192199	353.132468	353.558718	353.533893	
2.21793	353.241062	353.184827	353.607581	353.586253	
2.228081	353.290587	353.228461	353.657106	353.629886	
2.238289	353.340998	353.280821	353.707517	353.682246	
2.248892	353.394072	353.324454	353.760591	353.734606	
2.258956	353.445	353.376814	353.811519	353.778239	
2.269169	353.497338	353.429174	353.863857	353.830599	
2.27931	353.549911	353.481533	353.91643	353.882959	
2.289395	353.602818	353.533893	353.969338	353.935319	
2.300242	353.660481	353.586253	354.027	353.987679	
2.309684	353.711088	353.638613	354.077607	354.040039	
2.319908	353.766579	353.6997	354.133098	354.092399	
2.329976	353.821848	353.752059	354.188367	354.144759	
2.340421	353.879848	353.804419	354.246367	354.197118	
2.35044	353.936072	353.865506	354.302591	354.258205	
2.360526	353.993262	353.917866	354.359781	354.310565	
2.370661	354.051358	353.978952	354.417877	354.371651	
2.381045	354.111566	354.040039	354.478085	354.432738	
2.390995	354.16984	354.101125	354.53636	354.485098	
2.401108	354.229634	354.162212	354.596153	354.546184	
2.420372	354.34637	354.223298	354.712889	354.668357	
2.42498	354.374164	354.301838	354.740683	354.694537	
2.435093	354.436061	354.371651	354.80258	354.755624	
2.446728	354.508182	354.441464	354.874701	354.81671	
2.455482	354.562749	354.502551	354.929268	354.886523	
2.465606	354.62653	354.572364	354.993049	354.94761	
2.475809	354.691467	354.633451	355.057986	355.017423	
2.485938	354.75656	354.703264	355.123079	355.07851	
2.496114	354.822789	354.773077	355.189308	355.148323	
2.506264	354.889199	354.834164	355.255718	355.209409	
2.51646	354.956386	354.903977	355.322905	355.279223	
2.526587	355.023897	354.97379	355.390416	355.349036	
2.536721	355.09207	355.043603	355.458589	355.418849	
2.54836	355.171339	355.113416	355.537858	355.488662	
2.557105	355.231178	355.183229	355.597697	355.558475	
2.567199	355.300934	355.253043	355.667453	355.628288	
2.577344	355.371668	355.331582	355.738187	355.698102	
2.587588	355.44376	355.401396	355.810279	355.776641	
2.597671	355.515268	355.471209	355.881787	355.846455	
2.607804	355.587776	355.541022	355.954296	355.916268	
2.617929	355.660828	355.619562	356.027347	355.994808	
2.62814	355.735187	355.689375	356.101706	356.064621	
2.638327	355.809898	355.767915	356.176417	356.134434	
2.649931	355.895992	355.837728	356.262511	356.212974	
2.65886	355.962566	355.907541	356.329085	356.291514	
2.668827	356.037486	355.986081	356.404005	356.361327	
2.679178	356.11604	356.064621	356.482559	356.43114	
2.689223	356.192808	356.134434	356.559327	356.50968	
2.699259	356.270158	356.212974	356.636677	356.588219	
2.709381	356.34871	356.291514	356.715229	356.658033	
2.719516	356.428042	356.361327	356.794561	356.745299	
2.729697	356.508334	356.448593	356.874853	356.815112	
2.739797	356.58862	356.527133	356.955139	356.893652	
2.751449	356.682127	356.605673	357.048646	356.972192	
2.760148	356.752248	356.692939	357.118767	357.059458	
2.770289	356.834956	356.780206	357.201475	357.137998	
2.78044	356.917829	356.850019	357.284348	357.225265	
2.790578	357.001499	356.937285	357.368018	357.303804	
2.800945	357.087779	357.024552	357.454298	357.391071	
2.810849	357.170633	357.111818	357.537152	357.478337	
2.821036	357.256605	357.199085	357.623124	357.565604	
2.831148	357.342471	357.286351	357.70899	357.65287	
2.841344	357.429737	357.373618	357.796256	357.740137	
2.85313	357.531516	357.460884	357.898035	357.827403	
2.86166	357.605488	357.548151	357.972007	357.91467	
2.871763	357.693764	357.644144	358.060284	358.001936	
2.881898	357.78292	357.73141	358.149439	358.089203	
2.892048	357.872924	357.827403	358.239443	358.176469	
2.902313	357.964511	357.91467	358.33103	358.272462	
2.912396	358.055052	358.001936	358.421571	358.359729	
2.922528	358.146722	358.097929	358.513241	358.455722	
2.932772	358.239957	358.185196	358.606476	358.542988	
2.942838	358.332237	358.281189	358.698756	358.630255	
2.954682	358.441775	358.368455	358.808295	358.726248	
2.963376	358.522433	358.455722	358.888952	358.813514	
2.973465	358.616751	358.551715	358.98327	358.909507	
2.983627	358.712354	358.647708	359.078873	358.996774	
2.993995	358.810604	358.734974	359.177124	359.101494	
3.003943	358.905409	358.830968	359.271928	359.18876	
3.014145	359.003316	358.926961	359.369835	359.284753	
3.024254	359.100873	359.014227	359.467392	359.380746	
3.034446	359.199905	359.118947	359.566424	359.476739	
3.044581	359.299008	359.206213	359.665527	359.572732	
3.056159	359.413123	359.310933	359.779642	359.677452	
3.067294	359.523564	359.3982	359.890083	359.799625	
3.075037	359.600522	359.502919	359.967042	359.878165	
3.086405	359.714616	359.607639	360.081135	359.991612	
3.095309	359.804281	359.703632	360.1708	360.078878	
3.105492	359.907577	359.808352	360.274097	360.183598	
3.1157	360.011723	359.913072	360.378242	360.279591	
3.12583	360.115664	360.017791	360.482184	360.384311	
3.135931	360.219961	360.122511	360.58648	360.48903	
3.146064	360.325206	360.227231	360.691725	360.59375	
3.157664	360.446596	360.331951	360.813116	360.69847	
3.166813	360.542681	360.445397	360.9092	360.811916	
3.176934	360.649643	360.550117	361.016163	360.925363	
3.187112	360.757874	360.654837	361.124393	361.030082	
3.207513	360.977938	360.881729	361.344457	361.248249	
3.212117	361.027425	360.934089	361.393944	361.300608	
3.222382	361.138745	361.038809	361.505264	361.414055	
3.232452	361.248553	361.152255	361.615072	361.527501	
3.242557	361.357525	361.265702	361.724044	361.640948	
3.261899	361.56344	361.475141	361.929959	361.859114	
3.266548	361.612949	361.527501	361.979468	361.911474	
3.276734	361.720709	361.649674	362.087228	362.02492	
3.286846	361.827097	361.763121	362.193616	362.147093	
3.296965	361.932977	361.876567	362.299496	362.26054	
3.30714	362.038862	361.990014	362.405381	362.373986	
3.317278	362.143696	362.10346	362.510215	362.487432	
3.327427	362.248089	362.216906	362.614608	362.600879	
3.337538	362.351449	362.321626	362.717968	362.714325	
3.347706	362.454812	362.435072	362.821331	362.819045	
3.359271	362.57162	362.539792	362.938139	362.932491	
3.36836	362.662869	362.644512	363.029388	363.045938	
3.378294	362.762032	362.749232	363.128552	363.150657	
3.388587	362.864215	362.853951	363.230734	363.255377	
3.398755	362.964454	362.958671	363.330973	363.360097	
3.409099	363.066893	363.054664	363.433412	363.464817	
3.419059	363.162906	363.150657	363.529425	363.569536	
3.429218	363.261334	363.255377	363.627853	363.66553	
3.439366	363.358972	363.342644	363.725491	363.761523	
3.449523	363.456148	363.447363	363.822667	363.857516	
3.460754	363.562884	363.53463	363.929404	363.944782	
3.469912	363.649347	363.630623	364.015867	364.040775	
3.480012	363.74413	363.726616	364.11065	364.128042	
3.490174	363.838887	363.813883	364.205406	364.215308	
3.500272	363.932485	363.901149	364.299004	364.302575	
3.510668	364.028209	363.997142	364.394728	364.389841	
3.521033	364.122981	364.093135	364.4895	364.477108	
3.531168	364.21508	364.180402	364.581599	364.564374	
3.541398	364.30737	364.267668	364.673889	364.642914	
3.55144	364.397403	364.354935	364.763922	364.73018	
3.563423	364.504007	364.450928	364.870527	364.80872	
3.571837	364.578475	364.538194	364.944994	364.895987	
3.581913	364.666972	364.634187	365.033491	364.974527	
3.592064	364.755583	364.721454	365.122102	365.061793	
3.602419	364.845363	364.80872	365.211882	365.149059	
3.612376	364.931029	364.895987	365.297548	365.227599	
3.622558	365.018067	364.983253	365.384586	365.314866	
3.6329	365.105849	365.07052	365.472368	365.402132	
3.642895	365.190084	365.149059	365.556603	365.498125	
3.65301	365.274735	365.227599	365.641254	365.585392	
3.664824	365.372785	365.323592	365.739304	365.681385	
3.673589	365.44508	365.402132	365.811599	365.768651	
3.683792	365.528621	365.489399	365.89514	365.855918	
3.693916	365.61094	365.576665	365.977459	365.951911	
3.704035	365.692586	365.646478	366.059105	366.039177	
3.714243	365.774645	365.733745	366.141164	366.126444	
3.724402	365.855137	365.821011	366.221656	366.21371	
3.734588	365.935488	365.899551	366.302007	366.300977	
3.744724	366.014882	365.978091	366.381401	366.379517	
3.754839	366.093481	366.056631	366.46	366.466783	
3.766486	366.183254	366.13517	366.549773	366.55405	
3.775404	366.251475	366.222437	366.617994	366.632589	
3.785334	366.326836	366.29225	366.693355	366.711129	
3.795561	366.403891	366.37079	366.77041	366.789669	
3.805683	366.47955	366.44933	366.846069	366.868209	
3.815798	366.554527	366.519143	366.921046	366.938022	
3.825926	366.629029	366.597683	366.995548	367.007835	
3.836067	366.703016	366.676223	367.069535	367.086375	
3.846329	366.777279	366.746036	367.143798	367.156188	
3.856388	366.849466	366.815849	367.215985	367.226001	
3.868029	366.932215	366.885662	367.298734	367.295814	
3.876746	366.993744	366.955475	367.360263	367.365628	
3.886885	367.064691	367.025288	367.43121	367.435441	
3.897041	367.135146	367.095102	367.501666	367.505254	
3.907156	367.204733	367.164915	367.571253	367.56634	
3.917357	367.2743	367.234728	367.64082	367.636154	
3.92748	367.342725	367.304541	367.709244	367.705967	
3.937633	367.410774	367.374354	367.777294	367.77578	
3.947989	367.479557	367.435441	367.846076	367.845593	
3.957949	367.545096	367.505254	367.911615	367.90668	
3.969535	367.620576	367.575067	367.987095	367.976493	
3.978657	367.679925	367.64488	368.046444	368.046306	
3.988685	367.744016	367.705967	368.110535	368.107393	
3.998837	367.808097	367.77578	368.174616	368.177206	
4.009117	367.873154	367.845593	368.239673	368.238292	
4.019143	367.935106	367.915406	368.301625	368.308105	
4.029232	367.997289	367.985219	368.363808	368.369192	
4.039432	368.059569	368.046306	368.426088	368.439005	
4.049735	368.121861	368.107393	368.48838	368.500092	
4.06035	368.185383	368.177206	368.551902	368.561178	
4.071232	368.249802	368.229566	368.616322	368.630991	
4.080209	368.302504	368.299379	368.669023	368.683351	
4.090381	368.361588	368.351739	368.728107	368.753164	
4.100459	368.419503	368.412825	368.786022	368.814251	
4.110622	368.477341	368.473912	368.84386	368.875337	
4.12078	368.534566	368.526272	368.901085	368.927697	
4.130926	368.591078	368.578631	368.957598	368.988784	
4.141125	368.647306	368.639718	369.013826	369.041144	
4.151295	368.702762	368.692078	369.069281	369.10223	
4.161454	368.757567	368.744438	369.124086	369.15459	
4.172884	368.818451	368.796798	369.18497	369.20695	
4.189926	368.907211	368.892791	369.27373	369.302943	
4.194532	368.931218	368.918971	369.297737	369.329123	
4.204702	368.983521	368.962604	369.35004	369.381483	
4.214831	369.034997	369.014964	369.401516	369.425116	
4.225199	369.087116	369.067324	369.453635	369.477476	
4.235156	369.136537	369.119684	369.503056	369.529836	
4.245338	369.186466	369.172043	369.552985	369.582196	
4.255476	369.235613	369.224403	369.602132	369.625829	
4.265624	369.284195	369.268036	369.650714	369.678189	
4.277203	369.338835	369.329123	369.705354	369.730549	
4.287323	369.38601	369.372756	369.752529	369.774182	
4.297462	369.432685	369.416389	369.799204	369.826542	
4.307663	369.479066	369.468749	369.845586	369.870175	
4.317733	369.524206	369.512383	369.890726	369.913808	
4.327909	369.569263	369.556016	369.935782	369.957442	
4.338012	369.613394	369.608376	369.979913	370.009801	
4.348255	369.657528	369.652009	370.024047	370.044708	
4.358457	369.700885	369.695642	370.067404	370.097068	
4.368527	369.743102	369.730549	370.109621	370.140701	
4.379097	369.786776	369.774182	370.153296	370.184334	
4.388967	369.826973	369.817815	370.193492	370.219241	
4.399055	369.867467	369.852722	370.233986	370.262874	
4.409428	369.909653	369.896355	370.276173	370.306507	
4.428651	369.981927	369.974895	370.348446	370.376321	
4.433335	369.999857	369.992348	370.366376	370.393774	
4.443528	370.038165	370.035981	370.404684	370.42868	
4.453654	370.075631	370.079615	370.442151	370.463587	
4.463772	370.112472	370.114521	370.478991	370.498494	
4.473974	370.149031	370.149428	370.51555	370.5334	
4.485664	370.190098	370.184334	370.556617	370.577033	
4.495766	370.225001	370.219241	370.59152	370.61194	
4.505913	370.2595	370.254148	370.626019	370.646847	
4.516046	370.293356	370.289054	370.659875	370.673027	
4.526255	370.326868	370.323961	370.693387	370.707933	
4.536399	370.359566	370.358867	370.726085	370.74284	
4.54655	370.391715	370.393774	370.758234	370.777746	
4.55674	370.423384	370.42868	370.789903	370.803926	
4.566831	370.454157	370.45486	370.820676	370.838833	
4.577451	370.485913	370.489767	370.852433	370.865013	
4.588173	370.517283	370.515947	370.883802	370.899919	
4.597359	370.543705	370.550853	370.910224	370.926099	
4.607441	370.572125	370.568307	370.938644	370.952279	
4.617575	370.60009	370.603213	370.966609	370.987186	
4.627823	370.627785	370.620667	370.994304	371.013366	
4.637905	370.654429	370.646847	371.020948	371.039546	
4.648095	370.68079	370.673027	371.047309	371.065726	
4.658235	370.706422	370.699206	371.072941	371.091906	
4.668357	370.731442	370.725386	371.097962	371.118085	
4.680264	370.760021	370.74284	371.12654	371.144265	
4.688781	370.780118	370.76902	371.146638	371.170445	
4.698924	370.803432	370.7952	371.169951	371.196625	
4.709133	370.826295	370.812653	371.192814	371.222805	
4.719221	370.848336	370.830106	371.214855	371.248985	
4.729361	370.869884	370.856286	371.236404	371.266438	
4.739545	370.890965	370.873739	371.257484	371.292618	
4.749669	370.911333	370.899919	371.277852	371.318798	
4.75977	370.931089	370.917373	371.297608	371.336252	
4.7704	370.951237	370.934826	371.317756	371.353705	
4.781554	370.971667	370.952279	371.338187	371.379885	
4.790277	370.987268	370.969733	371.353787	371.406065	
4.800447	371.004844	370.987186	371.371363	371.423518	
4.810565	371.021769	371.004639	371.388288	371.440971	
4.820697	371.038148	371.022092	371.404668	371.449698	
4.830818	371.053934	371.030819	371.420453	371.467151	
4.840973	371.069216	371.048272	371.435735	371.475878	
4.851139	371.083935	371.056999	371.450454	371.475878	
4.861375	371.098186	371.074452	371.464705	371.484605	
4.871861	371.112179	371.091906	371.478698	371.493331	
4.882981	371.126328	371.100632	371.492847	371.493331	
4.891814	371.13719	371.118085	371.503709	371.502058	
4.901888	371.148992	371.126812	371.515511	371.510785	
4.912045	371.160342	371.144265	371.526861	371.519511	
4.922151	371.17109	371.144265	371.53761	371.528238	
4.932357	371.181391	371.161719	371.54791	371.536965	
4.942568	371.191137	371.161719	371.557656	371.545691	
4.952643	371.200221	371.179172	371.56674	371.545691	
4.970653	371.214397	371.187899	371.580916	371.563144	
4.975225	371.218047	371.187899	371.584566	371.571871	
4.986287	371.226084	371.196625	371.592603	371.580598	
4.995675	371.232495	371.196625	371.599014	371.580598	
5.005777	371.238867	371.214079	371.605386	371.598051	
5.015918	371.24476	371.214079	371.611279	371.606778	
5.026032	371.250141	371.222805	371.616661	371.615504	
5.036231	371.255074	371.231532	371.621593	371.624231	
5.046437	371.259519	371.231532	371.626038	371.632958	
5.056583	371.26347	371.240259	371.629989	371.641684	
5.066711	371.26696	371.248985	371.633479	371.650411	
5.076854	371.270013	371.248985	371.636532	371.659138	
5.088804	371.272974	371.257712	371.639493	371.659138	
5.097155	371.274838	371.266438	371.641357	371.659138	
5.107289	371.276684	371.266438	371.643204	371.659138	
5.117438	371.282419	371.266438	371.648938	371.650411	
5.127581	371.282419	371.266438	371.648938	371.650411	
5.137734	371.282419	371.275165	371.648938	371.641684	
5.147947	371.282419	371.275165	371.648938	371.641684	
5.158073	371.282419	371.275165	371.648938	371.632958	
5.168213	371.282419	371.266438	371.648938	371.632958	
5.178579	371.282419	371.266438	371.648938	371.632958	
5.189888	371.282419	371.266438	371.648938	371.624231	
5.201243	371.282419	371.266438	371.648938	371.624231	
5.208796	371.282419	371.266438	371.648938	371.632958	
5.21896	371.282419	371.266438	371.648938	371.632958	
5.22924	371.282419	371.266438	371.648938	371.641684	
5.239261	371.282419	371.266438	371.648938	371.650411	
5.249406	371.282419	371.266438	371.648938	371.650411	
5.259643	371.282419	371.266438	371.648938	371.650411	
5.269725	371.282419	371.266438	371.648938	371.650411	
5.280331	371.282419	371.266438	371.648938	371.659138	
5.29006	371.282419	371.266438	371.648938	371.659138	
5.300197	371.282419	371.266438	371.648938	371.659138	
5.310367	371.282419	371.266438	371.648938	371.659138	
5.320459	371.282419	371.266438	371.648938	371.650411	
5.330613	371.282419	371.266438	371.648938	371.650411	
5.340786	371.282419	371.266438	371.648938	371.650411	
5.350972	371.282419	371.266438	371.648938	371.650411	
5.361117	371.282419	371.266438	371.648938	371.650411	
5.371318	371.282419	371.266438	371.648938	371.650411	
5.381454	371.282419	371.266438	371.648938	371.650411	
5.391539	371.282419	371.266438	371.648938	371.650411	
5.402009	371.282419	371.266438	371.648938	371.650411	
5.411911	371.282419	371.266438	371.648938	371.650411	
5.422008	371.282419	371.266438	371.648938	371.650411	
5.432152	371.282419	371.266438	371.648938	371.650411	
5.442308	371.282419	371.266438	371.648938	371.650411	
5.452454	371.282419	371.266438	371.648938	371.650411	
5.462684	371.282419	371.266438	371.648938	371.650411	
5.480672	371.282419	371.266438	371.648938	371.650411	
5.485293	371.282419	371.266438	371.648938	371.650411	
5.49541	371.282419	371.266438	371.648938	371.650411	
5.505582	371.282419	371.266438	371.648938	371.650411	
5.51594	371.282419	371.266438	371.648938	371.650411	
5.525899	371.282419	371.266438	371.648938	371.650411	
5.536051	371.282419	371.266438	371.648938	371.650411	
5.546209	371.282419	371.266438	371.648938	371.650411	
5.556401	371.282419	371.266438	371.648938	371.650411	
5.566643	371.282419	371.266438	371.648938	371.650411	
5.576723	371.282419	371.266438	371.648938	371.650411	
5.586872	371.282419	371.266438	371.648938	371.650411	
5.604968	371.282419	371.266438	371.648938	371.650411	
5.609571	371.282419	371.266438	371.648938	371.650411	
5.619746	371.282419	371.266438	371.648938	371.650411	
5.629955	371.282419	371.266438	371.648938	371.650411	
5.640418	371.282419	371.266438	371.648938	371.650411	
5.650195	371.282419	371.266438	371.648938	371.650411	
5.660681	371.282419	371.266438	371.648938	371.650411	
5.678485	371.282419	371.266438	371.648938	371.650411	
5.683279	371.282419	371.266438	371.648938	371.650411	
5.693506	371.282419	371.266438	371.648938	371.650411	
5.703619	371.282419	371.266438	371.648938	371.650411	
5.713766	371.282419	371.266438	371.648938	371.650411	
5.723991	371.282419	371.266438	371.648938	371.650411	
5.734105	371.282419	371.266438	371.648938	371.650411	
5.744267	371.282419	371.266438	371.648938	371.650411	
5.754436	371.282419	371.266438	371.648938	371.650411	
5.76461	371.282419	371.266438	371.648938	371.650411	
5.774781	371.282419	371.266438	371.648938	371.650411	
5.784982	371.282419	371.266438	371.648938	371.650411	
5.795116	371.282419	371.266438	371.648938	371.650411	
5.806006	371.282419	371.266438	371.648938	371.650411	
5.815389	371.282419	371.266438	371.648938	371.650411	
5.825533	371.282419	371.266438	371.648938	371.650411	
5.835755	371.282419	371.266438	371.648938	371.650411	
5.84587	371.282419	371.266438	371.648938	371.650411	
5.85601	371.282419	371.266438	371.648938	371.650411	
5.866199	371.282419	371.266438	371.648938	371.650411	
5.876324	371.282419	371.266438	371.648938	371.650411	
5.886515	371.282419	371.266438	371.648938	371.650411	
5.896679	371.282419	371.266438	371.648938	371.650411	
5.906847	371.282419	371.266438	371.648938	371.650411	
5.917012	371.282419	371.266438	371.648938	371.650411	
5.927152	371.282419	371.266438	371.648938	371.650411	
5.937314	371.282419	371.266438	371.648938	371.650411	
5.947482	371.282419	371.266438	371.648938	371.650411	
5.957644	371.282419	371.266438	371.648938	371.650411	
5.967781	371.282419	371.266438	371.648938	371.650411	
5.977961	371.282419	371.266438	371.648938	371.650411	
5.988125	371.282419	371.266438	371.648938	371.650411	
5.998284	371.282419	371.266438	371.648938	371.650411	
6.008436	371.282419	371.266438	371.648938	371.650411	
6.018558	371.282419	371.266438	371.648938	371.650411	
6.028759	371.282419	371.266438	371.648938	371.650411	
6.038899	371.282419	371.266438	371.648938	371.650411	
6.049165	371.282419	371.266438	371.648938	371.650411	
6.059208	371.282419	371.266438	371.648938	371.650411	
6.069632	371.282419	371.266438	371.648938	371.650411	
6.079524	371.282419	371.266438	371.648938	371.650411	
6.097664	371.282419	371.266438	371.648938	371.650411	
6.102263	371.282419	371.266438	371.648938	371.650411	
6.112403	371.282419	371.266438	371.648938	371.650411	
6.122559	371.282419	371.266438	371.648938	371.650411	
6.133235	371.282419	371.266438	371.648938	371.650411	
6.142958	371.282419	371.266438	371.648938	371.650411	
6.153121	371.282419	371.266438	371.648938	371.650411	
6.163272	371.282419	371.266438	371.648938	371.650411	
6.173435	371.282419	371.266438	371.648938	371.650411	
6.183609	371.282419	371.266438	371.648938	371.650411	
6.193758	371.282419	371.266438	371.648938	371.650411	
6.213986	371.282419	371.266438	371.648938	371.650411	
6.218587	371.282419	371.266438	371.648938	371.650411	
6.228802	371.282419	371.266438	371.648938	371.650411	
6.238876	371.282419	371.266438	371.648938	371.650411	
6.249041	371.282419	371.266438	371.648938	371.650411	
6.259225	371.282419	371.266438	371.648938	371.650411	
6.2694	371.282419	371.266438	371.648938	371.650411	
6.279521	371.282419	371.266438	371.648938	371.650411	
6.289667	371.282419	371.266438	371.648938	371.650411	
6.299886	371.282419	371.266438	371.648938	371.650411	
6.309991	371.282419	371.266438	371.648938	371.650411	
6.320189	371.282419	371.266438	371.648938	371.650411	
6.330226	371.282419	371.266438	371.648938	371.650411	
6.340375	371.282419	371.266438	371.648938	371.650411	
6.350577	371.282419	371.266438	371.648938	371.650411	
6.360688	371.282419	371.266438	371.648938	371.650411	
6.370816	371.282419	371.266438	371.648938	371.650411	
6.380954	371.282419	371.266438	371.648938	371.650411	
6.399174	371.282419	371.266438	371.648938	371.650411	
6.403824	371.282419	371.266438	371.648938	371.650411	
6.424079	371.282419	371.266438	371.648938	371.650411	
6.428743	371.282419	371.266438	371.648938	371.650411	
6.438861	371.282419	371.266438	371.648938	371.650411	
6.449009	371.282419	371.266438	371.648938	371.650411	
6.459197	371.282419	371.266438	371.648938	371.650411	
6.483255	371.282419	371.266438	371.648938	371.650411	
