0.03446553	
0.03905134	
0.0492469	
0.05931648	
0.06950004	
0.07972461	
0.08979818	
0.09992375	
0.1101423	
0.1202639	
0.1308074	
0.140936	
0.1511006	
0.1612741	
0.1714227	
0.1817553	
0.1917928	
0.2018664	
0.212008	
0.2239565	
0.234013	
0.2441376	
0.2543352	
0.2644897	
0.2746203	
0.2850129	
0.2949124	
0.305136	
0.3152266	
0.3253422	
0.3355427	
0.3456713	
0.3558049	
0.3659224	
0.376167	
0.3862266	
0.3963761	
0.4065837	
0.4166553	
0.4268538	
0.4369594	
0.447163	
0.4573695	
0.4674661	
0.4775967	
0.4877932	
0.4979638	
0.5080664	
0.5183009	
0.5284165	
0.5385261	
0.5494376	
0.5588002	
0.5689128	
0.5790324	
0.5892279	
0.5997205	
0.6095301	
0.6196726	
0.6298352	
0.6400008	
0.6501483	
0.6602489	
0.6704675	
0.680592	
0.6906946	
0.7024971	
0.7111807	
0.7230002	
0.7312949	
0.7414245	
0.751579	
0.7617406	
0.7718882	
0.7820417	
0.7921763	
0.8023529	
0.8125744	
0.822737	
0.8328166	
0.8429621	
0.8531377	
0.8632993	
0.8734768	
0.8836214	
0.893715	
0.9039735	
0.9220918	
0.9265116	
0.9367691	
0.9467747	
0.9569673	
0.9670618	
0.9772224	
0.987322	
0.9974296	
1.00761	
1.017763	
1.027888	
1.038025	
1.048209	
1.066183	
1.070591	
1.080695	
1.090839	
1.100992	
1.111141	
1.121398	
1.131456	
1.141618	
1.151836	
1.161871	
1.172073	
1.182223	
1.192373	
1.20252	
1.212614	
1.224353	
1.232916	
1.243036	
1.253178	
1.263375	
1.273528	
1.283633	
1.293797	
1.303975	
1.314097	
1.324307	
1.334519	
1.344585	
1.354731	
1.364877	
1.375023	
1.38516	
1.39532	
1.405691	
1.415569	
1.42574	
1.43585	
1.446009	
1.456161	
1.466295	
1.476438	
1.486613	
1.506062	
1.510508	
1.5206	
1.530741	
1.541137	
1.551988	
1.561448	
1.571535	
1.581667	
1.591902	
1.601991	
1.612146	
1.622294	
1.63245	
1.642829	
1.652771	
1.662869	
1.673042	
1.683181	
1.693329	
1.703494	
1.713599	
1.724994	
1.73603	600.115075	600.11401	601.022646	601.021581	
1.748379	600.117332	600.11401	601.024903	601.021581	
1.765825	600.122406	600.11401	601.029977	601.021581	
1.770367	600.123698	600.11401	601.03127	601.021581	
1.780545	600.127391	600.11401	601.034962	601.021581	
1.790734	600.131712	600.11401	601.039284	601.021581	
1.800865	600.136623	600.122737	601.044194	601.021581	
1.811001	600.142149	600.131463	601.04972	601.021581	
1.821144	600.148299	600.131463	601.055871	601.021581	
1.831339	600.155109	600.131463	601.06268	601.030308	
1.841588	600.162585	600.14019	601.070156	601.039035	
1.851767	600.170626	600.14019	601.078197	601.039035	
1.861872	600.179222	600.148917	601.086793	601.047761	
1.872051	600.188501	600.148917	601.096072	601.056488	
1.882167	600.198337	600.157643	601.105909	601.073941	
1.892301	600.208807	600.16637	601.116378	601.082668	
1.902579	600.220067	600.175097	601.127639	601.091394	
1.912605	600.23165	600.183823	601.139221	601.108848	
1.922737	600.243966	600.201276	601.151538	601.126301	
1.932919	600.256967	600.210003	601.164538	601.143754	
1.943133	600.270644	600.21873	601.178215	601.161208	
1.953313	600.284885	600.236183	601.192456	601.178661	
1.963452	600.299688	600.253636	601.207259	601.196114	
1.97359	600.315111	600.27109	601.222682	601.204841	
1.983749	600.331186	600.288543	601.238757	601.222294	
1.993919	600.347892	600.305996	601.255464	601.231021	
2.004129	600.365291	600.32345	601.272862	601.248474	
2.014317	600.383278	600.349629	601.290849	601.265927	
2.024468	600.401813	600.375809	601.309384	601.283381	
2.034685	600.421259	600.393263	601.32883	601.300834	
2.044823	600.440859	600.419443	601.34843	601.327014	
2.054947	600.461197	600.445623	601.368768	601.344467	
2.065118	600.482262	600.463076	601.389833	601.370647	
2.075237	600.503808	600.489256	601.41138	601.396827	
2.085366	600.526087	600.515436	601.433658	601.41428	
2.095555	600.548964	600.532889	601.456535	601.44046	
2.105696	600.572429	600.550342	601.48	601.46664	
2.115827	600.596484	600.567796	601.504055	601.49282	
2.125934	600.621094	600.585249	601.528665	601.510273	
2.13619	600.64671	600.602702	601.554281	601.536453	
2.146305	600.672571	600.628882	601.580142	601.562633	
2.156407	600.699016	600.646335	601.606587	601.588813	
2.166653	600.726477	600.672515	601.634049	601.614993	
2.176787	600.754243	600.698695	601.661815	601.641173	
2.187366	600.783917	600.724875	601.691488	601.67608	
2.197064	600.811655	600.751055	601.719227	601.70226	
2.207227	600.841358	600.785962	601.748929	601.72844	
2.217412	600.871753	600.812142	601.779325	601.75462	
2.227509	600.902508	600.847048	601.810079	601.789526	
2.237657	600.934022	600.881955	601.841593	601.815706	
2.247911	600.966506	600.916861	601.874077	601.841886	
2.257987	600.999	600.951768	601.906571	601.876793	
2.268141	601.032417	600.995401	601.939988	601.911699	
2.278314	601.066467	601.039035	601.974038	601.946606	
2.28904	601.103098	601.073941	602.010669	601.981512	
2.299203	601.138411	601.108848	602.045983	602.016419	
2.309387	601.174534	601.152481	602.082105	602.060052	
2.319542	601.21095	601.187387	602.118521	602.094959	
2.329616	601.247779	601.231021	602.15535	602.138592	
2.340893	601.289883	601.265927	602.197454	602.173499	
2.350034	601.324371	601.300834	602.231943	602.217132	
2.360219	601.363472	601.33574	602.271043	602.260765	
2.370355	601.403018	601.370647	602.310589	602.304398	
2.380494	601.443185	601.405554	602.350756	602.339305	
2.390686	601.484207	601.449187	602.391778	602.382938	
2.40081	601.525551	601.484093	602.433123	602.417845	
2.41095	601.567588	601.527727	602.475159	602.461478	
2.421112	601.610322	601.562633	602.517893	602.505111	
2.431251	601.653585	601.606267	602.561156	602.548744	
2.442396	601.701981	601.6499	602.609552	602.592378	
2.451674	601.742639	601.684806	602.65021	602.627284	
2.461812	601.787742	601.737166	602.695314	602.670917	
2.472066	601.834006	601.780799	602.741577	602.714551	
2.482127	601.880014	601.824433	602.787585	602.758184	
2.49261	601.928633	601.868066	602.836205	602.801817	
2.502519	601.975136	601.920426	602.882707	602.84545	
2.512607	602.023099	601.964059	602.93067	602.889084	
2.522737	602.071869	602.016419	602.97944	602.941443	
2.532859	602.121234	602.068779	603.028805	602.985077	
2.543907	602.175939	602.121139	603.08351	603.037437	
2.553943	602.226122	602.173499	603.133693	603.089796	
2.563349	602.273646	602.225858	603.181217	603.142156	
2.573481	602.32553	602.278218	603.233101	603.194516	
2.583622	602.378088	602.330578	603.285659	603.246876	
2.593795	602.431407	602.382938	603.338979	603.299236	
2.603957	602.485299	602.435298	603.39287	603.360322	
2.61409	602.539652	602.487658	603.447224	603.412682	
2.624311	602.595118	602.540018	603.502689	603.465042	
2.63449	602.652254	602.592378	603.559826	603.526129	
2.645535	602.712391	602.653464	603.619962	603.578489	
2.654939	602.765079	602.714551	603.67265	603.639575	
2.664852	602.821225	602.76691	603.728796	603.691935	
2.675044	602.879606	602.81927	603.787177	603.753021	
2.685177	602.938304	602.880357	603.845876	603.814108	
2.695334	602.997744	602.941443	603.905315	603.875195	
2.705581	603.05832	603.011257	603.965891	603.927554	
2.715695	603.118748	603.063616	604.026319	603.988641	
2.727354	603.189294	603.115976	604.096865	604.058454	
2.735979	603.24179	603.185789	604.149362	604.110814	
2.746997	603.309769	603.246876	604.21734	604.171901	
2.756277	603.36739	603.307963	604.274961	604.232987	
2.766435	603.431176	603.377776	604.338747	604.294074	
2.776566	603.495382	603.430136	604.402953	604.35516	
2.786673	603.560035	603.499949	604.467606	604.424973	
2.805184	603.681056	603.561035	604.588628	604.547146	
2.809879	603.711646	603.639575	604.619218	604.573326	
2.820042	603.77872	603.709388	604.686291	604.643139	
2.830179	603.846231	603.779201	604.753802	604.704226	
2.840359	603.914665	603.849015	604.822236	604.774039	
2.851535	603.990618	603.918828	604.898189	604.843852	
2.860702	604.053313	603.988641	604.960884	604.913665	
2.8709	604.123696	604.058454	605.031267	604.983479	
2.881011	604.19413	604.128267	605.101702	605.053292	
2.891123	604.265157	604.19808	605.172728	605.123105	
2.901306	604.33735	604.267894	605.244921	605.192918	
2.911429	604.409738	604.337707	605.317309	605.262731	
2.921654	604.48342	604.40752	605.390991	605.341271	
2.931758	604.556875	604.477333	605.464446	605.411084	
2.941873	604.631031	604.547146	605.538602	605.489624	
2.953241	604.715266	604.625686	605.622838	605.568164	
2.962231	604.782139	604.704226	605.68971	605.62925	
2.972388	604.858465	604.774039	605.766036	605.70779	
2.982571	604.935647	604.843852	605.843218	605.78633	
2.992663	605.012641	604.922392	605.920212	605.86487	
3.002876	605.091288	605.000932	605.998859	605.94341	
3.013011	605.169864	605.079472	606.077435	606.02195	
3.023178	605.249387	605.158012	606.156958	606.100489	
3.033374	605.329722	605.236551	606.237293	606.187756	
3.043438	605.409604	605.315091	606.317176	606.257569	
3.055221	605.504191	605.402358	606.411762	606.353562	
3.063803	605.573212	605.489624	606.480783	606.432102	
3.073935	605.655531	605.559437	606.563102	606.510642	
3.084159	605.739203	605.646704	606.646774	606.597908	
3.094625	605.826154	605.73397	606.733725	606.676448	
3.104513	605.907681	605.821237	606.815252	606.772441	
3.114639	605.992382	605.908503	606.899954	606.850981	
3.124776	606.077827	605.99577	606.985398	606.938247	
3.134946	606.164145	606.074309	607.071716	607.025514	
3.145031	606.250418	606.161576	607.157989	607.11278	
3.15647	606.349117	606.248842	607.256688	607.208773	
3.165339	606.426218	606.336109	607.33379	607.287313	
3.175529	606.514864	606.423375	607.422435	607.37458	
3.185685	606.60418	606.510642	607.511751	607.461846	
3.196169	606.697078	606.606635	607.604649	607.549113	
3.206008	606.784753	606.693901	607.692324	607.636379	
3.216178	606.876063	606.781168	607.783634	607.723646	
3.228141	606.984419	606.868434	607.891991	607.828365	
3.236408	607.05953	606.964427	607.967102	607.906905	
3.246569	607.152594	607.06042	608.060166	608.002898	
3.25814	607.259481	607.156414	608.167052	608.107618	
3.266944	607.34111	607.252407	608.248681	608.177431	
3.277246	607.437385	607.339673	608.344956	608.282151	
3.28726	607.531524	607.444393	608.439095	608.369417	
3.297286	607.626379	607.531659	608.53395	608.46541	
3.307637	607.725011	607.636379	608.632582	608.561404	
3.317645	607.820917	607.723646	608.728489	608.657397	
3.327772	607.918593	607.819639	608.826164	608.762116	
3.337901	608.016894	607.924358	608.924465	608.85811	
3.34804	608.115928	608.020352	609.0235	608.954103	
3.35964	608.230191	608.116345	609.137762	609.067549	
3.368467	608.317388	608.212338	609.224959	609.154816	
3.378536	608.417569	608.317057	609.32514	609.259535	
3.388698	608.519288	608.421777	609.426859	609.355528	
3.398856	608.621626	608.526497	609.529197	609.451522	
3.409177	608.726261	608.62249	609.633832	609.556241	
3.419166	608.828078	608.72721	609.73565	609.660961	
3.429308	608.932046	608.83193	609.839618	609.756954	
3.43952	609.037443	608.936649	609.945014	609.861674	
3.449658	609.142628	609.041369	610.050199	609.957667	
3.461484	609.266736	609.146089	610.174307	610.07984	
3.470013	609.355814	609.250809	610.263385	610.167106	
3.480212	609.463461	609.355528	610.371032	610.271826	
3.490321	609.570831	609.468975	610.478403	610.376546	
3.501849	609.694185	609.573695	610.601756	610.498719	
3.510718	609.789405	609.678414	610.696976	610.594712	
3.520834	609.898702	609.791861	610.806273	610.708159	
3.531181	610.011145	609.905307	610.918716	610.812878	
3.541335	610.122081	610.018754	611.029652	610.926325	
3.552133	610.238836	610.1322	611.146407	611.039771	
3.562786	610.353184	610.23692	611.260755	611.161944	
3.57178	610.449282	610.350366	611.356853	611.266664	
3.581895	610.556753	610.463812	611.464324	611.38011	
3.592184	610.665418	610.577259	611.57299	611.493557	
3.602203	610.770685	610.690705	611.678256	611.598276	
3.612401	610.877219	610.795425	611.78479	611.72045	
3.622604	610.983146	610.900145	611.890717	611.833896	
3.632737	611.087769	611.013591	611.99534	611.947342	
3.64312	611.194355	611.127038	612.101926	612.060789	
3.653007	611.295184	611.231757	612.202755	612.174235	
3.664417	611.410891	611.336477	612.318463	612.296408	
3.673392	611.501353	611.441197	612.408924	612.392401	
3.683493	611.602552	611.545917	612.510123	612.497121	
3.693635	611.70359	611.64191	612.611162	612.610567	
3.703786	611.804136	611.746629	612.711707	612.706561	
3.713993	611.904567	611.842623	612.812138	612.81128	
3.726207	612.026648	611.947342	612.93422	612.907273	
3.744358	612.1988	612.139329	613.106371	613.09926	
3.748912	612.242711	612.182962	613.150283	613.142893	
3.759067	612.339955	612.278955	613.247526	613.238886	
3.769314	612.43749	612.366221	613.345062	613.326152	
3.779446	612.533195	612.462214	613.440766	613.413419	
3.789646	612.628998	612.558208	613.53657	613.509412	
3.799726	612.723076	612.645474	613.630647	613.596678	
3.809952	612.817873	612.750194	613.725444	613.683945	
3.820101	612.911393	612.83746	613.818965	613.771211	
3.830229	613.004067	612.924727	613.911638	613.867205	
3.840474	613.097222	613.02072	614.004794	613.954471	
3.85053	613.188038	613.116713	614.095609	614.041737	
3.860698	613.27925	613.203979	614.186821	614.146457	
3.870983	613.370942	613.299973	614.278513	614.233724	
3.881088	613.460334	613.395966	614.367905	614.32099	
3.891171	613.548999	613.483232	614.45657	614.416983	
3.901326	613.637632	613.570499	614.545203	614.512976	
3.911498	613.725834	613.657765	614.633405	614.600243	
3.921725	613.813866	613.753758	614.721437	614.696236	
3.931852	613.900442	613.841025	614.808013	614.792229	
3.942165	613.988039	613.937018	614.89561	614.879495	
3.952191	614.072521	614.024284	614.980092	614.966762	
3.962283	614.156979	614.111551	615.06455	615.054028	
3.980644	614.308249	614.26863	615.21582	615.211108	
3.985253	614.346232	614.303537	615.253803	615.246015	
3.995454	614.429612	614.390803	615.337184	615.333281	
4.005559	614.511831	614.460616	615.419402	615.411821	
4.016033	614.595934	614.547883	615.503505	615.490361	
4.025848	614.67435	614.635149	615.581921	615.568901	
4.03597	614.754668	614.713689	615.662239	615.64744	
4.046362	614.836481	614.792229	615.744052	615.72598	
4.056314	614.914234	614.870769	615.821805	615.795793	
4.067649	615.002048	614.949309	615.909619	615.874333	
4.076647	615.071237	615.027848	615.978808	615.944146	
4.086861	615.149199	615.106388	616.05677	616.022686	
4.096959	615.225662	615.184928	616.133233	616.092499	
4.107039	615.301396	615.263468	616.208967	616.171039	
4.117453	615.379267	615.333281	616.286838	616.240852	
4.127352	615.452178	615.403094	616.359749	616.310665	
4.137582	615.527202	615.481634	616.434773	616.380479	
4.147652	615.600422	615.560174	616.507994	616.459018	
4.1578	615.673642	615.629987	616.581214	616.528832	
4.169147	615.754731	615.6998	616.662302	616.607371	
4.178163	615.818674	615.769613	616.726246	616.685911	
4.188351	615.890287	615.848153	616.797858	616.764451	
4.198419	615.960517	615.917966	616.868088	616.834264	
4.208569	616.030687	615.98778	616.938258	616.912804	
4.218919	616.101594	616.057593	617.009165	616.991344	
4.230825	616.182318	616.136133	617.089889	617.07861	
4.240876	616.249843	616.205946	617.157415	617.148424	
4.251008	616.317372	616.275759	617.224943	617.218237	
4.261178	616.384509	616.345572	617.29208	617.28805	
4.272247	616.456889	616.415385	617.36446	617.357863	
4.281601	616.517515	616.485198	617.425086	617.427676	
4.29167	616.582185	616.546285	617.489756	617.497489	
4.301847	616.646935	616.607371	617.554506	617.558576	
4.312004	616.710938	616.677185	617.618509	617.619662	
4.322194	616.774573	616.746998	617.682144	617.680749	
4.332322	616.837212	616.799358	617.744784	617.741835	
4.342486	616.89944	616.869171	617.807012	617.794195	
4.352641	616.961018	616.921531	617.86859	617.855282	
4.362787	617.021942	616.991344	617.929513	617.916368	
4.373862	617.087714	617.043704	617.995285	617.968728	
4.383232	617.142849	617.10479	618.05042	618.029815	
4.393356	617.201807	617.165877	618.109379	618.082175	
4.403512	617.260334	617.218237	618.167905	618.143261	
4.413649	617.318175	617.270597	618.225746	618.195621	
4.423852	617.375778	617.322956	618.283349	618.256708	
4.433962	617.432242	617.384043	618.339813	618.309067	
4.44411	617.488317	617.436403	618.395888	618.370154	
4.45429	617.543947	617.497489	618.451519	618.422514	
4.46476	617.600553	617.549849	618.508124	618.4836	
4.475527	617.658047	617.602209	618.565618	618.544687	
4.486686	617.716899	617.663296	618.62447	618.605773	
4.496986	617.770589	617.715656	618.678161	618.66686	
4.50665	617.820439	617.776742	618.72801	618.71922	
4.52512	617.913276	617.829102	618.820848	618.82394	
4.529786	617.936757	617.890188	618.844329	618.85012	
4.539944	617.987173	617.951275	618.894744	618.911206	
4.550084	618.036912	618.003635	618.944483	618.963566	
4.560283	618.086319	618.055995	618.99389	619.015926	
4.570472	618.135056	618.108355	619.042627	619.068286	
4.58063	618.183055	618.160714	619.090627	619.111919	
4.590872	618.230835	618.213074	619.138407	619.164279	
4.601002	618.277491	618.265434	619.185062	619.207912	
4.611141	618.323564	618.317794	619.231136	619.251545	
4.621252	618.368954	618.361427	619.276525	619.295178	
4.631501	618.414326	618.405061	619.321898	619.338812	
4.649577	618.492023	618.474874	619.399594	619.417352	
4.654145	618.511713	618.492327	619.419284	619.434805	
4.664333	618.554864	618.53596	619.462435	619.469711	
4.674679	618.598387	618.579593	619.505958	619.504618	
4.684793	618.639701	618.6145	619.547272	619.548251	
4.694956	618.680917	618.649407	619.588488	619.591884	
4.705062	618.721324	618.684313	619.628895	619.626791	
4.715198	618.761256	618.71922	619.668827	619.661698	
4.725303	618.800468	618.754126	619.708039	619.696604	
4.735546	618.839609	618.79776	619.74718	619.740237	
4.745751	618.877996	618.841393	619.785568	619.775144	
4.755818	618.915258	618.876299	619.822829	619.818777	
4.765954	618.952205	618.911206	619.859776	619.853684	
4.776219	618.989003	618.954839	619.896574	619.897317	
4.786371	619.024808	618.989746	619.932379	619.932224	
4.796462	619.059767	619.033379	619.967339	619.975857	
4.806609	619.094354	619.068286	620.001925	620.010763	
4.816823	619.128562	619.103192	620.036133	620.04567	
4.827378	619.16326	619.138099	620.070831	620.089303	
4.837094	619.194665	619.173005	620.102236	620.12421	
4.847249	619.226892	619.207912	620.134464	620.167843	
4.857392	619.258482	619.242819	620.166053	620.20275	
4.867491	619.289334	619.277725	620.196905	620.237656	
4.877711	619.319974	619.312632	620.227545	620.263836	
4.887874	619.349846	619.347538	620.257418	620.290016	
4.897972	619.378911	619.382445	620.286482	620.324923	
4.908276	619.407993	619.399898	620.315565	620.351103	
4.926178	619.456247	619.452258	620.363819	620.394736	
4.930774	619.468687	619.469711	620.376258	620.394736	
4.94105	619.495733	619.487165	620.403304	620.420916	
4.951154	619.521762	619.513345	620.429333	620.438369	
4.961277	619.54724	619.539525	620.454811	620.464549	
4.971372	619.572059	619.556978	620.47963	620.482002	
4.983028	619.599924	619.574431	620.507495	620.499456	
4.991769	619.620425	619.591884	620.527996	620.525636	
5.001901	619.643575	619.618064	620.551146	620.551816	
5.012045	619.666163	619.635518	620.573734	620.569269	
5.022179	619.688158	619.652971	620.59573	620.595449	
5.032405	619.709757	619.670424	620.617329	620.612902	
5.042501	619.730496	619.696604	620.638067	620.639082	
5.052675	619.750817	619.714058	620.658389	620.656535	
5.062861	619.770575	619.731511	620.678146	620.682715	
5.072929	619.789537	619.748964	620.697108	620.708895	
5.084502	619.810537	619.766417	620.718108	620.726348	
5.093307	619.826137	619.792597	620.733708	620.743802	
5.103474	619.843534	619.810051	620.751105	620.769982	
5.121453	619.872105	619.844957	620.779676	620.804888	
5.126206	619.879708	619.853684	620.787279	620.813615	
5.136299	619.895142	619.871137	620.802713	620.831068	
5.146326	619.909912	619.88859	620.817484	620.848522	
5.15647	619.924288	619.906044	620.831859	620.857248	
5.16659	619.938074	619.923497	620.845645	620.874701	
5.186362	619.962338	619.94095	620.86991	620.892155	
5.191018	619.968119	619.96713	620.87569	620.900881	
5.201126	619.979985	619.975857	620.887557	620.909608	
5.21144	619.991519	619.99331	620.89909	620.909608	
5.221462	620.002192	620.010763	620.909763	620.918335	
5.233225	620.013934	620.01949	620.921505	620.918335	
5.24334	620.02353	620.028217	620.931101	620.935788	
5.253466	620.032602	620.036943	620.940173	620.935788	
5.263602	620.041147	620.04567	620.948718	620.944515	
5.273845	620.049237	620.04567	620.956808	620.953241	
5.283906	620.05667	620.054397	620.964241	620.953241	
5.294635	620.063996	620.054397	620.971568	620.961968	
5.304787	620.070422	620.063123	620.977993	620.970695	
5.314927	620.076335	620.063123	620.983906	620.979421	
5.325079	620.08175	620.063123	620.989321	620.988148	
5.33517	620.08665	620.063123	620.994221	620.988148	
5.345419	620.091124	620.063123	620.998695	621.005601	
5.355521	620.095069	620.063123	621.00264	621.014328	
5.365695	620.098589	620.063123	621.00616	621.014328	
5.375783	620.101622	620.063123	621.009194	621.023054	
5.386163	620.1043	620.063123	621.011871	621.023054	
5.396398	620.106531	620.063123	621.014102	621.023054	
5.406263	620.108328	620.063123	621.0159	621.023054	
5.416466	620.11401	620.063123	621.021581	621.023054	
5.426543	620.11401	620.063123	621.021581	621.023054	
5.436746	620.11401	620.07185	621.021581	621.014328	
5.447033	620.11401	620.07185	621.021581	621.014328	
5.457044	620.11401	620.07185	621.021581	621.014328	
5.467195	620.11401	620.080577	621.021581	621.014328	
5.477304	620.11401	620.080577	621.021581	621.014328	
5.4876	620.11401	620.080577	621.021581	621.014328	
5.497767	620.11401	620.080577	621.021581	621.014328	
5.516253	620.11401	620.080577	621.021581	621.014328	
5.520863	620.11401	620.080577	621.021581	621.014328	
5.530963	620.11401	620.080577	621.021581	621.014328	
5.541143	620.11401	620.080577	621.021581	621.014328	
5.551312	620.11401	620.080577	621.021581	621.014328	
5.561477	620.11401	620.080577	621.021581	621.014328	
5.571597	620.11401	620.080577	621.021581	621.014328	
5.581753	620.11401	620.080577	621.021581	621.014328	
5.592489	620.11401	620.080577	621.021581	621.014328	
5.602104	620.11401	620.080577	621.021581	621.014328	
5.612259	620.11401	620.080577	621.021581	621.014328	
5.622413	620.11401	620.080577	621.021581	621.014328	
5.632538	620.11401	620.080577	621.021581	621.014328	
5.642738	620.11401	620.080577	621.021581	621.014328	
5.652872	620.11401	620.080577	621.021581	621.014328	
5.663031	620.11401	620.080577	621.021581	621.014328	
5.673183	620.11401	620.080577	621.021581	621.014328	
5.68328	620.11401	620.080577	621.021581	621.014328	
5.694065	620.11401	620.080577	621.021581	621.014328	
5.703692	620.11401	620.080577	621.021581	621.014328	
5.713911	620.11401	620.080577	621.021581	621.014328	
5.72405	620.11401	620.080577	621.021581	621.014328	
5.744058	620.11401	620.080577	621.021581	621.014328	
5.748788	620.11401	620.080577	621.021581	621.014328	
5.758961	620.11401	620.080577	621.021581	621.014328	
5.769116	620.11401	620.080577	621.021581	621.014328	
5.77924	620.11401	620.080577	621.021581	621.014328	
5.789412	620.11401	620.080577	621.021581	621.014328	
5.799998	620.11401	620.080577	621.021581	621.014328	
5.809875	620.11401	620.080577	621.021581	621.014328	
5.819997	620.11401	620.080577	621.021581	621.014328	
5.830128	620.11401	620.080577	621.021581	621.014328	
5.840389	620.11401	620.080577	621.021581	621.014328	
5.85046	620.11401	620.080577	621.021581	621.014328	
5.860606	620.11401	620.080577	621.021581	621.014328	
5.870813	620.11401	620.080577	621.021581	621.014328	
5.880911	620.11401	620.080577	621.021581	621.014328	
5.891063	620.11401	620.080577	621.021581	621.014328	
5.901341	620.11401	620.080577	621.021581	621.014328	
5.911478	620.11401	620.080577	621.021581	621.014328	
5.921684	620.11401	620.080577	621.021581	621.014328	
5.93179	620.11401	620.080577	621.021581	621.014328	
5.942052	620.11401	620.080577	621.021581	621.014328	
5.952117	620.11401	620.080577	621.021581	621.014328	
5.962265	620.11401	620.080577	621.021581	621.014328	
5.972405	620.11401	620.080577	621.021581	621.014328	
5.982563	620.11401	620.080577	621.021581	621.014328	
5.992706	620.11401	620.080577	621.021581	621.014328	
6.011087	620.11401	620.080577	621.021581	621.014328	
6.015723	620.11401	620.080577	621.021581	621.014328	
6.026093	620.11401	620.080577	621.021581	621.014328	
6.036017	620.11401	620.080577	621.021581	621.014328	
6.046171	620.11401	620.080577	621.021581	621.014328	
6.056415	620.11401	620.080577	621.021581	621.014328	
6.066468	620.11401	620.080577	621.021581	621.014328	
6.076618	620.11401	620.080577	621.021581	621.014328	
6.086811	620.11401	620.080577	621.021581	621.014328	
6.098675	620.11401	620.080577	621.021581	621.014328	
6.107446	620.11401	620.080577	621.021581	621.014328	
6.117249	620.11401	620.080577	621.021581	621.014328	
6.12742	620.11401	620.080577	621.021581	621.014328	
6.137554	620.11401	620.080577	621.021581	621.014328	
6.147736	620.11401	620.080577	621.021581	621.014328	
6.157843	620.11401	620.080577	621.021581	621.014328	
6.168018	620.11401	620.080577	621.021581	621.014328	
6.178153	620.11401	620.080577	621.021581	621.014328	
6.188326	620.11401	620.080577	621.021581	621.014328	
6.200173	620.11401	620.080577	621.021581	621.014328	
6.209013	620.11401	620.080577	621.021581	621.014328	
6.219138	620.11401	620.080577	621.021581	621.014328	
6.230804	620.11401	620.080577	621.021581	621.014328	
6.24746	620.11401	620.080577	621.021581	621.014328	
6.252059	620.11401	620.080577	621.021581	621.014328	
6.262173	620.11401	620.080577	621.021581	621.014328	
6.272415	620.11401	620.080577	621.021581	621.014328	
6.282473	620.11401	620.080577	621.021581	621.014328	
6.292784	620.11401	620.080577	621.021581	621.014328	
6.304684	620.11401	620.080577	621.021581	621.014328	
6.313085	620.11401	620.080577	621.021581	621.014328	
6.32327	620.11401	620.080577	621.021581	621.014328	
6.333408	620.11401	620.080577	621.021581	621.014328	
6.343594	620.11401	620.080577	621.021581	621.014328	
6.353826	620.11401	620.080577	621.021581	621.014328	
6.363901	620.11401	620.080577	621.021581	621.014328	
6.374116	620.11401	620.080577	621.021581	621.014328	
6.38435	620.11401	620.080577	621.021581	621.014328	
6.394649	620.11401	620.080577	621.021581	621.014328	
6.406008	620.11401	620.080577	621.021581	621.014328	
6.41471	620.11401	620.080577	621.021581	621.014328	
6.424892	620.11401	620.080577	621.021581	621.014328	
6.435037	620.11401	620.080577	621.021581	621.014328	
6.445145	620.11401	620.080577	621.021581	621.014328	
6.455429	620.11401	620.080577	621.021581	621.014328	
6.465518	620.11401	620.080577	621.021581	621.014328	
6.4757	620.11401	620.080577	621.021581	621.014328	
6.485782	620.11401	620.080577	621.021581	621.014328	
6.496479	620.11401	620.080577	621.021581	621.014328	
6.508809	620.11401	620.080577	621.021581	621.014328	
6.51624	620.11401	620.080577	621.021581	621.014328	
6.526376	620.11401	620.080577	621.021581	621.014328	
6.536544	620.11401	620.080577	621.021581	621.014328	
6.546676	620.11401	620.080577	621.021581	621.014328	
6.55763	620.11401	620.080577	621.021581	621.014328	
6.567032	620.11401	620.080577	621.021581	621.014328	
6.577213	620.11401	620.080577	621.021581	621.014328	
6.587249	620.11401	620.080577	621.021581	621.014328	
6.597587	620.11401	620.080577	621.021581	621.014328	
6.609105	620.11401	620.080577	621.021581	621.014328	
6.625668	620.11401	620.080577	621.021581	621.014328	
6.630243	620.11401	620.080577	621.021581	621.014328	
6.640482	620.11401	620.080577	621.021581	621.014328	
6.650523	620.11401	620.080577	621.021581	621.014328	
6.660692	620.11401	620.080577	621.021581	621.014328	
6.670902	620.11401	620.080577	621.021581	621.014328	
6.681025	620.11401	620.080577	621.021581	621.014328	
6.691167	620.11401	620.080577	621.021581	621.014328	
6.7013	620.11401	620.080577	621.021581	621.014328	
6.720816	620.11401	620.080577	621.021581	621.014328	
6.725488	620.11401	620.080577	621.021581	621.014328	
6.735699	620.11401	620.080577	621.021581	621.014328	
6.745801	620.11401	620.080577	621.021581	621.014328	
6.756183	620.11401	620.080577	621.021581	621.014328	
6.766055	620.11401	620.080577	621.021581	621.014328	
6.776221	620.11401	620.080577	621.021581	621.014328	
6.786367	620.11401	620.080577	621.021581	621.014328	
6.796486	620.11401	620.080577	621.021581	621.014328	
6.806644	620.11401	620.080577	621.021581	621.014328	
6.817201	620.11401	620.080577	621.021581	621.014328	
6.827017	620.11401	620.080577	621.021581	621.014328	
6.837394	620.11401	620.080577	621.021581	621.014328	
6.847521	620.11401	620.080577	621.021581	621.014328	
6.857772	620.11401	620.080577	621.021581	621.014328	
6.86803	620.11401	620.080577	621.021581	621.014328	
6.888782	620.11401	620.080577	621.021581	621.014328	
6.898926	620.11401	620.080577	621.021581	621.014328	
